380.0 9.811912
382.0 9.81210542539
384.0 9.81238174738
386.0 9.81146988482
388.0 9.81163567801
390.0 9.811912
392.0 9.814318304
394.0 9.8157620864
396.0 9.8051743488
398.0 9.7864051776
400.0 9.811912
402.0 9.9067203776
404.0 10.0458047488
406.0 10.1766910912
408.0 10.2954297472
410.0 10.413488
412.0 10.5357282432
414.0 10.6569893696
416.0 10.769372064
418.0 10.8749009408
420.0 11.004692
422.0 11.1761038208
424.0 11.370782112
426.0 11.5461435904
428.0 11.7040469184
430.0 11.907056
432.0 12.1845609344
434.0 12.507470336
436.0 12.8166721024
438.0 13.109212288
440.0 13.410996
442.0 13.731449312
444.0 14.063270336
446.0 14.39799552
448.0 14.733301536
450.0 15.049772
452.0 15.336703008
454.0 15.6061592704
456.0 15.8862198656
458.0 16.1769843648
460.0 16.449992
462.0 16.6917674688
464.0 16.915653312
466.0 17.1485835392
468.0 17.3909896256
470.0 17.622028
472.0 17.8328368256
474.0 18.031016704
476.0 18.2299267712
478.0 18.4311601664
480.0 18.638484
482.0 18.8549185984
484.0 19.0776427776
486.0 19.2981597952
488.0 19.5171002688
490.0 19.748288
492.0 19.9979461888
494.0 20.2600175872
496.0 20.5225868416
498.0 20.7843595264
500.0 21.044788
502.0 21.3007191744
504.0 21.5557708032
506.0 21.8228373568
508.0 22.0982347008
510.0 22.330916
512.0 22.4942791488
514.0 22.6158223936
516.0 22.7568649984
518.0 22.917307392
520.0 23.036212
522.0 23.086661408
524.0 23.0937807488
526.0 23.1048829376
528.0 23.1240172032
530.0 23.150304
532.0 23.1874108672
534.0 23.2291146048
536.0 23.2539244288
538.0 23.2649934272
540.0 23.316256
542.0 23.4340985152
544.0 23.59339584
546.0 23.7406948352
548.0 23.873937696
550.0 24.021552
552.0 24.194225056
554.0 24.3825971712
556.0 24.5735249472
558.0 24.763855296
560.0 24.934288
562.0 25.078583264
564.0 25.2011222208
566.0 25.3068336448
568.0 25.403185376
570.0 25.56698
572.0 25.84660912
574.0 26.1889017152
576.0 26.4620918976
578.0 26.6778294976
580.0 27.091664
582.0 27.8250556736
584.0 28.7577722944
586.0 29.6413671232
588.0 30.4622984768
590.0 31.32344
592.0 32.2608032768
594.0 33.243753568
596.0 34.2382707136
598.0 35.2333686912
600.0 36.14642
602.0 36.9315555072
604.0 37.6374323392
606.0 38.378723328
608.0 39.1551629504
610.0 39.849224
612.0 40.4052793664
614.0 40.8784251136
616.0 41.3800814144
618.0 41.9126379776
620.0 42.390364
622.0 42.7752564736
624.0 43.103791648
626.0 43.4441260096
628.0 43.799877312
630.0 44.143232
632.0 44.46310448
634.0 44.7687216832
636.0 45.0735423168
638.0 45.3783629504
640.0 45.678288
642.0 45.9704796864
644.0 46.2586719296
646.0 46.5510627584
648.0 46.8463909376
650.0 47.119996
652.0 47.3605102336
654.0 47.5798655872
656.0 47.802224672
658.0 48.0298112448
660.0 48.260916
662.0 48.4961363648
664.0 48.734211104
666.0 48.9692323264
668.0 49.2017310784
670.0 49.443324
672.0 49.6992551744
674.0 49.96441328
676.0 50.2287084352
678.0 50.4910785472
680.0 50.750196
682.0 51.0037872512
684.0 51.2548228416
686.0 51.5126126784
688.0 51.7752317184
690.0 52.01558
692.0 52.2171618944
694.0 52.3964066496
696.0 52.5936903872
698.0 52.8051630208
700.0 52.94906
702.0 52.9874612928
704.0 52.9592494528
706.0 52.9432184896
708.0 52.945409056
710.0 52.94906
712.0 52.94906
714.0 52.94906
716.0 52.94906
718.0 52.94906
720.0 52.94906
722.0 52.94906
724.0 52.94906
726.0 52.94906
728.0 52.94906
730.0 52.94906
732.0 52.94906
734.0 52.94906
736.0 52.94906
738.0 52.94906
740.0 52.94906
742.0 52.94906
744.0 52.94906
746.0 52.94906
748.0 52.94906
750.0 52.94906
