380.0 8.463552
382.0 8.46379878412
384.0 8.46415133287
386.0 8.46298792201
388.0 8.46319945125
390.0 8.463552
392.0 8.466622112
394.0 8.4684641792
396.0 8.4549390912
398.0 8.430859456
400.0 8.463552
402.0 8.584945888
404.0 8.7624481472
406.0 8.9281180288
408.0 9.0767778304
410.0 9.220708
412.0 9.3645385984
414.0 9.5051331328
416.0 9.6403674176
418.0 9.7724652096
420.0 9.926004
422.0 10.1152390656
424.0 10.3248862272
426.0 10.518535616
428.0 10.6980790848
430.0 10.921716
432.0 11.2165961088
434.0 11.5551713792
436.0 11.8816985344
438.0 12.1929581056
440.0 12.508632
442.0 12.8348604416
444.0 13.1684903424
446.0 13.51015232
448.0 13.857157952
450.0 14.178524
452.0 14.45815312
454.0 14.7119435136
456.0 14.9756080512
458.0 15.2496113984
460.0 15.50614
462.0 15.7323657664
464.0 15.9400878848
466.0 16.152274112
468.0 16.3693559232
470.0 16.574456
472.0 16.7606707392
474.0 16.9343726976
476.0 17.1063155648
478.0 17.27809248
480.0 17.456076
482.0 17.644680448
484.0 17.8388940736
486.0 18.0254739072
488.0 18.2052165184
490.0 18.399928
492.0 18.6195156864
494.0 18.854304576
496.0 19.0851604032
498.0 19.3103572672
500.0 19.530476
502.0 19.7430771072
504.0 19.9517617472
506.0 20.1693248192
508.0 20.3929451392
510.0 20.578048
512.0 20.7015328832
514.0 20.7879606848
516.0 20.89169728
518.0 21.01284224
520.0 21.096648
522.0 21.118719616
524.0 21.1025890816
526.0 21.093080032
528.0 21.0935446976
530.0 21.096648
532.0 21.1028380096
534.0 21.109177376
536.0 21.1013942272
538.0 21.0830731264
540.0 21.10702
542.0 21.1989905984
544.0 21.3337602176
546.0 21.4575936
548.0 21.567702752
550.0 21.687852
552.0 21.826587872
554.0 21.9759280768
556.0 22.1256167808
558.0 22.273164704
560.0 22.40352
562.0 22.511969632
564.0 22.6022973056
566.0 22.6788509632
568.0 22.7477376384
570.0 22.87026
572.0 23.0851180544
574.0 23.3497617088
576.0 23.558628896
578.0 23.7211124992
580.0 24.042296
582.0 24.6186638912
584.0 25.3552584384
586.0 26.057534112
588.0 26.7130113216
590.0 27.38208
592.0 28.0826131776
594.0 28.8010857664
596.0 29.5341289408
598.0 30.2738101952
600.0 30.939676
602.0 31.4894085952
604.0 31.9669852608
606.0 32.4719440064
608.0 33.0055792576
610.0 33.480816
612.0 33.8571619456
614.0 34.1751093824
616.0 34.5147301504
618.0 34.8778497216
620.0 35.202568
622.0 35.4614199296
624.0 35.6807752832
626.0 35.9099384
628.0 36.1514649408
630.0 36.384976
632.0 36.6022735488
634.0 36.8100288576
636.0 37.01808288
638.0 37.2269666624
640.0 37.432548
642.0 37.6323873984
644.0 37.8298204928
646.0 38.0322487424
648.0 38.2384772928
650.0 38.42826
652.0 38.5923699328
654.0 38.7391046912
656.0 38.88504288
658.0 39.032076352
660.0 39.185416
662.0 39.348629792
664.0 39.517651904
666.0 39.6815460992
668.0 39.8404119488
670.0 40.004804
672.0 40.1792859328
674.0 40.3602565888
676.0 40.5412106496
678.0 40.721218784
680.0 40.896796
682.0 41.06523728
684.0 41.228948928
686.0 41.3950004992
688.0 41.5624958528
690.0 41.716184
692.0 41.8466056768
694.0 41.9640830976
696.0 42.0937911808
698.0 42.2331742656
700.0 42.328132
702.0 42.3534894656
704.0 42.334853056
706.0 42.3242819136
708.0 42.325725696
710.0 42.328132
712.0 42.328132
714.0 42.328132
716.0 42.328132
718.0 42.328132
720.0 42.328132
722.0 42.328132
724.0 42.328132
726.0 42.328132
728.0 42.328132
730.0 42.328132
732.0 42.328132
734.0 42.328132
736.0 42.328132
738.0 42.328132
740.0 42.328132
742.0 42.328132
744.0 42.328132
746.0 42.328132
748.0 42.328132
750.0 42.328132
