380.0 13.89848
382.0 13.8985733778
384.0 13.8987067746
386.0 13.8982665651
388.0 13.8983466032
390.0 13.89848
392.0 13.899641664
394.0 13.9003386624
396.0 13.8952273408
398.0 13.8861663616
400.0 13.89848
402.0 13.9443325376
404.0 14.0115265024
406.0 14.0743393344
408.0 14.1309455616
410.0 14.188896
412.0 14.2532521856
414.0 14.3177245376
416.0 14.3676428992
418.0 14.406625024
420.0 14.489684
422.0 14.647089472
424.0 14.846978656
426.0 15.0160339584
428.0 15.1571097536
430.0 15.371304
432.0 15.7058300416
434.0 16.1155655296
436.0 16.5094194112
438.0 16.882213984
440.0 17.26938
442.0 17.682849408
444.0 18.1115200192
446.0 18.5435760512
448.0 18.975034656
450.0 19.374896
452.0 19.72629936
454.0 20.048495168
456.0 20.3858921792
458.0 20.7387559168
460.0 21.065532
462.0 21.3468870208
464.0 21.6003289152
466.0 21.8604752704
468.0 22.1284213696
470.0 22.382776
472.0 22.6153245376
474.0 22.8341156544
476.0 23.0515791552
478.0 23.2701047488
480.0 23.502952
482.0 23.7582525568
484.0 24.0263480128
486.0 24.283424256
488.0 24.5300787136
490.0 24.799452
492.0 25.1062640576
494.0 25.4355626112
496.0 25.7585549888
498.0 26.072552768
500.0 26.375996
502.0 26.663590816
504.0 26.944049696
506.0 27.2442070784
508.0 27.5591175936
510.0 27.807332
512.0 27.9473622976
514.0 28.0209620096
516.0 28.1196702592
518.0 28.244449568
520.0 28.31556
522.0 28.298466944
524.0 28.2260123008
526.0 28.1584698368
528.0 28.101647872
530.0 28.05626
532.0 28.027550304
534.0 28.0088143232
536.0 27.9755409472
538.0 27.930883264
540.0 27.931796
542.0 28.006225472
544.0 28.12595984
546.0 28.231007456
548.0 28.319376896
550.0 28.429652
552.0 28.577515232
554.0 28.7485785536
556.0 28.919127424
558.0 29.0858759936
560.0 29.238668
562.0 29.3757941376
564.0 29.4970718592
566.0 29.5979208896
568.0 29.6861741632
570.0 29.850616
572.0 30.1467739392
574.0 30.5145401664
576.0 30.8054374272
578.0 31.0329742144
580.0 31.489392
582.0 32.3127130624
584.0 33.365811264
586.0 34.3667341568
588.0 35.2982891136
590.0 36.260512
592.0 37.2851494336
594.0 38.3463958784
596.0 39.4265940416
598.0 40.5132311424
600.0 41.488
602.0 42.2876729024
604.0 42.9805888832
606.0 43.7227594176
608.0 44.515213408
610.0 45.211548
612.0 45.743175232
614.0 46.1761937856
616.0 46.6424359296
618.0 47.1448888
620.0 47.586736
622.0 47.925444032
624.0 48.2016545408
626.0 48.4903944256
628.0 48.7960448192
630.0 49.090676
632.0 49.3632687552
634.0 49.6236474432
636.0 49.8860175552
638.0 50.1508769472
640.0 50.40792
642.0 50.6516371072
644.0 50.8884672064
646.0 51.1324000512
648.0 51.3823403584
650.0 51.611072
652.0 51.8060987904
654.0 51.9796845824
656.0 52.1563736768
658.0 52.338190688
660.0 52.523808
662.0 52.713740064
664.0 52.9061780032
666.0 53.0945833088
668.0 53.2790887424
670.0 53.46766
672.0 53.6643463104
674.0 53.8657622528
676.0 54.0645395584
678.0 54.2608109888
680.0 54.463372
682.0 54.6747782528
684.0 54.8924077056
686.0 55.113737888
688.0 55.3359808064
690.0 55.531688
692.0 55.6847289344
694.0 55.813225568
696.0 55.960507968
698.0 56.1244187584
700.0 56.236984
702.0 56.2668885504
704.0 56.2448833152
706.0 56.2324701056
708.0 56.234162816
710.0 56.236984
712.0 56.236984
714.0 56.236984
716.0 56.236984
718.0 56.236984
720.0 56.236984
722.0 56.236984
724.0 56.236984
726.0 56.236984
728.0 56.236984
730.0 56.236984
732.0 56.236984
734.0 56.236984
736.0 56.236984
738.0 56.236984
740.0 56.236984
742.0 56.236984
744.0 56.236984
746.0 56.236984
748.0 56.236984
750.0 56.236984
