380.0 14.821588
382.0 14.8217680857
384.0 14.822025351
386.0 14.8211763755
388.0 14.8213307347
390.0 14.821588
392.0 14.823828352
394.0 14.8251725632
396.0 14.8152984192
398.0 14.797690912
400.0 14.821588
402.0 14.910455296
404.0 15.0400969984
406.0 15.1598977472
408.0 15.2662729792
410.0 15.371304
412.0 15.4816786752
414.0 15.591273376
416.0 15.6874757504
418.0 15.7746337408
420.0 15.910648
422.0 16.1271157888
424.0 16.3908467072
426.0 16.6256355968
428.0 16.8336066432
430.0 17.1138
432.0 17.5113546112
434.0 17.9821936256
436.0 18.4394909568
438.0 18.876874048
440.0 19.312664
442.0 19.7503624
444.0 20.18889056
446.0 20.6378073152
448.0 21.0938931968
450.0 21.511528
452.0 21.8673954688
454.0 22.1861726656
456.0 22.5221092992
458.0 22.8760019392
460.0 23.202164
462.0 23.4793204352
464.0 23.7276178176
466.0 23.986785056
468.0 24.2575191488
470.0 24.509036
472.0 24.7287398528
474.0 24.9282639424
476.0 25.127290176
478.0 25.3287724992
480.0 25.546236
482.0 25.7877127552
484.0 26.0437103104
486.0 26.2909290048
488.0 26.5292360768
490.0 26.780504
492.0 27.0538103488
494.0 27.3414383552
496.0 27.6301284544
498.0 27.9174909376
500.0 28.191096
502.0 28.4409865216
504.0 28.6780489536
506.0 28.9324367744
508.0 29.1999016128
510.0 29.40462
512.0 29.5086553088
514.0 29.5513381632
516.0 29.6174866304
518.0 29.7086938496
520.0 29.757268
522.0 29.7344993856
524.0 29.6666416128
526.0 29.6001612416
528.0 29.5402691648
530.0 29.497968
532.0 29.4826008448
534.0 29.4829991296
536.0 29.467183904
538.0 29.4373457344
540.0 29.446108
542.0 29.5186622144
544.0 29.6313436224
546.0 29.7350636224
548.0 29.8276648384
550.0 29.933592
552.0 30.0617401344
554.0 30.2037452608
556.0 30.348306048
558.0 30.4925349312
560.0 30.618144
562.0 30.7196402432
564.0 30.8012886272
566.0 30.8672213568
568.0 30.9250390336
570.0 31.053768
572.0 31.3039904256
574.0 31.6191498688
576.0 31.8585356288
578.0 32.0354238656
580.0 32.433244
582.0 33.1866328896
584.0 34.1622481024
586.0 35.0845097472
588.0 35.9378847168
590.0 36.830972
592.0 37.8004469888
594.0 38.8159404672
596.0 39.84839424
598.0 40.885096384
600.0 41.819904
602.0 42.595148768
604.0 43.2715193344
606.0 43.989892352
608.0 44.7508984384
610.0 45.418988
612.0 45.9304022784
614.0 46.3488336512
616.0 46.8020651584
618.0 47.2928516032
620.0 47.721572
622.0 48.0437844032
624.0 48.3022712384
626.0 48.5775690112
628.0 48.8735609984
630.0 49.152908
632.0 49.4001266944
634.0 49.6287421696
636.0 49.8605771136
638.0 50.0964612864
640.0 50.324944
642.0 50.5402999104
644.0 50.748287552
646.0 50.9607393024
648.0 51.17669264
650.0 51.372516
652.0 51.537721216
654.0 51.6831947392
656.0 51.8301452352
658.0 51.981061984
660.0 52.140044
662.0 52.309978848
664.0 52.4875142976
666.0 52.66320768
668.0 52.8364283776
670.0 53.011292
672.0 53.1893253056
674.0 53.3684704896
676.0 53.5455080832
678.0 53.720072992
680.0 53.892912
682.0 54.063676608
684.0 54.2330140288
686.0 54.4036126848
688.0 54.574642816
690.0 54.733044
692.0 54.870037376
694.0 54.996160896
696.0 55.1377013568
698.0 55.2915720512
700.0 55.396852
702.0 55.4249974592
704.0 55.4042866496
706.0 55.3926036288
708.0 55.394196768
710.0 55.396852
712.0 55.396852
714.0 55.396852
716.0 55.396852
718.0 55.396852
720.0 55.396852
722.0 55.396852
724.0 55.396852
726.0 55.396852
728.0 55.396852
730.0 55.396852
732.0 55.396852
734.0 55.396852
736.0 55.396852
738.0 55.396852
740.0 55.396852
742.0 55.396852
744.0 55.396852
746.0 55.396852
748.0 55.396852
750.0 55.396852
