380.0 12.86128
382.0 12.8614600857
384.0 12.861717351
386.0 12.8608683755
388.0 12.8610227347
390.0 12.86128
392.0 12.863520352
394.0 12.8648645632
396.0 12.854973824
398.0 12.8372335552
400.0 12.86128
402.0 12.9508276992
404.0 13.080668544
406.0 13.1980132032
408.0 13.299310304
410.0 13.400624
412.0 13.509903392
414.0 13.6200291392
416.0 13.7174595584
418.0 13.8054473088
420.0 13.929596
422.0 14.1151137408
424.0 14.3361618048
426.0 14.5328813056
428.0 14.707661952
430.0 14.946052
432.0 15.288493952
434.0 15.6941138304
436.0 16.079421184
438.0 16.4407318784
440.0 16.823384
442.0 17.2446033664
444.0 17.6892219648
446.0 18.1355498688
448.0 18.5789404224
450.0 18.991132
452.0 19.3557617344
454.0 19.690453728
456.0 20.0379738112
458.0 20.3979236992
460.0 20.723256
462.0 20.9923637632
464.0 21.2263892736
466.0 21.467052864
468.0 21.7167110528
470.0 21.957524
472.0 22.1831191488
474.0 22.3996035328
476.0 22.6147603008
478.0 22.8304149248
480.0 23.056956
482.0 23.3002250368
484.0 23.55398224
486.0 23.8032587392
488.0 24.0478222016
490.0 24.301596
492.0 24.5696582656
494.0 24.8468644864
496.0 25.12554768
498.0 25.403185376
500.0 25.660328
502.0 25.884529152
504.0 26.0902930368
506.0 26.3137142144
508.0 26.5521042624
510.0 26.739016
512.0 26.8413585984
514.0 26.892687552
516.0 26.964793696
518.0 27.0585067904
520.0 27.112408
522.0 27.0998288384
524.0 27.0454131776
526.0 26.9943165568
528.0 26.9507873472
530.0 26.91534
532.0 26.8927871232
534.0 26.8770548736
536.0 26.8460882304
538.0 26.8036045184
540.0 26.81162
542.0 26.8999396544
544.0 27.0379619328
546.0 27.1615463872
548.0 27.267241216
550.0 27.38208
552.0 27.515837312
554.0 27.660962336
556.0 27.8089583296
558.0 27.9573028224
560.0 28.087376
562.0 28.1951120384
564.0 28.28195472
566.0 28.3433901504
568.0 28.38940864
570.0 28.533372
572.0 28.839802368
574.0 29.2399292352
576.0 29.5715345216
578.0 29.8416214016
580.0 30.28624
582.0 31.0169764416
584.0 31.9238377408
586.0 32.7820916992
588.0 33.5814824832
590.0 34.43504
592.0 35.3839701312
594.0 36.392941696
596.0 37.4164838464
598.0 38.4413536128
600.0 39.372112
602.0 40.1547250368
604.0 40.8461474496
606.0 41.582426688
608.0 42.3621023744
610.0 43.033428
612.0 43.5254258944
614.0 43.9088413952
616.0 44.3257294144
618.0 44.7814999872
620.0 45.190804
622.0 45.5173311552
624.0 45.7951348032
626.0 46.08362576
628.0 46.3865213504
630.0 46.684372
632.0 46.9685979904
634.0 47.247281184
636.0 47.534129216
638.0 47.8273166144
640.0 48.094964
642.0 48.3213557184
644.0 48.5216431872
646.0 48.728236832
648.0 48.9421987456
650.0 49.142536
652.0 49.3210671616
654.0 49.4858740928
656.0 49.6497848832
658.0 49.8151560512
660.0 49.99304
662.0 50.1893778112
664.0 50.3978964992
666.0 50.6037267648
668.0 50.8058397056
670.0 51.009496
672.0 51.2159900736
674.0 51.4238283584
676.0 51.6324632128
678.0 51.8406002112
680.0 52.036324
682.0 52.2137432832
684.0 52.378848928
686.0 52.5447013568
688.0 52.7121967104
690.0 52.876456
692.0 53.0325670464
694.0 53.1871679296
696.0 53.3579823232
698.0 53.5403303808
700.0 53.664728
702.0 53.6981507328
704.0 53.6735566464
706.0 53.6596830592
708.0 53.661574912
710.0 53.664728
712.0 53.664728
714.0 53.664728
716.0 53.664728
718.0 53.664728
720.0 53.664728
722.0 53.664728
724.0 53.664728
726.0 53.664728
728.0 53.664728
730.0 53.664728
732.0 53.664728
734.0 53.664728
736.0 53.664728
738.0 53.664728
740.0 53.664728
742.0 53.664728
744.0 53.664728
746.0 53.664728
748.0 53.664728
750.0 53.664728
