380.0 13.493972
382.0 13.4942121143
384.0 13.4945551347
386.0 13.4934231674
388.0 13.4936289796
390.0 13.493972
392.0 13.496959136
394.0 13.4987514176
396.0 13.485591424
398.0 13.4621590016
400.0 13.493972
402.0 13.6120966336
404.0 13.78480288
406.0 13.9459588672
408.0 14.0905196544
410.0 14.230384
412.0 14.3713104384
414.0 14.5085029568
416.0 14.6341120256
418.0 14.7523528256
420.0 14.914936
422.0 15.1504716736
424.0 15.4287565824
426.0 15.6797589824
428.0 15.9056362496
430.0 16.201064
432.0 16.6100195136
434.0 17.0884591296
436.0 17.5479470272
438.0 17.983471456
440.0 18.431044
442.0 18.90276256
444.0 19.3888857536
446.0 19.8805019584
448.0 20.3731968512
450.0 20.826976
452.0 21.2198839552
454.0 21.5758344
456.0 21.9503216832
458.0 22.34294752
460.0 22.693936
462.0 22.975805472
464.0 23.2147099712
466.0 23.4621941888
468.0 23.7210461184
470.0 23.969692
472.0 24.2006473984
474.0 24.420832512
476.0 24.6382960128
478.0 24.8554276096
480.0 25.089868
482.0 25.3511262336
484.0 25.628465216
486.0 25.8971580992
488.0 26.1568065984
490.0 26.427856
492.0 26.7183881664
494.0 27.0218148032
496.0 27.3278302912
498.0 27.6337793984
500.0 27.921424
502.0 28.1790146944
504.0 28.4188319296
506.0 28.6722240384
508.0 28.9366021696
510.0 29.155692
512.0 29.3014476416
514.0 29.4015830784
516.0 29.5155755072
518.0 29.6443210688
520.0 29.736524
522.0 29.7696978048
524.0 29.7668268352
526.0 29.7709092544
528.0 29.7851977216
530.0 29.798756
532.0 29.8099245696
534.0 29.8187698112
536.0 29.817923456
538.0 29.8106049728
540.0 29.840244
542.0 29.9285968448
544.0 30.052745536
546.0 30.1629044736
548.0 30.2573809472
550.0 30.369216
552.0 30.5126980992
554.0 30.6743021568
556.0 30.8297493952
558.0 30.9775794368
560.0 31.126372
562.0 31.2846736128
564.0 31.4422450368
566.0 31.5710237888
568.0 31.6791415168
570.0 31.883528
572.0 32.2486887808
574.0 32.705903136
576.0 33.096803072
578.0 33.4271969088
580.0 33.91644
582.0 34.6677710848
584.0 35.580440704
586.0 36.44969728
588.0 37.2659155968
590.0 38.127472
592.0 39.0693989568
594.0 40.062140416
596.0 41.0703154112
598.0 42.0817430656
600.0 43.002312
602.0 43.7792660736
604.0 44.4679834688
606.0 45.1997488128
608.0 45.9732344896
610.0 46.642884
612.0 47.1406238336
614.0 47.5343283584
616.0 47.9602275712
618.0 48.4233664128
620.0 48.841748
622.0 49.1803564608
624.0 49.4713532928
626.0 49.7709298432
628.0 50.0824383424
630.0 50.387176
632.0 50.6766294784
634.0 50.9589470208
636.0 51.2486494272
638.0 51.543944416
640.0 51.80814
642.0 52.023628672
644.0 52.2095115072
646.0 52.4056169856
648.0 52.6138037696
650.0 52.814224
652.0 52.9993932416
654.0 53.1743730304
656.0 53.3452040192
658.0 53.5137780608
660.0 53.695844
662.0 53.8992845568
664.0 54.116781248
666.0 54.3320375872
668.0 54.5438255296
670.0 54.753788
672.0 54.9612777856
674.0 55.1675727168
676.0 55.3782819712
678.0 55.5921111232
680.0 55.790988
682.0 55.9660839552
684.0 56.1255638272
686.0 56.286852576
688.0 56.4506803904
690.0 56.610376
692.0 56.7605957504
694.0 56.9067496768
696.0 57.0632921984
698.0 57.2262072768
700.0 57.336416
702.0 57.3660218368
704.0 57.3442821248
706.0 57.3319021056
708.0 57.333594816
710.0 57.336416
712.0 57.336416
714.0 57.336416
716.0 57.336416
718.0 57.336416
720.0 57.336416
722.0 57.336416
724.0 57.336416
726.0 57.336416
728.0 57.336416
730.0 57.336416
732.0 57.336416
734.0 57.336416
736.0 57.336416
738.0 57.336416
740.0 57.336416
742.0 57.336416
744.0 57.336416
746.0 57.336416
748.0 57.336416
750.0 57.336416
