380.0 12.60198
382.0 12.6021400762
384.0 12.6023687565
386.0 12.6016141116
388.0 12.6017513197
390.0 12.60198
392.0 12.603971424
394.0 12.6051662784
396.0 12.5963708224
398.0 12.580572192
400.0 12.60198
402.0 12.681719936
404.0 12.7971727424
406.0 12.9009923136
408.0 12.9901251328
410.0 13.079092
412.0 13.1759913728
414.0 13.273919648
416.0 13.3580407168
418.0 13.43256976
420.0 13.556204
422.0 13.76032496
424.0 14.0114601216
426.0 14.2339021824
428.0 14.4288791872
430.0 14.686752
432.0 15.0488758592
434.0 15.4748248576
436.0 15.88492544
438.0 16.2742322368
440.0 16.667804
442.0 17.0731251648
444.0 17.48553248
446.0 17.90539104
448.0 18.3293818048
450.0 18.72146
452.0 19.0623917888
454.0 19.3715105792
456.0 19.6930093888
458.0 20.0266890752
460.0 20.32912
462.0 20.5806368512
464.0 20.7996105152
466.0 21.0215879104
468.0 21.248825984
470.0 21.47004
472.0 21.682292608
474.0 21.888156064
476.0 22.0876967488
478.0 22.2831384192
480.0 22.496868
482.0 22.7408340352
484.0 23.0025569344
486.0 23.2535593344
488.0 23.4938412352
490.0 23.75188
492.0 24.0400722432
494.0 24.3465855872
496.0 24.6494479872
498.0 24.9465020672
500.0 25.235076
502.0 25.5107388672
504.0 25.7800125824
506.0 26.062595648
508.0 26.3553017856
510.0 26.60418
512.0 26.7817154496
514.0 26.9153565952
516.0 27.0653274176
518.0 27.2321589632
520.0 27.361336
522.0 27.4285631552
524.0 27.45800304
526.0 27.4956243584
528.0 27.5444474368
530.0 27.58952
532.0 27.6270915328
534.0 27.659385792
536.0 27.6838139264
538.0 27.7035622144
540.0 27.755472
542.0 27.8578145984
544.0 27.9920199808
546.0 28.1178115968
548.0 28.2331980224
550.0 28.357048
552.0 28.4971446784
554.0 28.6463355264
556.0 28.793003904
558.0 28.9366187648
560.0 29.083088
562.0 29.2395641408
564.0 29.3972019456
566.0 29.5306107584
568.0 29.646992896
570.0 29.850616
572.0 30.198783296
574.0 30.6304410432
576.0 31.0052104448
578.0 31.3278709184
580.0 31.79018
582.0 32.4823989824
584.0 33.3158929024
586.0 34.1105540544
588.0 34.8579188864
590.0 35.648564
592.0 36.5154474624
594.0 37.4288638656
596.0 38.349681728
598.0 39.267313312
600.0 40.108524
602.0 40.831493888
604.0 41.4817602048
606.0 42.1682704384
608.0 42.8896637824
610.0 43.520912
612.0 44.0032017024
614.0 44.3946824704
616.0 44.8127819392
618.0 45.2617152896
620.0 45.667916
622.0 45.9997868096
624.0 46.2878628864
626.0 46.58646032
628.0 46.898533056
630.0 47.202972
632.0 47.490151936
634.0 47.7678394176
636.0 48.0498084608
638.0 48.3344991168
640.0 48.59282
642.0 48.8109473088
644.0 49.0034018432
646.0 49.2002541056
648.0 49.4031968064
650.0 49.598904
652.0 49.7830609344
654.0 49.9590530304
656.0 50.12953552
658.0 50.2966325888
660.0 50.480524
662.0 50.6910175168
664.0 50.9182058048
666.0 51.1407806272
668.0 51.3571156544
670.0 51.569584
672.0 51.7775550464
674.0 51.9831861696
676.0 52.194642208
678.0 52.410462784
680.0 52.606784
682.0 52.772487072
684.0 52.9178278336
686.0 53.0637826176
688.0 53.212342848
690.0 53.36394
692.0 53.516532864
694.0 53.6737225984
696.0 53.8459973696
698.0 54.0281462848
700.0 54.152212
702.0 54.1856347328
704.0 54.1610406464
706.0 54.1471670592
708.0 54.149058912
710.0 54.152212
712.0 54.152212
714.0 54.152212
716.0 54.152212
718.0 54.152212
720.0 54.152212
722.0 54.152212
724.0 54.152212
726.0 54.152212
728.0 54.152212
730.0 54.152212
732.0 54.152212
734.0 54.152212
736.0 54.152212
738.0 54.152212
740.0 54.152212
742.0 54.152212
744.0 54.152212
746.0 54.152212
748.0 54.152212
750.0 54.152212
