380.0 10.68316
382.0 10.683286727
384.0 10.6834677655
386.0 10.6828703383
388.0 10.6829789615
390.0 10.68316
392.0 10.684736544
394.0 10.6856824704
396.0 10.6787456768
398.0 10.6664486336
400.0 10.68316
402.0 10.7456077376
404.0 10.8369311232
406.0 10.921218144
408.0 10.9963778048
410.0 11.077296
412.0 11.1715401408
414.0 11.2707462464
416.0 11.3578710464
418.0 11.4350719168
420.0 11.544036
422.0 11.7068183168
424.0 11.9005340864
426.0 12.0739705216
428.0 12.2283888576
430.0 12.425656
432.0 12.6945480256
434.0 13.0082139008
436.0 13.312918368
438.0 13.6059398144
440.0 13.908852
442.0 14.2287576704
444.0 14.5600144576
446.0 14.8978595392
448.0 15.2392725888
450.0 15.558
452.0 15.8395209728
454.0 16.0984558784
456.0 16.3691899712
458.0 16.651125824
460.0 16.90636
462.0 17.11753392
464.0 17.3008776896
466.0 17.4883204736
468.0 17.681853696
470.0 17.870956
472.0 18.052507488
474.0 18.229495296
476.0 18.4038942528
478.0 18.5772643072
480.0 18.762948
482.0 18.9679982912
484.0 19.1850635072
486.0 19.3973659008
488.0 19.6045403776
490.0 19.820892
492.0 20.0524448256
494.0 20.2928097024
496.0 20.530502752
498.0 20.76432912
500.0 20.992928
502.0 21.213561184
504.0 21.4305932096
506.0 21.657067904
508.0 21.8906951296
510.0 22.09236
512.0 22.2415176576
514.0 22.3594431488
516.0 22.4936651264
518.0 22.643652544
520.0 22.756168
522.0 22.807281216
524.0 22.8201922816
526.0 22.8397414272
528.0 22.8693804544
530.0 22.901376
532.0 22.9363420864
534.0 22.9717728384
536.0 22.993645312
538.0 23.0060751168
540.0 23.067328
542.0 23.2050515648
544.0 23.3916645888
546.0 23.569664704
548.0 23.7346707776
550.0 23.897088
552.0 24.0582771776
554.0 24.218537024
556.0 24.3865468288
558.0 24.5600496448
560.0 24.706104
562.0 24.8140391808
564.0 24.8925012864
566.0 24.9511653184
568.0 25.0004862528
570.0 25.141728
572.0 25.4330401408
574.0 25.8129540544
576.0 26.1350171008
578.0 26.4050707904
580.0 26.832364
582.0 27.5147918144
584.0 28.354890624
586.0 29.1553766912
588.0 29.9055627072
590.0 30.690748
592.0 31.5401069312
594.0 32.4290454144
596.0 33.3319072704
598.0 34.2377396672
600.0 35.05736
602.0 35.7419285952
604.0 36.34224336
606.0 36.9770263552
608.0 37.646377152
610.0 38.231192
612.0 38.676275264
614.0 39.0372872448
616.0 39.4246524032
618.0 39.8425527296
620.0 40.222616
622.0 40.5357342336
624.0 40.8092231296
626.0 41.090876864
628.0 41.3838817152
630.0 41.674696
632.0 41.9570799232
634.0 42.2370077568
636.0 42.5249676672
638.0 42.8188354688
640.0 43.085288
642.0 43.3080619648
644.0 43.5035534208
646.0 43.7065956928
648.0 43.9186823488
650.0 44.122488
652.0 44.3117396608
654.0 44.4910507968
656.0 44.6656986816
658.0 44.837907072
660.0 45.024852
662.0 45.234947232
664.0 45.461139808
666.0 45.6878468352
668.0 45.9133424128
670.0 46.134656
672.0 46.3488004608
674.0 46.5579663616
676.0 46.7700198272
678.0 46.9839319552
680.0 47.182228
682.0 47.3568260992
684.0 47.5164387328
686.0 47.678756384
688.0 47.84520624
690.0 48.011988
692.0 48.17462096
694.0 48.338581536
696.0 48.519137312
698.0 48.710977824
700.0 48.841748
702.0 48.876929824
704.0 48.851041312
706.0 48.836437536
708.0 48.83842896
710.0 48.841748
712.0 48.841748
714.0 48.841748
716.0 48.841748
718.0 48.841748
720.0 48.841748
722.0 48.841748
724.0 48.841748
726.0 48.841748
728.0 48.841748
730.0 48.841748
732.0 48.841748
734.0 48.841748
736.0 48.841748
738.0 48.841748
740.0 48.841748
742.0 48.841748
744.0 48.841748
746.0 48.841748
748.0 48.841748
750.0 48.841748
