380.0 13.027232
382.0 13.0273920762
384.0 13.0276207565
386.0 13.0268661116
388.0 13.0270033197
390.0 13.027232
392.0 13.029223424
394.0 13.0304182784
396.0 13.021672608
398.0 13.0062722624
400.0 13.027232
402.0 13.1050966784
404.0 13.2200516288
406.0 13.3304594944
408.0 13.4331339968
410.0 13.53546
412.0 13.6415697088
414.0 13.7465011584
416.0 13.8403304192
418.0 13.926442912
420.0 14.05406
422.0 14.250215264
424.0 14.4857177472
426.0 14.6935394368
428.0 14.8758045184
430.0 15.122376
432.0 15.4752231424
434.0 15.8936711104
436.0 16.2957230208
438.0 16.677097312
440.0 17.072312
442.0 17.492917344
444.0 17.929620032
446.0 18.373873536
448.0 18.8210312
450.0 19.229688
452.0 19.577523392
454.0 19.8879532032
456.0 20.2149616192
458.0 20.558714592
460.0 20.868464
462.0 21.121374848
464.0 21.3388217536
466.0 21.5617616704
468.0 21.7927502592
470.0 22.019756
472.0 22.2390781632
474.0 22.4534549568
476.0 22.6638489024
478.0 22.8715544256
480.0 23.088072
482.0 23.3198737536
484.0 23.5608194624
486.0 23.7962223744
488.0 24.0265803456
490.0 24.27048
492.0 24.5363848896
494.0 24.8160306048
496.0 25.0931372544
498.0 25.366509984
500.0 25.639584
502.0 25.910832544
504.0 26.1831099904
506.0 26.4682487168
508.0 26.7621331136
510.0 27.008688
512.0 27.1779258496
514.0 27.3011286144
516.0 27.4492573696
518.0 27.6212500224
520.0 27.734728
522.0 27.7523521024
524.0 27.7104658176
526.0 27.6799804352
528.0 27.6658413248
530.0 27.651752
532.0 27.6356380608
534.0 27.6162880576
536.0 27.579230976
538.0 27.5296445184
540.0 27.53766
542.0 27.6370984384
544.0 27.7947362432
546.0 27.9402761472
548.0 28.0690714944
550.0 28.201468
552.0 28.3431412224
554.0 28.4895440768
556.0 28.640328064
558.0 28.7926056192
560.0 28.917136
562.0 29.0060198912
564.0 29.0647668992
566.0 29.09511952
568.0 29.1094245824
570.0 29.238668
572.0 29.5569971264
574.0 29.9854851904
576.0 30.3381995712
578.0 30.6220106816
580.0 31.095256
582.0 31.8786822016
584.0 32.8537995584
586.0 33.7812389056
588.0 34.6483215104
590.0 35.555216
592.0 36.5352787264
594.0 37.5625216064
596.0 38.6145079296
598.0 39.6775632512
600.0 40.627124
602.0 41.3956643072
604.0 42.053398464
606.0 42.7628266688
608.0 43.5238493504
610.0 44.174348
612.0 44.6391297664
614.0 44.9920266944
616.0 45.379491424
618.0 45.8069671808
620.0 46.186516
622.0 46.4806493248
624.0 46.7245655744
626.0 46.979849536
628.0 47.2501189632
630.0 47.514132
632.0 47.7626617152
634.0 48.003607424
636.0 48.2499465728
638.0 48.5002519744
640.0 48.727656
642.0 48.9191977984
644.0 49.0878714112
646.0 49.2609261568
648.0 49.4396564608
650.0 49.609276
652.0 49.7645075008
654.0 49.910561856
656.0 50.05444224
658.0 50.1981400768
660.0 50.35606
662.0 50.5353545408
664.0 50.7279750272
666.0 50.916230976
668.0 51.0986952
670.0 51.279168
672.0 51.45798128
674.0 51.635466944
676.0 51.8154584832
678.0 51.9967278528
680.0 52.160788
682.0 52.2990094208
684.0 52.4206854272
686.0 52.5449170944
688.0 52.6732975616
690.0 52.803852
692.0 52.9337592256
694.0 53.0657740416
696.0 53.2081442624
698.0 53.3566215168
700.0 53.457288
702.0 53.4844045568
704.0 53.4644737216
706.0 53.4531723904
708.0 53.454715744
710.0 53.457288
712.0 53.457288
714.0 53.457288
716.0 53.457288
718.0 53.457288
720.0 53.457288
722.0 53.457288
724.0 53.457288
726.0 53.457288
728.0 53.457288
730.0 53.457288
732.0 53.457288
734.0 53.457288
736.0 53.457288
738.0 53.457288
740.0 53.457288
742.0 53.457288
744.0 53.457288
746.0 53.457288
748.0 53.457288
750.0 53.457288
