380.0 15.558
382.0 15.5582201048
384.0 15.5585345401
386.0 15.5574969034
388.0 15.5576855646
390.0 15.558
392.0 15.560738208
394.0 15.5623811328
396.0 15.5503496128
398.0 15.529124352
400.0 15.558
402.0 15.66503904
404.0 15.8230087488
406.0 15.9751369472
408.0 16.1166442176
410.0 16.252924
412.0 16.3868140736
414.0 16.5148460416
416.0 16.631377536
418.0 16.7405905472
420.0 16.895988
422.0 17.1264289472
424.0 17.4009633408
426.0 17.6490283904
428.0 17.8715866176
430.0 18.151
432.0 18.5246077376
434.0 18.9560663424
436.0 19.3744479296
438.0 19.7747075584
440.0 20.17354
442.0 20.5746791744
444.0 20.9763493952
446.0 21.3843755776
448.0 21.795969728
450.0 22.175336
452.0 22.503837984
454.0 22.8007427072
456.0 23.1091147136
458.0 23.4293190976
460.0 23.720764
462.0 23.9653440576
464.0 24.1812642048
466.0 24.4032581952
468.0 24.6336825472
470.0 24.861684
472.0 25.0843252032
474.0 25.3035146048
476.0 25.5182896832
478.0 25.7305091008
480.0 25.961116
482.0 26.2212291648
484.0 26.4992651456
486.0 26.7689537408
488.0 27.0303945216
490.0 27.309476
492.0 27.6169518656
494.0 27.9435288064
496.0 28.2730928832
498.0 28.6027233408
500.0 28.917136
502.0 29.2047971968
504.0 29.4782694976
506.0 29.7716726336
508.0 30.0806918528
510.0 30.327728
512.0 30.4735832128
514.0 30.5575217344
516.0 30.6648926784
518.0 30.7965258048
520.0 30.877444
522.0 30.8747721728
524.0 30.8199582272
526.0 30.771566624
528.0 30.734476352
530.0 30.70112
532.0 30.67290816
534.0 30.646936672
536.0 30.606610336
538.0 30.556243904
540.0 30.555912
542.0 30.634490272
544.0 30.76376688
546.0 30.8842812224
548.0 30.9920836416
550.0 31.105628
552.0 31.2301417856
554.0 31.3605634624
556.0 31.4943539648
558.0 31.6285593472
560.0 31.73832
562.0 31.8169978432
564.0 31.8684429632
566.0 31.8924396224
568.0 31.899874272
570.0 32.007992
572.0 32.2838872
574.0 32.6566485824
576.0 32.9581003904
578.0 33.195544512
580.0 33.615652
582.0 34.334970944
584.0 35.2371192064
586.0 36.0843705472
588.0 36.8658385152
590.0 37.70222
592.0 38.6380399232
594.0 39.6355773952
596.0 40.64537872
598.0 41.6542341184
600.0 42.566688
602.0 43.3287727744
604.0 43.9988371648
606.0 44.7157332096
608.0 45.4783656256
610.0 46.134656
612.0 46.6133943296
614.0 46.984828096
616.0 47.3899833088
618.0 47.8339049088
620.0 48.2298
622.0 48.5402795968
624.0 48.8006416896
626.0 49.0736161344
628.0 49.3624224
630.0 49.640392
632.0 49.8955432
634.0 50.1385964992
636.0 50.3887193536
638.0 50.6446173376
640.0 50.87466
642.0 51.0638120896
644.0 51.2270424768
646.0 51.3951850432
648.0 51.5696005952
650.0 51.735536
652.0 51.8879795072
654.0 52.0302833472
656.0 52.1651359424
658.0 52.29479424
660.0 52.440832
662.0 52.613919936
664.0 52.8039515712
666.0 52.9888220992
668.0 53.167037952
670.0 53.343196
672.0 53.51786048
674.0 53.691197344
676.0 53.8670068928
678.0 54.0438619392
680.0 54.204072
682.0 54.3394224512
684.0 54.4572981568
686.0 54.5728837248
688.0 54.6880046272
690.0 54.805648
692.0 54.9255649152
694.0 55.050095296
696.0 55.1862755072
698.0 55.33005632
700.0 55.427968
702.0 55.454354368
704.0 55.434937984
706.0 55.423985152
708.0 55.42547872
710.0 55.427968
712.0 55.427968
714.0 55.427968
716.0 55.427968
718.0 55.427968
720.0 55.427968
722.0 55.427968
724.0 55.427968
726.0 55.427968
728.0 55.427968
730.0 55.427968
732.0 55.427968
734.0 55.427968
736.0 55.427968
738.0 55.427968
740.0 55.427968
742.0 55.427968
744.0 55.427968
746.0 55.427968
748.0 55.427968
750.0 55.427968
