380.0 14.375592
382.0 14.375758746
384.0 14.3759969546
386.0 14.3752108662
388.0 14.3753537914
390.0 14.375592
392.0 14.3776664
394.0 14.37891104
396.0 14.3697670848
398.0 14.3534540032
400.0 14.375592
402.0 14.4575059072
404.0 14.577306656
406.0 14.6898884928
408.0 14.7911689984
410.0 14.88382
412.0 14.9700652544
414.0 15.0474818624
416.0 15.1110746688
418.0 15.16552352
420.0 15.267584
422.0 15.448388704
424.0 15.674415328
426.0 15.8684298112
428.0 16.0321912448
430.0 16.263296
432.0 16.6068000448
434.0 17.0184771712
436.0 17.4102898432
438.0 17.7772595008
440.0 18.151
442.0 18.5420492928
444.0 18.9434871808
446.0 19.3512810304
448.0 19.7620786112
450.0 20.142424
452.0 20.4745105472
454.0 20.7761780928
456.0 21.0883006144
458.0 21.4111768256
460.0 21.708596
462.0 21.9639629376
464.0 22.1934745536
466.0 22.4287612992
468.0 22.6711176
470.0 22.901376
472.0 23.112632896
474.0 23.311526368
476.0 23.5071671808
478.0 23.7024428992
480.0 23.917832
482.0 24.1646192192
484.0 24.4308560128
486.0 24.6884633024
488.0 24.9374078976
490.0 25.20396
492.0 25.4990724416
494.0 25.813252768
496.0 26.1299887552
498.0 26.4463928384
500.0 26.749388
502.0 27.0278886464
504.0 27.2935114176
506.0 27.5794633088
508.0 27.8803674752
510.0 28.10812
512.0 28.2180797952
514.0 28.2558836608
516.0 28.321036416
518.0 28.414633344
520.0 28.450396
522.0 28.391400064
524.0 28.2718150528
526.0 28.153258944
528.0 28.0426353408
530.0 27.95254
532.0 27.8944402048
534.0 27.8551759616
536.0 27.7956655744
538.0 27.718796608
540.0 27.69324
542.0 27.751821056
544.0 27.8617808512
546.0 27.9552450176
548.0 28.0292596096
550.0 28.118492
552.0 28.2361187776
554.0 28.3712866816
556.0 28.5090268416
558.0 28.6460202176
560.0 28.761556
562.0 28.8501411776
564.0 28.9148458624
566.0 28.955553888
568.0 28.982355136
570.0 29.103832
572.0 29.386946112
574.0 29.7593258048
576.0 30.0431535104
578.0 30.2529998144
580.0 30.721864
582.0 31.6068362304
584.0 32.751954816
586.0 33.83719792
588.0 34.8434810624
590.0 35.88712
592.0 37.0060845504
594.0 38.1698395456
596.0 39.3545708736
598.0 40.5465045184
600.0 41.622836
602.0 42.5161888064
604.0 43.2976567744
606.0 44.1327936192
608.0 45.0205040576
610.0 45.782008
612.0 46.3336822336
614.0 46.758718496
616.0 47.2239151424
618.0 47.7351136832
620.0 48.188312
622.0 48.5383213632
624.0 48.8272437952
626.0 49.130587456
628.0 49.4517377664
630.0 49.754484
632.0 50.0236913344
634.0 50.2726359296
636.0 50.5231404736
638.0 50.7760347264
640.0 51.019868
642.0 51.2490809024
644.0 51.4691996352
646.0 51.6912931968
648.0 51.9146645888
650.0 52.1193
652.0 52.2969350208
654.0 52.4560332032
656.0 52.6118787264
658.0 52.7673923456
660.0 52.938688
662.0 53.1347270976
664.0 53.3452206144
666.0 53.545823392
668.0 53.736004384
670.0 53.9344
672.0 54.148312128
674.0 54.3718992576
676.0 54.5963161472
678.0 54.8193722304
680.0 55.02346
682.0 55.1994852864
684.0 55.357604352
686.0 55.520652192
688.0 55.6897904704
690.0 55.85322
692.0 56.0031078464
694.0 56.1480835136
696.0 56.3091233344
698.0 56.4819789376
700.0 56.600004
702.0 56.6316676416
704.0 56.6083679808
706.0 56.5952245824
708.0 56.597016864
710.0 56.600004
712.0 56.600004
714.0 56.600004
716.0 56.600004
718.0 56.600004
720.0 56.600004
722.0 56.600004
724.0 56.600004
726.0 56.600004
728.0 56.600004
730.0 56.600004
732.0 56.600004
734.0 56.600004
736.0 56.600004
738.0 56.600004
740.0 56.600004
742.0 56.600004
744.0 56.600004
746.0 56.600004
748.0 56.600004
750.0 56.600004
