380.0 18.56588
382.0 18.5661801429
384.0 18.5666089184
386.0 18.5651939592
388.0 18.5654512245
390.0 18.56588
392.0 18.56961392
394.0 18.571854272
396.0 18.5554084288
398.0 18.5261510912
400.0 18.56588
402.0 18.7122662592
404.0 18.9274396224
406.0 19.1343319808
408.0 19.3248448768
410.0 19.488988
412.0 19.6217330048
414.0 19.7292699008
416.0 19.8279117696
418.0 19.924031168
420.0 20.06982
422.0 20.294850912
424.0 20.5668296448
426.0 20.809302112
428.0 21.0238614528
430.0 21.304088
432.0 21.6929799168
434.0 22.1491653696
436.0 22.5907470464
438.0 23.012646816
440.0 23.44072
442.0 23.882318272
444.0 24.332380096
446.0 24.7913867328
448.0 25.2552557632
450.0 25.681072
452.0 26.0465148992
454.0 26.3739381952
456.0 26.7136419392
458.0 27.0664558912
460.0 27.392452
462.0 27.6736742592
464.0 27.927481248
466.0 28.1869306048
468.0 28.4535822784
470.0 28.709696
472.0 28.9482022144
474.0 29.1762368576
476.0 29.405283808
478.0 29.63653792
480.0 29.87136
482.0 30.112488256
484.0 30.3555581504
486.0 30.5875424512
488.0 30.8108308672
490.0 31.06414
492.0 31.3646126912
494.0 31.6964005248
496.0 32.0286364288
498.0 32.3566737472
500.0 32.661428
502.0 32.9287102912
504.0 33.174136704
506.0 33.440240736
508.0 33.7230395392
510.0 33.937184
512.0 34.0403397632
514.0 34.0761356096
516.0 34.1377867776
518.0 34.2271187392
520.0 34.269088
522.0 34.2315994432
524.0 34.144955904
526.0 34.0636062336
528.0 33.9929936576
530.0 33.937184
532.0 33.9034625536
534.0 33.8821875072
536.0 33.8421930752
538.0 33.7874621056
540.0 33.791976
542.0 33.8912650816
544.0 34.0497658368
546.0 34.1930985792
548.0 34.3173136512
550.0 34.455784
552.0 34.6204249792
554.0 34.8004497088
556.0 34.9824492672
558.0 35.1626399488
560.0 35.31666
562.0 35.4390330048
564.0 35.5321154816
566.0 35.591393536
568.0 35.6300105664
570.0 35.793772
572.0 36.1656206464
574.0 36.6579006592
576.0 37.0635869184
578.0 37.3914084992
580.0 37.940776
582.0 38.8507074112
584.0 39.9842757376
586.0 41.066150016
588.0 42.0794363328
590.0 43.116404
592.0 44.2033730048
594.0 45.3228520064
596.0 46.477097952
598.0 47.6508100672
600.0 48.675796
602.0 49.4644994752
604.0 50.1075302848
606.0 50.8082128192
608.0 51.5697333568
610.0 52.22302
612.0 52.6905731648
614.0 53.047967392
616.0 53.4421365824
618.0 53.8775946304
620.0 54.255932
622.0 54.5343496704
624.0 54.7534892864
626.0 54.98695056
628.0 55.2388491008
630.0 55.479828
632.0 55.6977893568
634.0 55.9038021696
636.0 56.1153909696
638.0 56.3325557568
640.0 56.537772
642.0 56.7222110528
644.0 56.8948343232
646.0 57.0746765056
648.0 57.2611069824
650.0 57.429764
652.0 57.5701925824
654.0 57.6915864704
656.0 57.8108063872
658.0 57.9304079936
660.0 58.062456
662.0 58.2137710336
664.0 58.3770346112
666.0 58.5344400832
668.0 58.6853236416
670.0 58.840356
672.0 59.0032876736
674.0 59.1709655744
676.0 59.339622592
678.0 59.507731968
680.0 59.659744
682.0 59.787278112
684.0 59.9006067328
686.0 60.0229963328
688.0 60.154446912
690.0 60.271692
692.0 60.362633696
694.0 60.4382082368
696.0 60.5223790912
698.0 60.6138518336
700.0 60.6762
702.0 60.6927620096
704.0 60.680597728
706.0 60.6736775296
708.0 60.674623456
710.0 60.6762
712.0 60.6762
714.0 60.6762
716.0 60.6762
718.0 60.6762
720.0 60.6762
722.0 60.6762
724.0 60.6762
726.0 60.6762
728.0 60.6762
730.0 60.6762
732.0 60.6762
734.0 60.6762
736.0 60.6762
738.0 60.6762
740.0 60.6762
742.0 60.6762
744.0 60.6762
746.0 60.6762
748.0 60.6762
750.0 60.6762
