380.0 15.277956
382.0 15.2780026889
384.0 15.2780693873
386.0 15.2778492825
388.0 15.2778893016
390.0 15.277956
392.0 15.278536832
394.0 15.2788853312
396.0 15.27629648
398.0 15.2715004672
400.0 15.277956
402.0 15.3022845632
404.0 15.3363047232
406.0 15.3626579008
408.0 15.3808130496
410.0 15.40242
412.0 15.4361580416
414.0 15.4736465984
416.0 15.492614912
418.0 15.498340256
420.0 15.568372
422.0 15.744198144
424.0 15.9818082176
426.0 16.1816808064
428.0 16.3457077632
430.0 16.5952
432.0 16.9857846272
434.0 17.4630293888
436.0 17.9193476032
438.0 18.3479684288
440.0 18.783692
442.0 19.2368073408
444.0 19.6999461824
446.0 20.1719302656
448.0 20.6480465536
450.0 21.075904
452.0 21.4281039296
454.0 21.7345342976
456.0 22.0621899264
458.0 22.4119669568
460.0 22.725052
462.0 22.9747101888
464.0 23.1861828224
466.0 23.4081436224
468.0 23.6427499648
470.0 23.865972
472.0 24.0689976768
474.0 24.2594110016
476.0 24.4470861184
478.0 24.634578688
480.0 24.84094
482.0 25.07825136
484.0 25.3324400384
486.0 25.568556544
488.0 25.7888910144
490.0 26.054464
492.0 26.3951966464
494.0 26.7809354752
496.0 27.1479715136
498.0 27.494844384
500.0 27.869564
502.0 28.290418272
504.0 28.7411770944
506.0 29.1974953088
508.0 29.6526020736
510.0 30.058056
512.0 30.3852801536
514.0 30.6651747968
516.0 30.9728829952
518.0 31.3057827072
520.0 31.561996
522.0 31.6939444352
524.0 31.7478456448
526.0 31.8169480576
528.0 31.9062966144
530.0 31.976876
532.0 32.0152441024
534.0 32.0331835136
536.0 32.0436052992
538.0 32.0511229248
540.0 32.090968
542.0 32.1817271488
544.0 32.3040171776
546.0 32.4134791168
548.0 32.5088849216
550.0 32.61994
552.0 32.7593064896
554.0 32.9158158208
556.0 33.0699520384
558.0 33.220188384
560.0 33.366724
562.0 33.514338304
564.0 33.6571897856
566.0 33.7758620608
568.0 33.8792501568
570.0 34.082392
572.0 34.4485484928
574.0 34.9103431232
576.0 35.312428224
578.0 35.65935088
580.0 36.156792
582.0 36.900422912
584.0 37.7959994752
586.0 38.6542368384
588.0 39.4647795968
590.0 40.305592
592.0 41.2020481088
594.0 42.1341838976
596.0 43.0862505216
598.0 44.0469632448
600.0 44.91076
602.0 45.6202711808
604.0 46.2358203392
606.0 46.8969399168
608.0 47.6030988672
610.0 48.209056
612.0 48.6471028992
614.0 48.983885888
616.0 49.3524154944
618.0 49.7573715648
620.0 50.117504
622.0 50.3979462848
624.0 50.6308101312
626.0 50.8726851712
628.0 51.1268904448
630.0 51.372516
632.0 51.6002685248
634.0 51.8197068544
636.0 52.0477580928
638.0 52.2829618624
640.0 52.492692
642.0 52.6614153984
644.0 52.8038685952
646.0 52.9505369728
648.0 53.1030468608
650.0 53.249848
652.0 53.3874056128
654.0 53.518358336
656.0 53.6439342144
658.0 53.7659919104
660.0 53.903284
662.0 54.0648714624
664.0 54.2416269376
666.0 54.4140510656
668.0 54.5806502784
670.0 54.743416
672.0 54.9016844224
674.0 55.0575797312
676.0 55.2189016704
678.0 55.3844221952
680.0 55.531688
682.0 55.6501943232
684.0 55.7503463552
686.0 55.853468928
688.0 55.9612879424
690.0 56.071032
692.0 56.1799297024
694.0 56.291250304
696.0 56.4134905472
698.0 56.5429331072
700.0 56.63112
702.0 56.6548677312
704.0 56.6373929856
706.0 56.6275354368
708.0 56.628879648
710.0 56.63112
712.0 56.63112
714.0 56.63112
716.0 56.63112
718.0 56.63112
720.0 56.63112
722.0 56.63112
724.0 56.63112
726.0 56.63112
728.0 56.63112
730.0 56.63112
732.0 56.63112
734.0 56.63112
736.0 56.63112
738.0 56.63112
740.0 56.63112
742.0 56.63112
744.0 56.63112
746.0 56.63112
748.0 56.63112
750.0 56.63112
