380.0 12.228588
382.0 12.2286680381
384.0 12.2287823782
386.0 12.2284050558
388.0 12.2284736599
390.0 12.228588
392.0 12.229583712
394.0 12.2301811392
396.0 12.2257834112
398.0 12.217884096
400.0 12.228588
402.0 12.269163264
404.0 12.3273128448
406.0 12.3761027328
408.0 12.415035072
410.0 12.467144
412.0 12.545224416
414.0 12.6358508032
416.0 12.7087369216
418.0 12.7669030976
420.0 12.871652
422.0 13.0547468416
424.0 13.2842252672
426.0 13.489491296
428.0 13.6714410688
430.0 13.908852
432.0 14.2380841728
434.0 14.6234745024
436.0 14.9942776512
438.0 15.346909056
440.0 15.71358
442.0 16.105724576
444.0 16.5137341632
446.0 16.9263738112
448.0 17.339826624
450.0 17.725748
452.0 18.068189952
454.0 18.3833991808
456.0 18.710175264
458.0 19.0481199168
460.0 19.354152
462.0 19.6083738688
464.0 19.8310482624
466.0 20.062435136
468.0 20.3044927232
470.0 20.53656
472.0 20.7505716992
474.0 20.9537301376
476.0 21.1567890048
478.0 21.36134144
480.0 21.57376
482.0 21.797629248
484.0 22.0290990976
486.0 22.2587434752
488.0 22.4860313344
490.0 22.71468
492.0 22.9443907584
494.0 23.1763252736
496.0 23.41665696
498.0 23.66226592
500.0 23.876344
502.0 24.036985536
504.0 24.1663617152
506.0 24.318357152
508.0 24.4888894272
510.0 24.58164
512.0 24.5497108352
514.0 24.44099568
516.0 24.3562273984
518.0 24.2984263168
520.0 24.197876
522.0 24.0264309888
524.0 23.8098470336
526.0 23.5903589184
528.0 23.374505152
530.0 23.191792
532.0 23.06276432
534.0 22.963359072
536.0 22.8306472576
538.0 22.6692423424
540.0 22.590216
542.0 22.6452622784
544.0 22.7848445056
546.0 22.9086612928
548.0 23.0095103232
550.0 23.108816
552.0 23.2105611712
554.0 23.3128871744
556.0 23.4258341056
558.0 23.545186784
560.0 23.617044
562.0 23.623184224
564.0 23.5788418496
566.0 23.5035660224
568.0 23.4135204672
570.0 23.461464
572.0 23.7379566272
574.0 24.1458998336
576.0 24.4503221824
578.0 24.6642343104
580.0 25.162472
582.0 26.1232013184
584.0 27.36838896
586.0 28.5317622656
588.0 29.5968587968
590.0 30.75298
592.0 32.0702903808
594.0 33.4887153152
596.0 34.9279672256
598.0 36.3671693504
600.0 37.660732
602.0 38.7260110784
604.0 39.6513594304
606.0 40.648033952
608.0 41.7141759808
610.0 42.618548
612.0 43.2530488768
614.0 43.7242529856
616.0 44.2458235264
618.0 44.825626624
620.0 45.336012
622.0 45.722348256
624.0 46.0352839424
626.0 46.3636863552
628.0 46.7126004352
630.0 47.047392
632.0 47.3527602752
634.0 47.6439396544
636.0 47.9477811712
638.0 48.2625257344
640.0 48.54096
642.0 48.7607136384
644.0 48.9440242176
646.0 49.1365783232
648.0 49.3406660928
650.0 49.536672
652.0 49.7176260608
654.0 49.8886395968
656.0 50.0549732864
658.0 50.2187513152
660.0 50.397548
662.0 50.6001090112
664.0 50.8182529152
666.0 51.0338577536
668.0 51.2454631488
670.0 51.455492
672.0 51.6635792128
674.0 51.8700235008
676.0 52.0786749504
678.0 52.2883387072
680.0 52.48232
682.0 52.6524373952
684.0 52.8077020864
686.0 52.9673313152
688.0 53.1322212224
690.0 53.291336
692.0 53.4371580224
694.0 53.5780346752
696.0 53.7345606016
698.0 53.902620192
700.0 54.017376
702.0 54.048160096
704.0 54.025507648
706.0 54.012729344
708.0 54.01447184
710.0 54.017376
712.0 54.017376
714.0 54.017376
716.0 54.017376
718.0 54.017376
720.0 54.017376
722.0 54.017376
724.0 54.017376
726.0 54.017376
728.0 54.017376
730.0 54.017376
732.0 54.017376
734.0 54.017376
736.0 54.017376
738.0 54.017376
740.0 54.017376
742.0 54.017376
744.0 54.017376
746.0 54.017376
748.0 54.017376
750.0 54.017376
