380.0 17.507936
382.0 17.508189454
384.0 17.5085515311
386.0 17.5073566767
388.0 17.5075739229
390.0 17.507936
392.0 17.511089088
394.0 17.5129809408
396.0 17.4990907584
398.0 17.4743639104
400.0 17.507936
402.0 17.6325161664
404.0 17.8147646528
406.0 17.985296928
408.0 18.1385701952
410.0 18.285836
412.0 18.4318903552
414.0 18.572435104
416.0 18.70196064
418.0 18.8241179072
420.0 18.98076
422.0 19.1956844352
424.0 19.4450273152
426.0 19.6721492224
428.0 19.87980496
430.0 20.152796
432.0 20.530170848
434.0 20.972847808
436.0 21.4026966784
438.0 21.8142742336
440.0 22.227196
442.0 22.6458597056
444.0 23.0688879488
446.0 23.504362592
448.0 23.9485663104
450.0 24.353456
452.0 24.6946035264
454.0 24.9963042624
456.0 25.3120943232
458.0 25.6432017536
460.0 25.950744
462.0 26.2171467456
464.0 26.4594200704
466.0 26.7099412096
468.0 26.9696394944
470.0 27.216128
472.0 27.4403623424
474.0 27.6506235264
476.0 27.8605030208
478.0 28.07202544
480.0 28.294816
482.0 28.535363424
484.0 28.78561904
486.0 29.0250379904
488.0 29.2548151296
490.0 29.50834
492.0 29.8010461376
494.0 30.1184957184
496.0 30.4317301184
498.0 30.7385919616
500.0 31.043396
502.0 31.3440678336
504.0 31.6444409536
506.0 31.960446752
508.0 32.2873058112
510.0 32.557708
512.0 32.7369527552
514.0 32.8607695424
516.0 33.0083008704
518.0 33.1802105472
520.0 33.304492
522.0 33.3498134912
524.0 33.3460463808
526.0 33.3484194944
528.0 33.3622101056
530.0 33.387468
532.0 33.4287568576
534.0 33.4802185728
536.0 33.519897696
538.0 33.5507149824
540.0 33.626024
542.0 33.7714311424
544.0 33.9605666368
546.0 34.138317824
548.0 34.3017971392
550.0 34.476528
552.0 34.6715381952
554.0 34.8792603136
556.0 35.0909486848
558.0 35.303549792
560.0 35.492984
562.0 35.651551136
564.0 35.7854909952
566.0 35.9020722752
568.0 36.010090432
570.0 36.19828
572.0 36.521969376
574.0 36.9197895104
576.0 37.2405581312
578.0 37.4966220672
580.0 37.971892
582.0 38.7988474112
584.0 39.8472989568
586.0 40.8526195776
588.0 41.7961230784
590.0 42.743012
592.0 43.7077241664
594.0 44.681995168
596.0 45.6856562688
598.0 46.7066593536
600.0 47.597108
602.0 48.2810459776
604.0 48.8373834624
606.0 49.4409674816
608.0 50.0950506944
610.0 50.656848
612.0 51.0614721664
614.0 51.372681952
616.0 51.7132818368
618.0 52.0876529536
620.0 52.420088
622.0 52.6784420736
624.0 52.8921052736
626.0 53.1121244352
628.0 53.342117312
630.0 53.57138
632.0 53.796576864
634.0 54.0201473984
636.0 54.2424732928
638.0 54.4634217856
640.0 54.681184
642.0 54.8937353216
644.0 55.1035650304
646.0 55.3178422528
648.0 55.5349406592
650.0 55.728756
652.0 55.8870078272
654.0 56.0226403968
656.0 56.1623719808
658.0 56.3081940032
660.0 56.454796
662.0 56.6006844032
664.0 56.7460915456
666.0 56.888843456
668.0 57.0289733248
670.0 57.170464
672.0 57.3157383808
674.0 57.4621744256
676.0 57.6034825536
678.0 57.7403265728
680.0 57.886132
682.0 58.0459271808
684.0 58.2152480064
686.0 58.3871576832
688.0 58.558735456
690.0 58.70552
692.0 58.813637728
694.0 58.8978915584
696.0 58.99344672
698.0 59.0996062144
700.0 59.17226
702.0 59.1914606464
704.0 59.1773547264
706.0 59.1693392448
708.0 59.170434528
710.0 59.17226
712.0 59.17226
714.0 59.17226
716.0 59.17226
718.0 59.17226
720.0 59.17226
722.0 59.17226
724.0 59.17226
726.0 59.17226
728.0 59.17226
730.0 59.17226
732.0 59.17226
734.0 59.17226
736.0 59.17226
738.0 59.17226
740.0 59.17226
742.0 59.17226
744.0 59.17226
746.0 59.17226
748.0 59.17226
750.0 59.17226
