380.0 12.363424
382.0 12.3637508222
384.0 12.3642177111
386.0 12.3626769778
388.0 12.3629571111
390.0 12.363424
392.0 12.367489824
394.0 12.3699293184
396.0 12.3520396928
398.0 12.3203262656
400.0 12.363424
402.0 12.5229536576
404.0 12.75756
406.0 12.9816615808
408.0 13.1876909888
410.0 13.37988
412.0 13.5580128768
414.0 13.7235334016
416.0 13.8862991232
418.0 14.0487661312
420.0 14.230384
422.0 14.4429851072
424.0 14.6721814144
426.0 14.8831727872
428.0 15.0776851264
430.0 15.309072
432.0 15.6016785664
434.0 15.9331842816
436.0 16.259479104
438.0 16.576779328
440.0 16.885616
442.0 17.183250912
444.0 17.4737830784
446.0 17.7723473216
448.0 18.0773836928
450.0 18.35844
452.0 18.6006303488
454.0 18.818210016
456.0 19.0413988608
458.0 19.271258976
460.0 19.488988
462.0 19.68647088
464.0 19.8721213824
466.0 20.0611573056
468.0 20.2543420288
470.0 20.443212
472.0 20.6252447488
474.0 20.8022989376
476.0 20.9752209216
478.0 21.1460021248
480.0 21.335204
482.0 21.5539951168
484.0 21.7906426688
486.0 22.01809648
488.0 22.2366220736
490.0 22.476124
492.0 22.7502435136
494.0 23.045671264
496.0 23.3363030016
498.0 23.620446016
500.0 23.90746
502.0 24.199286592
504.0 24.494349248
506.0 24.7945066304
508.0 25.0969707456
510.0 25.369912
512.0 25.5969841216
514.0 25.7957614272
516.0 26.0051430656
518.0 26.2258260352
520.0 26.427856
522.0 26.5983882752
524.0 26.7480769792
526.0 26.8957410688
528.0 27.0435047296
530.0 27.195384
532.0 27.3553285376
534.0 27.519986112
536.0 27.6781715584
538.0 27.8314116352
540.0 28.0044
542.0 28.2093673152
544.0 28.4339169664
546.0 28.6514634432
548.0 28.8612433664
550.0 29.083088
552.0 29.3252451584
554.0 29.5793010752
556.0 29.8305192128
558.0 30.0772068608
560.0 30.317356
562.0 30.5521614848
564.0 30.7796318912
566.0 30.9925980928
568.0 31.1958395072
570.0 31.447904
572.0 31.7848861312
574.0 32.1674054912
576.0 32.4991435392
578.0 32.7885638272
580.0 33.221516
582.0 33.8850086912
584.0 34.6936595968
586.0 35.4733020928
588.0 36.2119876352
590.0 36.955436
592.0 37.7149319232
594.0 38.4833062784
596.0 39.2692051648
598.0 40.0651939328
600.0 40.782704
602.0 41.3758828288
604.0 41.8928067136
606.0 42.44056448
608.0 43.0205169344
610.0 43.541656
612.0 43.9618796544
614.0 44.3209334016
616.0 44.696764896
618.0 45.091398752
620.0 45.450104
622.0 45.74923248
624.0 46.011934496
626.0 46.2801793088
628.0 46.5568544832
630.0 46.82958
632.0 47.0940411072
634.0 47.3537559872
636.0 47.611960704
638.0 47.8690535424
640.0 48.12608
642.0 48.3826749824
644.0 48.639535488
646.0 48.8994495104
648.0 49.16079072
650.0 49.401836
652.0 49.612346112
654.0 49.8032572928
656.0 49.9973049664
658.0 50.1964473664
660.0 50.397548
662.0 50.6002915584
664.0 50.8044291136
666.0 51.0066250304
668.0 51.2072775936
670.0 51.414004
672.0 51.6306211456
674.0 51.8532457536
676.0 52.073497248
678.0 52.2912428672
680.0 52.513436
682.0 52.7415536192
684.0 52.9748821312
686.0 53.215247008
688.0 53.4597274944
690.0 53.6751
692.0 53.8422468544
694.0 53.981613344
696.0 54.1416906432
698.0 54.3200890432
700.0 54.442628
702.0 54.4751711872
704.0 54.4512243136
706.0 54.4377158208
708.0 54.439557888
710.0 54.442628
712.0 54.442628
714.0 54.442628
716.0 54.442628
718.0 54.442628
720.0 54.442628
722.0 54.442628
724.0 54.442628
726.0 54.442628
728.0 54.442628
730.0 54.442628
732.0 54.442628
734.0 54.442628
736.0 54.442628
738.0 54.442628
740.0 54.442628
742.0 54.442628
744.0 54.442628
746.0 54.442628
748.0 54.442628
750.0 54.442628
