380.0 16.149204
382.0 16.1493840857
384.0 16.149641351
386.0 16.1487923755
388.0 16.1489467347
390.0 16.149204
392.0 16.151444352
394.0 16.1527885632
396.0 16.1429144192
398.0 16.125306912
400.0 16.149204
402.0 16.238320224
404.0 16.3681112832
406.0 16.4868167488
408.0 16.5912503424
410.0 16.69892
412.0 16.8177748224
414.0 16.940960992
416.0 17.0565631552
418.0 17.1665063552
420.0 17.300496
422.0 17.4743473152
424.0 17.6723446464
426.0 17.85892448
428.0 18.0348833856
430.0 18.244348
432.0 18.5067678976
434.0 18.802693504
436.0 19.0950013568
438.0 19.3797749888
440.0 19.65494
442.0 19.9169616128
444.0 20.16980608
446.0 20.4274963456
448.0 20.6890035072
450.0 20.930696
452.0 21.1412227072
454.0 21.3319347456
456.0 21.52646368
458.0 21.7258384128
460.0 21.916036
462.0 22.0910157888
464.0 22.2572167168
466.0 22.4262222336
468.0 22.598430624
470.0 22.76654
472.0 22.928675104
474.0 23.0852840064
476.0 23.234275712
478.0 23.3779403584
480.0 23.54444
482.0 23.7495068864
484.0 23.9764794368
486.0 24.1864916928
488.0 24.3808712704
490.0 24.612756
492.0 24.9072710144
494.0 25.2394903232
496.0 25.5585662336
498.0 25.86237456
500.0 26.178928
502.0 26.517636032
504.0 26.8708482688
506.0 27.2307815616
508.0 27.5925237312
510.0 27.911052
512.0 28.1619880192
514.0 28.3709381824
516.0 28.5970643776
518.0 28.840466176
520.0 29.0416
522.0 29.17394672
524.0 29.2638263232
526.0 29.3614890752
528.0 29.470751872
530.0 29.580944
532.0 29.69047232
534.0 29.799336832
536.0 29.899903744
538.0 29.994828288
540.0 30.120288
542.0 30.295201408
544.0 30.499986176
546.0 30.690830976
548.0 30.867735808
550.0 31.074512
552.0 31.331073792
554.0 31.6180379904
556.0 31.8976837056
558.0 32.1677871808
560.0 32.443616
562.0 32.7334345728
564.0 33.0279827776
566.0 33.3075455168
568.0 33.5752094976
570.0 33.885324
572.0 34.2713781376
574.0 34.6968956608
576.0 35.0731586304
578.0 35.408929312
580.0 35.88712
582.0 36.594407424
584.0 37.4445463296
586.0 38.2595863872
588.0 39.0290394304
590.0 39.818108
592.0 40.6475692864
594.0 41.5014255168
596.0 42.3694374528
598.0 43.2429755904
600.0 44.039512
602.0 44.7143060224
604.0 45.314355264
606.0 45.9481425472
608.0 46.6152695872
610.0 47.202972
612.0 47.6578630272
614.0 48.0328315712
616.0 48.434916672
618.0 48.8665080384
620.0 49.246256
622.0 49.5383647104
624.0 49.7770700672
626.0 50.0257989248
628.0 50.2885009408
630.0 50.542756
632.0 50.7800507648
634.0 51.0085334784
636.0 51.239422496
638.0 51.4733484352
640.0 51.70442
642.0 51.9292185792
644.0 52.1513619264
646.0 52.3790646656
648.0 52.611098752
650.0 52.824596
652.0 53.009051648
654.0 53.1755346944
656.0 53.3463656832
658.0 53.5234364672
660.0 53.706216
662.0 53.8953348992
664.0 54.088237504
666.0 54.2773729984
668.0 54.4626086208
670.0 54.650068
672.0 54.8428876288
674.0 55.0393582016
676.0 55.2357292032
678.0 55.4324652992
680.0 55.635408
682.0 55.8454368512
684.0 56.0624356864
686.0 56.2893584512
688.0 56.5227865344
690.0 56.724468
692.0 56.8731941824
694.0 56.9906384128
696.0 57.127399456
698.0 57.2819173632
700.0 57.388276
702.0 57.4164214592
704.0 57.3957106496
706.0 57.3840276288
708.0 57.385620768
710.0 57.388276
712.0 57.388276
714.0 57.388276
716.0 57.388276
718.0 57.388276
720.0 57.388276
722.0 57.388276
724.0 57.388276
726.0 57.388276
728.0 57.388276
730.0 57.388276
732.0 57.388276
734.0 57.388276
736.0 57.388276
738.0 57.388276
740.0 57.388276
742.0 57.388276
744.0 57.388276
746.0 57.388276
748.0 57.388276
750.0 57.388276
