380.0 19.385268
382.0 19.3854680952
384.0 19.3857539456
386.0 19.3848106395
388.0 19.3849821497
390.0 19.385268
392.0 19.38775728
394.0 19.389250848
396.0 19.378298016
398.0 19.358881632
400.0 19.385268
402.0 19.482515872
404.0 19.6258984
406.0 19.764966176
408.0 19.894408736
410.0 20.007588
412.0 20.102512544
414.0 20.1809082688
416.0 20.2463431424
418.0 20.3050901504
420.0 20.422468
422.0 20.6357495104
424.0 20.9044092032
426.0 21.1327259648
428.0 21.3243175488
430.0 21.615248
432.0 22.0690271488
434.0 22.6229749248
436.0 23.150552928
438.0 23.6447247936
440.0 24.156388
442.0 24.7030006976
444.0 25.2702910144
446.0 25.8440202688
448.0 26.4185792832
450.0 26.946456
452.0 27.4016789312
454.0 27.8123769408
456.0 28.2438521408
458.0 28.6961045312
460.0 29.103832
462.0 29.4364993792
464.0 29.7234469824
466.0 30.0232724608
468.0 30.3378344768
470.0 30.628516
472.0 30.8799166848
474.0 31.1067730688
476.0 31.3330320256
478.0 31.56241088
480.0 31.810924
482.0 32.088395744
484.0 32.3832758528
486.0 32.6667218688
488.0 32.938899744
490.0 33.231888
492.0 33.559394272
494.0 33.9084411136
496.0 34.255313984
498.0 34.5967270336
500.0 34.922524
502.0 35.2228639296
504.0 35.5089485824
506.0 35.8135866688
508.0 36.1315009152
510.0 36.374604
512.0 36.4985037632
514.0 36.5484885056
516.0 36.622951168
518.0 36.7235844608
520.0 36.76874
522.0 36.7232525568
524.0 36.6211920768
526.0 36.5245914176
528.0 36.439159328
530.0 36.364232
532.0 36.305236064
534.0 36.25345904
536.0 36.1788138304
538.0 36.0858143296
540.0 36.053072
542.0 36.1194196096
544.0 36.2462899136
546.0 36.3511051968
548.0 36.4313097984
550.0 36.540556
552.0 36.7006498944
554.0 36.8915776704
556.0 37.0803314752
558.0 37.2624969856
560.0 37.422176
562.0 37.5554022656
564.0 37.6655777984
566.0 37.7551089024
568.0 37.8337867456
570.0 38.003008
572.0 38.3266641856
574.0 38.7345576064
576.0 39.0527871616
578.0 39.2968859584
580.0 39.807736
582.0 40.7453150144
584.0 41.9511056512
586.0 43.1010036544
588.0 44.1735348352
590.0 45.263408
592.0 46.3958810432
594.0 47.554126432
596.0 48.7473710976
598.0 49.9601483136
600.0 51.019868
602.0 51.8367335296
604.0 52.502898048
606.0 53.225038176
608.0 54.0059750976
610.0 54.670812
612.0 55.1392613056
614.0 55.4896855488
616.0 55.8748601408
618.0 56.2997636416
620.0 56.662236
622.0 56.9181837696
624.0 57.110804256
626.0 57.3179289472
628.0 57.5443040704
630.0 57.761668
632.0 57.9589351424
634.0 58.1451996672
636.0 58.332874784
638.0 58.5223587776
640.0 58.70552
642.0 58.8781598656
644.0 59.04530672
646.0 59.2175814912
648.0 59.3940880384
650.0 59.556024
652.0 59.6943781824
654.0 59.8166682112
656.0 59.9385599552
658.0 60.0608831744
660.0 60.178344
662.0 60.2893161024
664.0 60.3957577152
666.0 60.4997598336
668.0 60.602185408
670.0 60.707316
672.0 60.818337888
674.0 60.9323303168
676.0 61.0410620672
678.0 61.1457279936
680.0 61.267404
682.0 61.4139894016
684.0 61.5777176448
686.0 61.7460759488
688.0 61.9144176576
690.0 62.045304
692.0 62.1191194496
694.0 62.1570062912
696.0 62.206941248
698.0 62.2704842688
700.0 62.314976
702.0 62.3264100928
704.0 62.3179963264
706.0 62.3132500992
708.0 62.313897312
710.0 62.314976
712.0 62.314976
714.0 62.314976
716.0 62.314976
718.0 62.314976
720.0 62.314976
722.0 62.314976
724.0 62.314976
726.0 62.314976
728.0 62.314976
730.0 62.314976
732.0 62.314976
734.0 62.314976
736.0 62.314976
738.0 62.314976
740.0 62.314976
742.0 62.314976
744.0 62.314976
746.0 62.314976
748.0 62.314976
750.0 62.314976
