380.0 15.205352
382.0 15.2055921143
384.0 15.2059351347
386.0 15.2048031674
388.0 15.2050089796
390.0 15.205352
392.0 15.208339136
394.0 15.2101314176
396.0 15.1969880192
398.0 15.1736883584
400.0 15.205352
402.0 15.3227962304
404.0 15.4953033344
406.0 15.658898816
408.0 15.8084049728
410.0 15.952136
412.0 16.0940083648
414.0 16.2303711232
416.0 16.3559470016
418.0 16.4747520384
420.0 16.636688
422.0 16.8687220864
424.0 17.1418624832
426.0 17.389944128
428.0 17.6140291136
430.0 17.8917
432.0 18.2582547776
434.0 18.6800217856
436.0 19.0911014848
438.0 19.4869467904
440.0 19.883124
442.0 20.2828525824
444.0 20.684838112
446.0 21.0956688832
448.0 21.5122913792
450.0 21.895292
452.0 22.2243084352
454.0 22.5203336128
456.0 22.83001664
458.0 23.153788992
460.0 23.451092
462.0 23.70375392
464.0 23.9285856896
466.0 24.1574998784
468.0 24.3923883392
470.0 24.623128
472.0 24.8469308672
474.0 25.0656556032
476.0 25.278721376
478.0 25.4878540864
480.0 25.712188
482.0 25.9619789504
484.0 26.2265064384
486.0 26.481292544
488.0 26.7264700288
490.0 26.987944
492.0 27.2770157888
494.0 27.58288192
496.0 27.8853460352
498.0 28.1821843776
500.0 28.47114
502.0 28.7470020096
504.0 29.0159770112
506.0 29.2988090048
508.0 29.590818144
510.0 29.8195
512.0 29.947614944
514.0 30.0149250752
516.0 30.1089036928
518.0 30.2301814144
520.0 30.296612
522.0 30.2729140544
524.0 30.1917801216
526.0 30.1126210176
528.0 30.0422407744
530.0 29.995824
532.0 29.9878085184
534.0 30.000636608
536.0 29.983211648
538.0 29.9410100544
540.0 29.985452
542.0 30.1681983424
544.0 30.4375550336
546.0 30.6887233856
548.0 30.9132398464
550.0 31.126372
552.0 31.3281198464
554.0 31.5218024256
556.0 31.7303211136
558.0 31.9488633024
560.0 32.10134
562.0 32.1597882944
564.0 32.149549056
566.0 32.109554624
568.0 32.0582256704
570.0 32.1532
572.0 32.4858009984
574.0 32.9579676288
576.0 33.334612288
578.0 33.6244640512
580.0 34.154996
582.0 35.0774567872
584.0 36.2439831808
586.0 37.359031264
588.0 38.403450176
590.0 39.46546
592.0 40.567547232
594.0 41.6961535936
596.0 42.8657500992
598.0 44.0598743104
600.0 45.087084
602.0 45.8480900864
604.0 46.4454675008
606.0 47.1084457408
608.0 47.8403438464
610.0 48.447612
612.0 48.8429428544
614.0 49.1108889536
616.0 49.4133198784
618.0 49.7579358016
620.0 50.065644
622.0 50.3041668096
624.0 50.5030270912
626.0 50.7096373312
628.0 50.9273165696
630.0 51.144332
632.0 51.3555557056
634.0 51.5657505088
636.0 51.7824506304
638.0 52.003797408
640.0 52.202276
642.0 52.364411104
644.0 52.503810784
646.0 52.6494834496
648.0 52.8025575744
650.0 52.94906
652.0 53.0837632384
654.0 53.2097374016
656.0 53.3301853632
658.0 53.4465675008
660.0 53.57138
662.0 53.7105141568
664.0 53.8595722432
666.0 54.0091945664
668.0 54.1579871296
670.0 54.29742
672.0 54.4225146176
674.0 54.5386478272
676.0 54.6589796224
678.0 54.7836095744
680.0 54.898996
682.0 54.9988493184
684.0 55.090089728
686.0 55.18650784
688.0 55.2886015104
690.0 55.38648
692.0 55.4739698944
694.0 55.5577756544
696.0 55.6538950528
698.0 55.759706048
700.0 55.832476
702.0 55.85197536
704.0 55.8376039168
706.0 55.8295552448
708.0 55.830650528
710.0 55.832476
712.0 55.832476
714.0 55.832476
716.0 55.832476
718.0 55.832476
720.0 55.832476
722.0 55.832476
724.0 55.832476
726.0 55.832476
728.0 55.832476
730.0 55.832476
732.0 55.832476
734.0 55.832476
736.0 55.832476
738.0 55.832476
740.0 55.832476
742.0 55.832476
744.0 55.832476
746.0 55.832476
748.0 55.832476
750.0 55.832476
