380.0 16.584828
382.0 16.5853349079
384.0 16.5860590621
386.0 16.5836693533
388.0 16.5841038458
390.0 16.584828
392.0 16.591134176
394.0 16.5949178816
396.0 16.567154112
398.0 16.5178331776
400.0 16.584828
402.0 16.8310675776
404.0 17.1940211968
406.0 17.547432576
408.0 17.8767975104
410.0 18.151
412.0 18.3509223744
414.0 18.4993996288
416.0 18.656240864
418.0 18.8270220672
420.0 19.011876
422.0 19.2151837952
424.0 19.4291125184
426.0 19.6278732288
428.0 19.8136564928
430.0 20.038704
432.0 20.3271119808
434.0 20.6551824896
436.0 20.9752375168
438.0 21.2833937856
440.0 21.584132
442.0 21.8765892096
444.0 22.1637525504
446.0 22.4585662784
448.0 22.7595368256
450.0 23.036212
452.0 23.2734071936
454.0 23.4865393472
456.0 23.70873248
458.0 23.9405508288
460.0 24.156388
462.0 24.3451418048
464.0 24.5166200064
466.0 24.6885462784
468.0 24.8624141888
470.0 25.038008
472.0 25.2168876608
474.0 25.3967630336
476.0 25.5694526848
478.0 25.7363838016
480.0 25.919628
482.0 26.1306027776
484.0 26.3582889216
486.0 26.5781919168
488.0 26.7904113344
490.0 27.01906
492.0 27.2755720064
494.0 27.548612832
496.0 27.8152313152
498.0 28.0750291712
500.0 28.346676
502.0 28.6362788352
504.0 28.9389254976
506.0 29.2496706176
508.0 29.5640334912
510.0 29.840244
512.0 30.0550024832
514.0 30.2322724096
516.0 30.428460864
518.0 30.6422734208
520.0 30.80484
522.0 30.8853101248
524.0 30.9135717504
526.0 30.9474093632
528.0 30.991867904
530.0 31.043396
532.0 31.105379072
534.0 31.172174752
536.0 31.22137952
538.0 31.256976224
540.0 31.344184
542.0 31.514035872
544.0 31.7355651968
546.0 31.9443162176
548.0 32.1360405632
550.0 32.329524
552.0 32.5290148992
554.0 32.7323890752
556.0 32.945288896
558.0 33.1634659904
560.0 33.335608
562.0 33.4422653504
564.0 33.500896192
566.0 33.5399115072
568.0 33.5715253632
570.0 33.698628
572.0 33.9848288192
574.0 34.3605109568
576.0 34.6536983552
578.0 34.8762067968
580.0 35.327032
582.0 36.1443290048
584.0 37.192166528
586.0 38.1971220544
588.0 39.1384847744
590.0 40.067036
592.0 40.9902601664
594.0 41.9084062016
596.0 42.8596264704
598.0 43.8336983296
600.0 44.682576
602.0 45.3304194176
604.0 45.8551264512
606.0 46.4284242304
608.0 47.0524037504
610.0 47.576364
612.0 47.9322812544
614.0 48.186818432
616.0 48.4680406912
618.0 48.7825197312
620.0 49.069932
622.0 49.3055174592
624.0 49.5127085312
626.0 49.7295414144
628.0 49.9577752
630.0 50.179736
632.0 50.387922784
634.0 50.5878451584
636.0 50.788281984
638.0 50.9892000704
640.0 51.18582
642.0 51.3755363264
644.0 51.5603238784
646.0 51.7447131456
648.0 51.9281398912
650.0 52.098556
652.0 52.2505846272
654.0 52.3909302336
656.0 52.5328689792
658.0 52.6776952896
660.0 52.824596
662.0 52.9735877056
664.0 53.1236912896
666.0 53.2717038784
668.0 53.4173599488
670.0 53.561008
672.0 53.7023825088
674.0 53.8426783296
676.0 53.9852145024
678.0 54.129559552
680.0 54.266304
682.0 54.390436096
684.0 54.5071667328
686.0 54.6282287168
688.0 54.753456096
690.0 54.86788
692.0 54.962804544
694.0 55.0482532288
696.0 55.1474427392
698.0 55.2582488896
700.0 55.33462
702.0 55.3549989056
704.0 55.3399802496
706.0 55.3315664832
708.0 55.332711552
710.0 55.33462
712.0 55.33462
714.0 55.33462
716.0 55.33462
718.0 55.33462
720.0 55.33462
722.0 55.33462
724.0 55.33462
726.0 55.33462
728.0 55.33462
730.0 55.33462
732.0 55.33462
734.0 55.33462
736.0 55.33462
738.0 55.33462
740.0 55.33462
742.0 55.33462
744.0 55.33462
746.0 55.33462
748.0 55.33462
750.0 55.33462
