380.0 9.17922
382.0 9.17944010476
384.0 9.17975454013
386.0 9.17871690341
388.0 9.17890556463
390.0 9.17922
392.0 9.181958208
394.0 9.1836011328
396.0 9.1715364224
398.0 9.1500456384
400.0 9.17922
402.0 9.2874538944
404.0 9.4457223168
406.0 9.59368512
408.0 9.7264633152
410.0 9.8534
412.0 9.9777146432
414.0 10.0969179648
416.0 10.2100640384
418.0 10.3191110976
420.0 10.444604
422.0 10.5989891456
424.0 10.7694882304
426.0 10.9247363264
428.0 11.0672227136
430.0 11.25362
432.0 11.5114762176
434.0 11.8131105728
436.0 12.1003568896
438.0 12.3714560768
440.0 12.664212
442.0 12.9936931008
444.0 13.3469551232
446.0 13.7035859712
448.0 14.0597687488
450.0 14.396336
452.0 14.7020029888
454.0 14.9875234048
456.0 15.2799806144
458.0 15.5791754752
460.0 15.858788
462.0 16.1069028352
464.0 16.3351034304
466.0 16.5658430912
468.0 16.8003498624
470.0 17.030824
472.0 17.2542285824
474.0 17.472505248
476.0 17.6878611584
478.0 17.900329504
480.0 18.109512
482.0 18.316703072
484.0 18.5200108672
486.0 18.7129632576
488.0 18.8979167616
490.0 19.105224
492.0 19.3497210816
494.0 19.6171693248
496.0 19.8770833472
498.0 20.1278368192
500.0 20.38098
502.0 20.6399646912
504.0 20.9022684224
506.0 21.1670448384
508.0 21.4323025152
510.0 21.67748
512.0 21.8909108672
514.0 22.0850249216
516.0 22.2891956672
518.0 22.5025601536
520.0 22.683564
522.0 22.8127244416
524.0 22.9107854784
526.0 23.019782752
528.0 23.141674496
530.0 23.254024
532.0 23.349280448
534.0 23.43283728
536.0 23.509341152
538.0 23.582443008
540.0 23.689648
542.0 23.849957632
544.0 24.0431423552
546.0 24.2245610816
548.0 24.3922555776
550.0 24.571268
552.0 24.7716218496
554.0 24.9842229568
556.0 25.1947164736
558.0 25.4013433088
560.0 25.598096
562.0 25.7850243328
564.0 25.9617134272
566.0 26.1229689856
568.0 26.2751303744
570.0 26.490088
572.0 26.8089149824
574.0 27.1877833984
576.0 27.5231226048
578.0 27.819612448
580.0 28.232584
582.0 28.835155712
584.0 29.554142752
586.0 30.2404870336
588.0 30.8868534784
590.0 31.561996
592.0 32.2903095424
594.0 33.0527760064
596.0 33.8284522496
598.0 34.6093061952
600.0 35.327032
602.0 35.9440581312
604.0 36.5000803072
606.0 37.0878491008
608.0 37.7069994176
610.0 38.262308
612.0 38.7088516416
614.0 39.090325504
616.0 39.494833504
618.0 39.9245330176
620.0 40.315964
622.0 40.6412797056
624.0 40.9270656448
626.0 41.2222610624
628.0 41.529653952
630.0 41.830276
632.0 42.11612832
634.0 42.3946123712
636.0 42.6778094592
638.0 42.965221728
640.0 43.240868
642.0 43.496268128
644.0 43.739470784
646.0 43.9884983552
648.0 44.2424547008
650.0 44.475136
652.0 44.6754234688
654.0 44.853838464
656.0 45.0297143936
658.0 45.2063371072
660.0 45.398244
662.0 45.6135003392
664.0 45.84424
666.0 46.0712125504
668.0 46.2934554688
670.0 46.51842
672.0 46.7479150208
674.0 46.9808950336
676.0 47.2186876544
678.0 47.459201888
680.0 47.680084
682.0 47.869933088
684.0 48.0397185792
686.0 48.2138520128
688.0 48.3931299584
690.0 48.561704
692.0 48.7100153024
694.0 48.8490830784
696.0 49.0045303168
698.0 49.172739264
700.0 49.287744
702.0 49.318528096
704.0 49.295875648
706.0 49.283097344
708.0 49.28483984
710.0 49.287744
712.0 49.287744
714.0 49.287744
716.0 49.287744
718.0 49.287744
720.0 49.287744
722.0 49.287744
724.0 49.287744
726.0 49.287744
728.0 49.287744
730.0 49.287744
732.0 49.287744
734.0 49.287744
736.0 49.287744
738.0 49.287744
740.0 49.287744
742.0 49.287744
744.0 49.287744
746.0 49.287744
748.0 49.287744
750.0 49.287744
