380.0 16.49148
382.0 16.4916000571
384.0 16.4917715673
386.0 16.4912055837
388.0 16.4913084898
390.0 16.49148
392.0 16.492973568
394.0 16.4938697088
396.0 16.4872814144
398.0 16.4754988224
400.0 16.49148
402.0 16.5504261504
404.0 16.636605024
406.0 16.7179546944
408.0 16.791189312
410.0 16.8545
412.0 16.908766304
414.0 16.9525444416
416.0 16.9811379712
418.0 16.9999901184
420.0 17.072312
422.0 17.2341483904
424.0 17.4470648064
426.0 17.62036848
428.0 17.7581750208
430.0 17.99542
432.0 18.3961774848
434.0 18.8967385024
436.0 19.3663660672
438.0 19.799484192
440.0 20.266888
442.0 20.79544512
444.0 21.361507392
446.0 21.9313201792
448.0 22.4976811648
450.0 23.015468
452.0 23.4592070528
454.0 23.8568612352
456.0 24.2751598464
458.0 24.7143684096
460.0 25.110612
462.0 25.4342681856
464.0 25.7136649728
466.0 26.0048111616
468.0 26.3095986048
470.0 26.593808
472.0 26.8433002368
474.0 27.0711523328
476.0 27.2993695232
478.0 27.5303083264
480.0 27.765844
482.0 28.0102415104
484.0 28.2585388928
486.0 28.4938090432
488.0 28.719404192
490.0 28.98974
492.0 29.330190528
494.0 29.7141536704
496.0 30.0871307904
498.0 30.444641184
500.0 30.794468
502.0 31.13549936
504.0 31.4717347072
506.0 31.8215781184
508.0 32.1809803648
510.0 32.485104
512.0 32.7004101248
514.0 32.8621967296
516.0 33.04851104
518.0 33.2593862464
520.0 33.418584
522.0 33.4914701184
524.0 33.5102558848
526.0 33.5373558464
528.0 33.5763877568
530.0 33.60528
532.0 33.6180417088
534.0 33.6193693248
536.0 33.6094122048
538.0 33.5926510528
540.0 33.615652
542.0 33.7020134208
544.0 33.8275395136
546.0 33.9388103296
548.0 34.0338344448
550.0 34.144624
552.0 34.2841730368
554.0 34.4405827968
556.0 34.5944534912
558.0 34.7434949824
560.0 34.881036
562.0 35.0081054464
564.0 35.1228114688
566.0 35.2148982336
568.0 35.2932275776
570.0 35.461868
572.0 35.7799647936
574.0 36.1845225792
576.0 36.527196864
578.0 36.8145261568
580.0 37.266596
582.0 37.9866451328
584.0 38.8717999104
586.0 39.7131931456
588.0 40.4998056256
590.0 41.322048
592.0 42.2107707456
594.0 43.1415291328
596.0 44.09054224
598.0 45.0461270464
600.0 45.906472
602.0 46.6159499904
604.0 47.2324450752
606.0 47.8907434688
608.0 48.5904800768
610.0 49.194396
612.0 49.6379691008
614.0 49.9849249472
616.0 50.3633452928
618.0 50.7766819392
620.0 51.13396
622.0 51.3952680192
624.0 51.5986919808
626.0 51.8142304384
628.0 52.0458330496
630.0 52.264508
632.0 52.4582237696
634.0 52.6387795456
636.0 52.8254755456
638.0 53.0183117696
640.0 53.197988
642.0 53.3550283776
644.0 53.4982117632
646.0 53.6458426624
648.0 53.7976887424
650.0 53.9344
652.0 54.0477784064
654.0 54.1455573248
656.0 54.2417265088
658.0 54.3382773824
660.0 54.442628
662.0 54.5593254464
664.0 54.6833579712
666.0 54.801997056
668.0 54.9153090816
670.0 55.033832
672.0 55.1617478016
674.0 55.2967331584
676.0 55.4355851968
678.0 55.5768435392
680.0 55.708012
682.0 55.8219546432
684.0 55.9248116928
686.0 56.0316847808
688.0 56.1420760512
690.0 56.236984
692.0 56.3066174592
694.0 56.3617633088
696.0 56.425837376
698.0 56.498275424
700.0 56.548144
702.0 56.561337184
704.0 56.551628992
706.0 56.546152576
708.0 56.54689936
710.0 56.548144
712.0 56.548144
714.0 56.548144
716.0 56.548144
718.0 56.548144
720.0 56.548144
722.0 56.548144
724.0 56.548144
726.0 56.548144
728.0 56.548144
730.0 56.548144
732.0 56.548144
734.0 56.548144
736.0 56.548144
738.0 56.548144
740.0 56.548144
742.0 56.548144
744.0 56.548144
746.0 56.548144
748.0 56.548144
750.0 56.548144
