380.0 13.265788
382.0 13.2659614159
384.0 13.2662091528
386.0 13.2653916209
388.0 13.265540263
390.0 13.265788
392.0 13.267945376
394.0 13.2692398016
396.0 13.2597473472
398.0 13.2429198144
400.0 13.265788
402.0 13.3504567104
404.0 13.4749539008
406.0 13.5937589376
408.0 13.7027894016
410.0 13.805132
412.0 13.9023466816
414.0 13.9922760704
416.0 14.071982816
418.0 14.14491872
420.0 14.251128
422.0 14.4150056
424.0 14.6107625792
426.0 14.775287392
428.0 14.9136249792
430.0 15.14312
432.0 15.5208433472
434.0 15.9886952256
436.0 16.4245349632
438.0 16.8245124736
440.0 17.26938
442.0 17.7915977536
444.0 18.3622900864
446.0 18.9348908672
448.0 19.5018326848
450.0 20.028332
452.0 20.4933129088
454.0 20.9191125504
456.0 21.3620218432
458.0 21.82144336
460.0 22.237568
462.0 22.582250304
464.0 22.8825736384
466.0 23.1931528064
468.0 23.51581328
470.0 23.814112
472.0 24.07258224
474.0 24.3072217728
476.0 24.5465743424
478.0 24.7929300864
480.0 25.038008
482.0 25.2792524224
484.0 25.5192853952
486.0 25.760148128
488.0 26.0024048576
490.0 26.251532
492.0 26.5095541696
494.0 26.7731855168
496.0 27.0364683648
498.0 27.2977431936
500.0 27.548032
502.0 27.7802486336
504.0 28.0026409088
506.0 28.2375293696
508.0 28.4818273088
510.0 28.67858
512.0 28.7985467008
514.0 28.872494912
516.0 28.967917312
518.0 29.0848139008
520.0 29.155692
522.0 29.1505308928
524.0 29.097525824
526.0 29.0501963136
528.0 29.0128239232
530.0 28.979368
532.0 28.9516706112
534.0 28.9257986944
536.0 28.8837464576
538.0 28.82959632
540.0 28.823788
542.0 28.896226048
544.0 29.0173378176
546.0 29.1234807168
548.0 29.2122650368
550.0 29.321644
552.0 29.4666694528
554.0 29.6329865472
556.0 29.797677312
558.0 29.957323136
560.0 30.099544
562.0 30.221435744
564.0 30.3248072448
566.0 30.4094427648
568.0 30.483142048
570.0 30.628516
572.0 30.896694432
574.0 31.2325314944
576.0 31.5002286656
578.0 31.7111702528
580.0 32.122084
582.0 32.8546625088
584.0 33.7878437952
586.0 34.6721522176
588.0 35.4936809984
590.0 36.35386
592.0 37.2869583104
594.0 38.2645151616
596.0 39.2588995456
598.0 40.2576650624
600.0 41.156096
602.0 41.8966899904
604.0 42.5401688704
606.0 43.228255648
608.0 43.9604192768
610.0 44.589228
612.0 45.0456623808
614.0 45.3977793344
616.0 45.7819416192
618.0 46.202530368
620.0 46.57028
622.0 46.846673056
624.0 47.068136
626.0 47.299887968
628.0 47.545911808
630.0 47.783804
632.0 48.004769088
634.0 48.216606816
636.0 48.4302866112
638.0 48.6459080448
640.0 48.85212
642.0 49.0431141568
644.0 49.2255617856
646.0 49.4137347584
648.0 49.6072016
650.0 49.7856
652.0 49.939603456
654.0 50.078339328
656.0 50.219896384
658.0 50.36560224
660.0 50.51164
662.0 50.657179904
664.0 50.8025870464
666.0 50.9463180736
668.0 51.0888044608
670.0 51.23768
672.0 51.3970603008
674.0 51.5619004224
676.0 51.7208824384
678.0 51.8741723008
680.0 52.036324
682.0 52.2126314048
684.0 52.3984976448
686.0 52.5873842112
688.0 52.7763371584
690.0 52.938688
692.0 53.0592023424
694.0 53.1549068608
696.0 53.2660781056
698.0 53.3916207936
700.0 53.478032
702.0 53.5009001856
704.0 53.4840726528
706.0 53.4745801984
708.0 53.475874624
710.0 53.478032
712.0 53.478032
714.0 53.478032
716.0 53.478032
718.0 53.478032
720.0 53.478032
722.0 53.478032
724.0 53.478032
726.0 53.478032
728.0 53.478032
730.0 53.478032
732.0 53.478032
734.0 53.478032
736.0 53.478032
738.0 53.478032
740.0 53.478032
742.0 53.478032
744.0 53.478032
746.0 53.478032
748.0 53.478032
750.0 53.478032
