380.0 11.792964
382.0 11.7931374159
384.0 11.7933851528
386.0 11.7925676209
388.0 11.792716263
390.0 11.792964
392.0 11.795121376
394.0 11.7964158016
396.0 11.786906752
398.0 11.7699464576
400.0 11.792964
402.0 11.8783131136
404.0 12.0030094464
406.0 12.1193749888
408.0 12.2234600832
410.0 12.321936
412.0 12.4181217792
414.0 12.5088311424
416.0 12.5889195776
418.0 12.661805696
420.0 12.767932
422.0 12.930813888
424.0 13.12597344
426.0 13.2948793856
428.0 13.4409835264
430.0 13.659924
432.0 13.9980014144
434.0 14.4080522112
436.0 14.7915340928
438.0 15.1454267328
440.0 15.537256
442.0 15.9945201408
444.0 16.4919446656
446.0 16.9875603136
448.0 17.4753928128
450.0 17.933188
452.0 18.3468897408
454.0 18.7321141184
456.0 19.1290713024
458.0 19.5375953408
460.0 19.91424
462.0 20.2389914688
464.0 20.5321954624
466.0 20.8340787456
468.0 21.1464004096
470.0 21.449296
472.0 21.7347002496
474.0 22.0084878592
476.0 22.2793547136
478.0 22.5481637632
480.0 22.8184
482.0 23.0940628672
484.0 23.3701904
486.0 23.6322120128
488.0 23.8830152704
490.0 24.16676
492.0 24.5045884864
494.0 24.8760886336
496.0 25.2384946112
498.0 25.5891179968
500.0 25.940372
502.0 26.2933353088
504.0 26.6490202304
506.0 27.0190765952
508.0 27.397928416
510.0 27.713984
512.0 27.92930672
514.0 28.0833599616
516.0 28.2652931392
518.0 28.4745752064
520.0 28.616348
522.0 28.6478290944
524.0 28.61053968
526.0 28.5848337152
528.0 28.5762871872
530.0 28.564488
532.0 28.5460009472
534.0 28.5214400512
536.0 28.4787903872
538.0 28.4238602752
540.0 28.429652
542.0 28.5320609792
544.0 28.6954905088
546.0 28.8433537408
548.0 28.9716678272
550.0 29.114204
552.0 29.2829937792
554.0 29.4671673088
556.0 29.6533322624
558.0 29.8378045056
560.0 29.995824
562.0 30.1210015936
564.0 30.2176354432
566.0 30.2864225472
568.0 30.3393114496
570.0 30.504052
572.0 30.8539286016
574.0 31.3106119104
576.0 31.6883352576
578.0 31.9953298624
580.0 32.505848
582.0 33.3485024704
584.0 34.3960744704
586.0 35.390342688
588.0 36.3174999168
590.0 37.28734
592.0 38.3368868288
594.0 39.4361860672
596.0 40.556760352
598.0 41.68423824
600.0 42.691152
602.0 43.508631552
604.0 44.2097289664
606.0 44.9629850944
608.0 45.769063744
610.0 46.46656
612.0 46.980264416
614.0 47.3833950144
616.0 47.821475104
618.0 48.2987862464
620.0 48.717284
622.0 49.0344514624
624.0 49.2906149696
626.0 49.5586274496
628.0 49.8429696064
630.0 50.117504
632.0 50.3716097024
634.0 50.6156421184
636.0 50.8656819968
638.0 51.121430624
640.0 51.362144
642.0 51.577134816
644.0 51.777355904
646.0 51.9866047808
648.0 52.2041180672
650.0 52.399344
652.0 52.5591723712
654.0 52.695319392
656.0 52.829325632
658.0 52.9645101312
660.0 53.115012
662.0 53.2889462912
664.0 53.4782975232
666.0 53.6630352896
668.0 53.8423630208
670.0 54.027748
672.0 54.2229739328
674.0 54.4242571136
676.0 54.6271500288
678.0 54.8294289216
680.0 55.013088
682.0 55.1685518336
684.0 55.305827328
686.0 55.4478490496
688.0 55.594915712
690.0 55.728756
692.0 55.83952896
694.0 55.9367104512
696.0 56.041409568
698.0 56.1518672192
700.0 56.226612
702.0 56.2465428352
704.0 56.231922464
706.0 56.2235584832
708.0 56.224703552
710.0 56.226612
712.0 56.226612
714.0 56.226612
716.0 56.226612
718.0 56.226612
720.0 56.226612
722.0 56.226612
724.0 56.226612
726.0 56.226612
728.0 56.226612
730.0 56.226612
732.0 56.226612
734.0 56.226612
736.0 56.226612
738.0 56.226612
740.0 56.226612
742.0 56.226612
744.0 56.226612
746.0 56.226612
748.0 56.226612
750.0 56.226612
