380.0 13.711784
382.0 13.7120641333
384.0 13.7124643238
386.0 13.7111436952
388.0 13.7113838095
390.0 13.711784
392.0 13.715268992
394.0 13.7173599872
396.0 13.7020094272
398.0 13.674693728
400.0 13.711784
402.0 13.849275232
404.0 14.0506081984
406.0 14.23992624
408.0 14.4108899904
410.0 14.57266
412.0 14.7286050944
414.0 14.8760534464
416.0 15.0138599872
418.0 15.1455760896
420.0 15.309072
422.0 15.5271827136
424.0 15.7758783808
426.0 15.9965447552
428.0 16.1935297792
430.0 16.470736
432.0 16.8778328512
434.0 17.3652504704
436.0 17.8302313792
438.0 18.2680293504
440.0 18.731832
442.0 19.2415037824
444.0 19.7790057152
446.0 20.31916288
448.0 20.8563992896
450.0 21.355948
452.0 21.7985087936
454.0 22.2053401216
456.0 22.6266922496
458.0 23.0632289856
460.0 23.471836
462.0 23.8324165056
464.0 24.1639720064
466.0 24.5040408448
468.0 24.8533200192
470.0 25.183216
472.0 25.4815313152
474.0 25.7597664384
476.0 26.0384828224
478.0 26.3196718912
480.0 26.60418
482.0 26.8941977152
484.0 27.1867379008
486.0 27.4717936512
488.0 27.7505598208
490.0 28.045888
492.0 28.3677353088
494.0 28.706542912
496.0 29.0440394944
498.0 29.3774370624
500.0 29.695036
502.0 29.9859000704
504.0 30.2631892672
506.0 30.5641930048
508.0 30.8829038208
510.0 31.116
512.0 31.2108249728
514.0 31.2220599232
516.0 31.2693064576
518.0 31.3535934784
520.0 31.364928
522.0 31.2558477504
524.0 31.0714252928
526.0 30.8941719616
528.0 30.7326176896
530.0 30.5974
532.0 30.5018614336
534.0 30.4282783168
536.0 30.3226498688
538.0 30.1909503616
540.0 30.151404
542.0 30.2599034176
544.0 30.4616180736
546.0 30.6435014656
548.0 30.7982517056
550.0 30.96042
552.0 31.1386192576
554.0 31.3270577536
556.0 31.5306642624
558.0 31.7425351808
560.0 31.883528
562.0 31.9217633408
564.0 31.8875606336
566.0 31.8350866112
568.0 31.7804054272
570.0 31.84204
572.0 32.0967099392
574.0 32.4585682752
576.0 32.7111638144
578.0 32.872021088
580.0 33.34598
582.0 34.322109664
584.0 35.6142285312
586.0 36.843667328
588.0 37.9842720192
590.0 39.133556
592.0 40.3147359552
594.0 41.5145855104
596.0 42.7575162048
598.0 44.0268000768
600.0 45.1182
602.0 45.9270334528
604.0 46.5617002816
606.0 47.2621504832
608.0 48.0331634752
610.0 48.686168
612.0 49.1357485632
614.0 49.4639684288
616.0 49.8278845696
618.0 50.2332057344
620.0 50.584244
622.0 50.8401751744
624.0 51.0400975488
626.0 51.2527982272
628.0 51.482293248
630.0 51.70442
632.0 51.909536672
634.0 52.1047957952
636.0 52.2997893952
638.0 52.494517472
640.0 52.679388
642.0 52.8494888
644.0 53.0113251904
646.0 53.1787707584
648.0 53.3514936
650.0 53.509148
652.0 53.64232448
654.0 53.7602665664
656.0 53.8814447168
658.0 54.0070537856
660.0 54.131468
662.0 54.2524138176
664.0 54.371932448
666.0 54.4929778368
668.0 54.6152844608
670.0 54.733044
672.0 54.8438833408
674.0 54.9500096448
676.0 55.055322784
678.0 55.1607520896
680.0 55.272388
682.0 55.3921721536
684.0 55.5185280064
686.0 55.6495471104
688.0 55.7827401856
690.0 55.894708
692.0 55.9727552256
694.0 56.0294776192
696.0 56.0941491136
698.0 56.1666369472
700.0 56.21624
702.0 56.2292838272
704.0 56.2197083968
706.0 56.214248576
708.0 56.21499536
710.0 56.21624
712.0 56.21624
714.0 56.21624
716.0 56.21624
718.0 56.21624
720.0 56.21624
722.0 56.21624
724.0 56.21624
726.0 56.21624
728.0 56.21624
730.0 56.21624
732.0 56.21624
734.0 56.21624
736.0 56.21624
738.0 56.21624
740.0 56.21624
742.0 56.21624
744.0 56.21624
746.0 56.21624
748.0 56.21624
750.0 56.21624
