380.0 12.373796
382.0 12.3740561238
384.0 12.3744277292
386.0 12.3732014313
388.0 12.3734243946
390.0 12.373796
392.0 12.377032064
394.0 12.3789737024
396.0 12.3647350208
398.0 12.3394937216
400.0 12.373796
402.0 12.5007160896
404.0 12.6874120896
406.0 12.8659930368
408.0 13.0302523264
410.0 13.182812
412.0 13.3239043904
414.0 13.453230784
416.0 13.5744089344
418.0 13.690791072
420.0 13.836248
422.0 14.0312416
424.0 14.2535508992
426.0 14.4490589504
428.0 14.6213503168
430.0 14.863076
432.0 15.2180307328
434.0 15.642718496
436.0 16.0479400896
438.0 16.4290156672
440.0 16.823384
442.0 17.2439229632
444.0 17.6808081984
446.0 18.1247132032
448.0 18.5712236544
450.0 18.98076
452.0 19.3326114304
454.0 19.6482853248
456.0 19.9765217856
458.0 20.3185488576
460.0 20.64028
462.0 20.9263480576
464.0 21.1908589504
466.0 21.4603981888
468.0 21.7356627712
470.0 21.999012
472.0 22.2433099392
474.0 22.4750950976
476.0 22.7051211648
478.0 22.93498128
480.0 23.171048
482.0 23.41831648
484.0 23.6709618048
486.0 23.9130525824
488.0 24.1462151424
490.0 24.405316
492.0 24.7067180224
494.0 25.0334609152
496.0 25.35082752
498.0 25.6565608896
500.0 25.961116
502.0 26.2655217536
504.0 26.5712053376
506.0 26.888953632
508.0 27.2143191232
510.0 27.4858
512.0 27.6711849792
514.0 27.8045771968
516.0 27.962248192
518.0 28.144297536
520.0 28.274072
522.0 28.317385472
524.0 28.3072292096
526.0 28.3065322112
528.0 28.3200738944
530.0 28.336304
532.0 28.3542600064
534.0 28.3728466304
536.0 28.379949376
538.0 28.3790200448
540.0 28.41928
542.0 28.5247259008
544.0 28.6711619456
546.0 28.8070600384
548.0 28.929665376
550.0 29.062344
552.0 29.212862464
554.0 29.374250784
556.0 29.5393232384
558.0 29.7046280256
560.0 29.840244
562.0 29.9352183296
564.0 29.9999728
566.0 30.0513017536
568.0 30.097801504
570.0 30.213636
572.0 30.44638368
574.0 30.7434543552
576.0 30.9730489472
578.0 31.146618144
580.0 31.520508
582.0 32.215929856
584.0 33.1116723712
586.0 33.9584092608
588.0 34.7416695104
590.0 35.555216
592.0 36.4294843264
594.0 37.3414071616
596.0 38.274920352
598.0 39.217942592
600.0 40.056664
602.0 40.730346144
604.0 41.30171888
606.0 41.9145298304
608.0 42.5699738496
610.0 43.137148
612.0 43.5553968256
614.0 43.8849443072
616.0 44.2446950528
618.0 44.638100864
620.0 44.983364
622.0 45.244904352
624.0 45.4557795584
626.0 45.6757821248
628.0 45.9084302336
630.0 46.134656
632.0 46.3472902976
634.0 46.551776352
636.0 46.7543373632
638.0 46.9552388544
640.0 47.151112
642.0 47.3400815424
644.0 47.5248524992
646.0 47.7113327616
648.0 47.899057664
650.0 48.07422
652.0 48.230297856
654.0 48.374510144
656.0 48.5216929728
658.0 48.6727424832
660.0 48.821004
662.0 48.9638222912
664.0 49.1035870656
666.0 49.2438828864
668.0 49.3847761344
670.0 49.5263
672.0 49.6690519104
674.0 49.8107085376
676.0 49.9453951808
678.0 50.0737092672
680.0 50.210852
682.0 50.3631295552
684.0 50.5246340416
686.0 50.684727936
688.0 50.8411211008
690.0 50.97838
692.0 51.0868960128
694.0 51.1779704704
696.0 51.2795164992
698.0 51.390272864
700.0 51.465864
702.0 51.485944192
704.0 51.4711910592
706.0 51.4628104832
708.0 51.463955552
710.0 51.465864
712.0 51.465864
714.0 51.465864
716.0 51.465864
718.0 51.465864
720.0 51.465864
722.0 51.465864
724.0 51.465864
726.0 51.465864
728.0 51.465864
730.0 51.465864
732.0 51.465864
734.0 51.465864
736.0 51.465864
738.0 51.465864
740.0 51.465864
742.0 51.465864
744.0 51.465864
746.0 51.465864
748.0 51.465864
750.0 51.465864
