380.0 16.398132
382.0 16.3983054159
384.0 16.3985531528
386.0 16.3977356209
388.0 16.397884263
390.0 16.398132
392.0 16.400289376
394.0 16.4015838016
396.0 16.3920913472
398.0 16.3752638144
400.0 16.398132
402.0 16.4830496384
404.0 16.6076961856
406.0 16.7254225344
408.0 16.8326441216
410.0 16.937476
412.0 17.0446478016
414.0 17.1492639424
416.0 17.2413009216
418.0 17.3250071104
420.0 17.456076
422.0 17.6661214464
424.0 17.9215049792
426.0 18.1432500416
428.0 18.33520672
430.0 18.61774
432.0 19.047804608
434.0 19.5688441024
436.0 20.065090368
438.0 20.5311997504
440.0 21.024044
442.0 21.5639190464
444.0 22.1344122368
446.0 22.7162731392
448.0 23.302233056
450.0 23.834856
452.0 24.28251152
454.0 24.6771619712
456.0 25.0940831808
458.0 25.5330760064
460.0 25.919628
462.0 26.2197853824
464.0 26.4666389824
466.0 26.7247607232
468.0 26.9977019776
470.0 27.257616
472.0 27.4942303616
474.0 27.7171204928
476.0 27.939097888
478.0 28.1624194944
480.0 28.398536
482.0 28.6543841984
484.0 28.9216332992
486.0 29.1798214208
488.0 29.4292472768
490.0 29.695036
492.0 29.9885055168
494.0 30.2986698048
496.0 30.6042206272
498.0 30.9035316544
500.0 31.198976
502.0 31.4887613824
504.0 31.7766715072
506.0 32.0762314624
508.0 32.3842217792
510.0 32.651056
512.0 32.8505468992
514.0 33.0098774144
516.0 33.1901012864
518.0 33.3905547072
520.0 33.543048
522.0 33.6162494272
524.0 33.6408269184
526.0 33.6773529536
528.0 33.729246144
530.0 33.771232
532.0 33.79529504
534.0 33.8083554624
536.0 33.8160888256
538.0 33.8225775488
540.0 33.86458
542.0 33.9606496128
544.0 34.091768288
546.0 34.215817408
548.0 34.3304736448
550.0 34.455784
552.0 34.5993988608
554.0 34.7531036032
556.0 34.9043854464
558.0 35.0516844416
560.0 35.192196
562.0 35.3282434496
564.0 35.4568396544
566.0 35.5661190464
568.0 35.6632175616
570.0 35.83526
572.0 36.1310362496
574.0 36.4988356672
576.0 36.817944768
578.0 37.0929106368
580.0 37.49478
582.0 38.1039731968
584.0 38.8401362688
586.0 39.5399890432
588.0 40.1955990144
590.0 40.886424
592.0 41.6406260544
594.0 42.4345238272
596.0 43.2401875968
598.0 44.0476270528
600.0 44.775924
602.0 45.3796407808
604.0 45.9078659968
606.0 46.4765005248
608.0 47.0840507968
610.0 47.597108
612.0 47.9533903488
614.0 48.214283488
616.0 48.5029072064
618.0 48.8244392064
620.0 49.11142
622.0 49.3358202944
624.0 49.5235783872
626.0 49.7180907264
628.0 49.9224440192
630.0 50.127876
632.0 50.3303540352
634.0 50.5329482368
636.0 50.7403550464
638.0 50.9502179456
640.0 51.13396
642.0 51.2777242176
644.0 51.3954671616
646.0 51.51689424
648.0 51.6438641152
650.0 51.766652
652.0 51.8824201152
654.0 51.99317648
656.0 52.0990870464
658.0 52.2015126208
660.0 52.316368
662.0 52.4512703808
664.0 52.5978391872
666.0 52.7384005312
668.0 52.8716267968
670.0 53.00092
672.0 53.1271099008
674.0 53.2504952128
676.0 53.373648192
678.0 53.4965024576
680.0 53.612868
682.0 53.7196249216
684.0 53.8206896896
686.0 53.9243930944
688.0 54.0306355648
690.0 54.131468
692.0 54.2217292928
694.0 54.3056180288
696.0 54.3940704448
698.0 54.4850951168
700.0 54.546348
702.0 54.5627606528
704.0 54.5507291328
706.0 54.5438255296
708.0 54.544771456
710.0 54.546348
712.0 54.546348
714.0 54.546348
716.0 54.546348
718.0 54.546348
720.0 54.546348
722.0 54.546348
724.0 54.546348
726.0 54.546348
728.0 54.546348
730.0 54.546348
732.0 54.546348
734.0 54.546348
736.0 54.546348
738.0 54.546348
740.0 54.546348
742.0 54.546348
744.0 54.546348
746.0 54.546348
748.0 54.546348
750.0 54.546348
