380.0 13.265788
382.0 13.2661415016
384.0 13.2666465038
386.0 13.2649799964
388.0 13.2652829977
390.0 13.265788
392.0 13.270185728
394.0 13.2728243648
396.0 13.2534577664
398.0 13.2190227264
400.0 13.265788
402.0 13.4388261504
404.0 13.6926663296
406.0 13.9334626816
408.0 14.1527516544
410.0 14.354848
412.0 14.5396687424
414.0 14.7085249024
416.0 14.871207648
418.0 15.0311687808
420.0 15.215724
422.0 15.4422318848
424.0 15.6915415744
426.0 15.9157427264
428.0 16.1186522368
430.0 16.38776
432.0 16.7650352768
434.0 17.2092721856
436.0 17.6347565184
438.0 18.03773776
440.0 18.46216
442.0 18.924253344
444.0 19.4099782528
446.0 19.9005821504
448.0 20.3910532864
450.0 20.84772
452.0 21.2514314304
454.0 21.6219358656
456.0 22.006811744
458.0 22.405760352
460.0 22.76654
462.0 23.065087648
464.0 23.326462048
466.0 23.6003160384
468.0 23.8890061376
470.0 24.16676
472.0 24.4232886016
474.0 24.6671550656
476.0 24.9113202432
478.0 25.157410464
480.0 25.4114
482.0 25.677006176
484.0 25.9501133824
486.0 26.2201504768
488.0 26.4869846976
490.0 26.75976
492.0 27.0427579456
494.0 27.3317633536
496.0 27.6183790528
498.0 27.9023727104
500.0 28.191096
502.0 28.4853620864
504.0 28.7847228992
506.0 29.0930285248
508.0 29.4059310208
510.0 29.674292
512.0 29.8714263808
514.0 30.0253468608
516.0 30.200442816
518.0 30.3956521536
520.0 30.535168
522.0 30.5847544576
524.0 30.5776849024
526.0 30.5787138048
528.0 30.5928529152
530.0 30.607772
532.0 30.6228072512
534.0 30.6370293376
536.0 30.6374276224
538.0 30.6283832384
540.0 30.670004
542.0 30.7915140544
544.0 30.9627267328
546.0 31.1195015872
548.0 31.258386816
550.0 31.406416
552.0 31.572699904
554.0 31.7506170432
556.0 31.934724192
558.0 32.1214367872
560.0 32.277664
562.0 32.3917725952
564.0 32.4730392896
566.0 32.53447472
568.0 32.5860691968
570.0 32.72366
572.0 33.0056788288
574.0 33.3684830912
576.0 33.6562936448
578.0 33.8798641792
580.0 34.310576
582.0 35.0743036992
584.0 36.0469981568
586.0 36.9782709952
588.0 37.8500666368
590.0 38.718676
592.0 39.5962965568
594.0 40.4775348672
596.0 41.384362976
598.0 42.307719904
600.0 43.126776
602.0 43.778303552
604.0 44.328517408
606.0 44.9255795136
608.0 45.5696226304
610.0 46.113912
612.0 46.4909881344
614.0 46.7660867648
616.0 47.0674058112
618.0 47.400786784
620.0 47.700828
622.0 47.940379712
624.0 48.1452640512
626.0 48.3585621568
628.0 48.5825641664
630.0 48.80026
632.0 49.0046630784
634.0 49.2006689856
636.0 49.3952974912
638.0 49.5886813568
640.0 49.775228
642.0 49.9518673088
644.0 50.1232957248
646.0 50.2997690816
648.0 50.480689952
650.0 50.646476
652.0 50.788199008
654.0 50.9145880512
656.0 51.0429685184
658.0 51.1749335488
660.0 51.310284
662.0 51.4495841088
664.0 51.5919377344
666.0 51.733710528
668.0 51.8745373952
670.0 52.01558
672.0 52.1569047232
674.0 52.2979141376
676.0 52.4383593152
678.0 52.5777092096
680.0 52.710504
682.0 52.8336071936
684.0 52.9511178048
686.0 53.0725448832
688.0 53.1975897152
690.0 53.31208
692.0 53.4076849472
694.0 53.4933327744
696.0 53.5900827904
698.0 53.6959435712
700.0 53.768448
702.0 53.7877980032
704.0 53.7735593216
706.0 53.7655272448
708.0 53.766622528
710.0 53.768448
712.0 53.768448
714.0 53.768448
716.0 53.768448
718.0 53.768448
720.0 53.768448
722.0 53.768448
724.0 53.768448
726.0 53.768448
728.0 53.768448
730.0 53.768448
732.0 53.768448
734.0 53.768448
736.0 53.768448
738.0 53.768448
740.0 53.768448
742.0 53.768448
744.0 53.768448
746.0 53.768448
748.0 53.768448
750.0 53.768448
