380.0 11.533664
382.0 11.5338640952
384.0 11.5341499456
386.0 11.5332066395
388.0 11.5333781497
390.0 11.533664
392.0 11.53615328
394.0 11.537646848
396.0 11.5267106112
398.0 11.5074269888
400.0 11.533664
402.0 11.6305633728
404.0 11.7739459008
406.0 11.9139927936
408.0 12.045791872
410.0 12.166356
412.0 12.27339504
414.0 12.3689999872
416.0 12.4608710144
418.0 12.5515969728
420.0 12.664212
422.0 12.8127224448
424.0 12.9811305344
426.0 13.1305039296
428.0 13.2630995776
430.0 13.442112
432.0 13.6976448896
434.0 14.000457504
436.0 14.2902428864
438.0 14.5642130432
440.0 14.852704
442.0 15.1669507072
444.0 15.4964815936
446.0 15.826759264
448.0 16.1544978688
450.0 16.460364
452.0 16.7334214208
454.0 16.9853697472
456.0 17.244321248
458.0 17.510508256
460.0 17.756864
462.0 17.971522912
464.0 18.1665828928
466.0 18.3647627712
468.0 18.5679212096
470.0 18.77332
472.0 18.9810587136
474.0 19.1896437824
476.0 19.3928022208
478.0 19.5912310272
480.0 19.800148
482.0 20.0277677632
484.0 20.2655105984
486.0 20.4939767168
488.0 20.7140290688
490.0 20.95144
492.0 21.2192699328
494.0 21.5056864896
496.0 21.7850003008
498.0 22.0574768896
500.0 22.35166
502.0 22.6786352256
504.0 23.026918688
506.0 23.3774259072
508.0 23.7254438464
510.0 24.042296
512.0 24.3102586944
514.0 24.548781504
516.0 24.8063721984
518.0 25.08074064
520.0 25.297308
522.0 25.421191168
524.0 25.4876051584
526.0 25.5679259264
528.0 25.66613632
530.0 25.753676
532.0 25.8221312
534.0 25.8768289792
536.0 25.9178689088
538.0 25.9506942144
540.0 26.03372
542.0 26.1953904384
544.0 26.4077260224
546.0 26.6106355328
548.0 26.799837408
550.0 26.987944
552.0 27.177461184
554.0 27.3675094144
556.0 27.5641791296
558.0 27.7652465728
560.0 27.942168
562.0 28.0860317888
564.0 28.20312752
566.0 28.2988320384
568.0 28.3826377984
570.0 28.554116
572.0 28.8699558464
574.0 29.26895424
576.0 29.6066499648
578.0 29.8885858176
580.0 30.317356
582.0 30.9880178176
584.0 31.8080364352
586.0 32.5897865216
588.0 33.3236760512
590.0 34.092764
592.0 34.9259426112
594.0 35.7985348224
596.0 36.6830091968
598.0 37.5692758528
600.0 38.3764
602.0 39.0592758848
604.0 39.6665274432
606.0 40.3125121984
608.0 40.9961680576
610.0 41.59172
612.0 42.0405869696
614.0 42.3996905024
616.0 42.7827243136
618.0 43.1942686784
620.0 43.572772
622.0 43.8930095744
624.0 44.177418112
626.0 44.4624904576
628.0 44.7516784128
630.0 45.045596
632.0 45.3447908608
634.0 45.6492132096
636.0 45.9569545984
638.0 46.265592128
640.0 46.549536
642.0 46.795808768
644.0 47.0177197824
646.0 47.2446757376
648.0 47.4777719168
650.0 47.700828
652.0 47.9080854528
654.0 48.10367648
656.0 48.2920983808
658.0 48.475740864
660.0 48.675796
662.0 48.902569408
664.0 49.1463860864
666.0 49.3863028928
668.0 49.6205275456
670.0 49.847832
672.0 50.0661086656
674.0 50.27889232
676.0 50.4968370816
678.0 50.719245952
680.0 50.92652
682.0 51.10948208
684.0 51.2772097664
686.0 51.4481569216
688.0 51.6234188288
690.0 51.797768
692.0 51.9660267328
694.0 52.1336382528
696.0 52.3159033344
698.0 52.5076442752
700.0 52.6379
702.0 52.6729324672
704.0 52.6471767168
706.0 52.632589536
708.0 52.63458096
710.0 52.6379
712.0 52.6379
714.0 52.6379
716.0 52.6379
718.0 52.6379
720.0 52.6379
722.0 52.6379
724.0 52.6379
726.0 52.6379
728.0 52.6379
730.0 52.6379
732.0 52.6379
734.0 52.6379
736.0 52.6379
738.0 52.6379
740.0 52.6379
742.0 52.6379
744.0 52.6379
746.0 52.6379
748.0 52.6379
750.0 52.6379
