380.0 14.0022
382.0 14.002326727
384.0 14.0025077655
386.0 14.0019103383
388.0 14.0020189615
390.0 14.0022
392.0 14.003776544
394.0 14.0047224704
396.0 13.9977856768
398.0 13.9854886336
400.0 14.0022
402.0 14.0641498816
404.0 14.1551745536
406.0 14.2416521408
408.0 14.3206950784
410.0 14.396336
412.0 14.4710475904
414.0 14.5415274048
416.0 14.601203744
418.0 14.6531633152
420.0 14.738612
422.0 14.8815962432
424.0 15.0563105088
426.0 15.2013027712
428.0 15.3204231168
430.0 15.516512
432.0 15.8393550208
434.0 16.2390338176
436.0 16.6111811776
438.0 16.9524780608
440.0 17.331612
442.0 17.7761808128
444.0 18.2610095808
446.0 18.7453073024
448.0 19.2229005632
450.0 19.665312
452.0 20.0546519872
454.0 20.4121955712
456.0 20.7913295104
458.0 21.19082576
460.0 21.542644
462.0 21.814888256
464.0 22.0383260288
466.0 22.2750399616
468.0 22.5277516672
470.0 22.76654
472.0 22.9797219392
474.0 23.1769890816
476.0 23.372347776
478.0 23.5678226368
480.0 23.772624
482.0 23.9929086848
484.0 24.2217564928
486.0 24.441161632
488.0 24.6520534336
490.0 24.882428
492.0 25.1455117056
494.0 25.4281777472
496.0 25.7035916864
498.0 25.9705254784
500.0 26.24116
502.0 26.5174202944
504.0 26.7997710272
506.0 27.0965097984
508.0 27.4024257152
510.0 27.651752
512.0 27.8090910912
514.0 27.91146688
516.0 28.0433655296
518.0 28.2035921856
520.0 28.294816
522.0 28.2729601216
524.0 28.1809065472
526.0 28.1022121088
528.0 28.042651936
530.0 27.983656
532.0 27.922834592
534.0 27.858196288
536.0 27.7719344384
538.0 27.6695586496
540.0 27.631008
542.0 27.6951982336
544.0 27.8229148928
546.0 27.9307836928
548.0 28.0144898816
550.0 28.10812
552.0 28.2236723776
554.0 28.3526336768
556.0 28.486988416
558.0 28.6233511744
560.0 28.73044
562.0 28.7990113664
564.0 28.8360850432
566.0 28.8474029696
568.0 28.845444736
570.0 28.958624
572.0 29.261154496
574.0 29.6735120256
576.0 30.006196
578.0 30.2678691136
580.0 30.742608
582.0 31.5648669696
584.0 32.6003908544
586.0 33.5743963328
588.0 34.4743042432
590.0 35.441124
592.0 36.5266326272
594.0 37.6862222272
596.0 38.861311744
598.0 40.0357042624
600.0 41.093864
602.0 41.9700407744
604.0 42.7345650432
606.0 43.5556623488
608.0 44.4313080768
610.0 45.17006
612.0 45.6823372288
614.0 46.0572559872
616.0 46.4739116736
618.0 46.9393074624
620.0 47.34818
622.0 47.6558052224
624.0 47.9040860096
626.0 48.1658420992
628.0 48.4453550528
630.0 48.717284
632.0 48.9705931328
634.0 49.214891072
636.0 49.4661258048
638.0 49.722704192
640.0 49.951552
642.0 50.136837408
644.0 50.2951224256
646.0 50.460858688
648.0 50.6357389056
650.0 50.802056
652.0 50.9532050816
654.0 51.0949280896
656.0 51.2350081728
658.0 51.3752044224
660.0 51.528096
662.0 51.6999724864
664.0 51.88364816
666.0 52.0632414144
668.0 52.237457824
670.0 52.409716
672.0 52.580480608
674.0 52.7498180288
676.0 52.9204166848
678.0 53.091446816
680.0 53.249848
682.0 53.389081728
684.0 53.5165494592
686.0 53.6482323712
688.0 53.78462832
690.0 53.913656
692.0 54.027830976
694.0 54.1352683008
696.0 54.2553179776
698.0 54.3850592512
700.0 54.473744
702.0 54.4974917312
704.0 54.4800169856
706.0 54.4701594368
708.0 54.471503648
710.0 54.473744
712.0 54.473744
714.0 54.473744
716.0 54.473744
718.0 54.473744
720.0 54.473744
722.0 54.473744
724.0 54.473744
726.0 54.473744
728.0 54.473744
730.0 54.473744
732.0 54.473744
734.0 54.473744
736.0 54.473744
738.0 54.473744
740.0 54.473744
742.0 54.473744
744.0 54.473744
746.0 54.473744
748.0 54.473744
750.0 54.473744
