380.0 15.029028
382.0 15.0292014159
384.0 15.0294491528
386.0 15.0286316209
388.0 15.028780263
390.0 15.029028
392.0 15.031185376
394.0 15.0324798016
396.0 15.0229873472
398.0 15.0061598144
400.0 15.029028
402.0 15.1135307584
404.0 15.2379283776
406.0 15.3574636032
408.0 15.4677884928
410.0 15.568372
412.0 15.6594630528
414.0 15.740049344
416.0 15.8089028288
418.0 15.87040464
420.0 15.97288
422.0 16.144557344
424.0 16.3558474304
426.0 16.5357559936
428.0 16.6883654528
430.0 16.927104
432.0 17.3062877248
434.0 17.7717001088
436.0 18.211074624
438.0 18.6200301376
440.0 19.063736
442.0 19.5677820096
444.0 20.1091672192
446.0 20.652477472
448.0 21.1916389248
450.0 21.698224
452.0 22.1544924288
454.0 22.5792797632
456.0 23.0206291072
458.0 23.4772128448
460.0 23.886716
462.0 24.2196820928
464.0 24.5060654592
466.0 24.8068866496
468.0 25.1245021824
470.0 25.421772
472.0 25.6833455424
474.0 25.9234117056
476.0 26.1657680064
478.0 26.4128041536
480.0 26.666412
482.0 26.9282510656
484.0 27.1962635456
486.0 27.463977312
488.0 27.7305957952
490.0 27.994028
492.0 28.2520999552
494.0 28.507483488
496.0 28.7679949376
498.0 29.0324394496
500.0 29.280156
502.0 29.4979348096
504.0 29.7003132736
506.0 29.9232034048
508.0 30.1623900224
510.0 30.3381
512.0 30.4097414784
514.0 30.4181054592
516.0 30.4522583808
518.0 30.5124989568
520.0 30.514424
522.0 30.4218061888
524.0 30.268980992
526.0 30.1185952896
528.0 29.9779177792
530.0 29.860988
532.0 29.7813476352
534.0 29.7231980544
536.0 29.639525056
538.0 29.5351080576
540.0 29.50834
542.0 29.6055546816
544.0 29.7800200192
546.0 29.9357991616
548.0 30.0667850752
550.0 30.203264
552.0 30.3535501312
554.0 30.5128806464
556.0 30.684773728
558.0 30.8640516736
560.0 30.991536
562.0 31.0449393536
564.0 31.0434623808
566.0 31.017839392
568.0 30.9827737344
570.0 31.06414
572.0 31.3395705344
574.0 31.7256578624
576.0 32.0160572672
578.0 32.2251070016
580.0 32.713288
582.0 33.6486432576
584.0 34.8637272064
586.0 36.018968864
588.0 37.091599616
590.0 38.179332
592.0 39.308801312
594.0 40.4626323776
596.0 41.6495874624
598.0 42.8552951232
600.0 43.915048
602.0 44.7419204352
604.0 45.4270200768
606.0 46.1761274048
608.0 46.9899062272
610.0 47.669712
612.0 48.1242711232
614.0 48.4420692032
616.0 48.7967086272
618.0 49.1956572352
620.0 49.547044
622.0 49.8123348672
624.0 50.0273422784
626.0 50.2526221184
628.0 50.4914934272
630.0 50.71908
632.0 50.9249600512
634.0 51.1187587968
636.0 51.3162084864
638.0 51.5172759296
640.0 51.70442
642.0 51.8692601216
644.0 52.0208738688
646.0 52.1778146752
648.0 52.3404476352
650.0 52.492692
652.0 52.6272126912
654.0 52.7511456448
656.0 52.8783146624
658.0 53.0093503616
660.0 53.135756
662.0 53.2539636096
664.0 53.3680390144
666.0 53.485167936
668.0 53.605649088
670.0 53.72696
672.0 53.847939008
674.0 53.9682210176
676.0 54.0867937216
678.0 54.203325216
680.0 54.318164
682.0 54.430845408
684.0 54.5420996288
686.0 54.6545984896
688.0 54.7674126592
690.0 54.86788
692.0 54.9486322432
694.0 55.017568704
696.0 55.0934751488
698.0 55.1752562944
700.0 55.2309
702.0 55.2457029184
704.0 55.2348330624
706.0 55.2286430528
708.0 55.229489408
710.0 55.2309
712.0 55.2309
714.0 55.2309
716.0 55.2309
718.0 55.2309
720.0 55.2309
722.0 55.2309
724.0 55.2309
726.0 55.2309
728.0 55.2309
730.0 55.2309
732.0 55.2309
734.0 55.2309
736.0 55.2309
738.0 55.2309
740.0 55.2309
742.0 55.2309
744.0 55.2309
746.0 55.2309
748.0 55.2309
750.0 55.2309
