380.0 17.186404
382.0 17.1867908508
384.0 17.1873434948
386.0 17.1855197696
388.0 17.185851356
390.0 17.186404
392.0 17.191216608
394.0 17.1941041728
396.0 17.1729121024
398.0 17.1352409984
400.0 17.186404
402.0 17.3747097344
404.0 17.6518827648
406.0 17.9200114112
408.0 18.168341984
410.0 18.379184
412.0 18.54181696
414.0 18.669019168
416.0 18.7951260928
418.0 18.9256805312
420.0 19.08448
422.0 19.2864601792
424.0 19.5150922496
426.0 19.7282575936
428.0 19.9267859712
430.0 20.163168
432.0 20.4606535552
434.0 20.7960923328
436.0 21.1251585536
438.0 21.4436038464
440.0 21.750084
442.0 22.0402012864
444.0 22.3207763328
446.0 22.6139969216
448.0 22.9174401536
450.0 23.18142
452.0 23.3817738496
454.0 23.5427970752
456.0 23.715702464
458.0 23.9023818688
460.0 24.073412
462.0 24.2167779328
464.0 24.3427686912
466.0 24.46796288
468.0 24.594252352
470.0 24.726848
472.0 24.869649696
474.0 25.0181269504
476.0 25.1598001728
478.0 25.2952004096
480.0 25.442516
482.0 25.6122517056
484.0 25.7932057664
486.0 25.9591577664
488.0 26.1122650816
490.0 26.303392
492.0 26.5568504896
494.0 26.847631584
496.0 27.1238752832
498.0 27.3831918784
500.0 27.651752
502.0 27.9390481024
504.0 28.2377119168
506.0 28.5389977728
508.0 28.8399185344
510.0 29.114204
512.0 29.3469018944
514.0 29.554723584
516.0 29.7771656448
518.0 30.0132987456
520.0 30.213636
522.0 30.3553258176
524.0 30.4600581248
526.0 30.5709804416
528.0 30.6906484288
530.0 30.80484
532.0 30.9101199488
534.0 31.0084299136
536.0 31.0968159488
538.0 31.1786966656
540.0 31.292324
542.0 31.4574130496
544.0 31.6543814784
546.0 31.8395009344
548.0 32.0119416576
550.0 32.20506
552.0 32.4335427136
554.0 32.683333664
556.0 32.9283286016
558.0 33.166834816
560.0 33.408212
562.0 33.65962928
564.0 33.9121916288
566.0 34.143711264
568.0 34.3597641728
570.0 34.64248
572.0 35.0383419008
574.0 35.498709344
576.0 35.909606496
578.0 36.2770076288
580.0 36.779112
582.0 37.5002398208
584.0 38.355904928
586.0 39.1730193856
588.0 39.9432524032
590.0 40.751588
592.0 41.6279971072
594.0 42.547354592
596.0 43.480419712
598.0 44.4162396352
600.0 45.263408
602.0 45.9712928512
604.0 46.595006848
606.0 47.2634449088
608.0 47.9756777024
610.0 48.59282
612.0 49.0492211904
614.0 49.4084076992
616.0 49.7988927552
618.0 50.2241613504
620.0 50.594616
622.0 50.8711252224
624.0 51.0916920256
626.0 51.325883488
628.0 51.577549696
630.0 51.818512
632.0 52.03715376
634.0 52.2433657152
636.0 52.4525150208
638.0 52.6647344384
640.0 52.866084
642.0 53.0496601024
644.0 53.2231629184
646.0 53.4026566016
648.0 53.5877428672
650.0 53.758076
652.0 53.9052090432
654.0 54.036294528
656.0 54.1638120448
658.0 54.2903172544
660.0 54.432256
662.0 54.5987390464
664.0 54.780091392
666.0 54.9533618752
668.0 55.1181522112
670.0 55.293132
672.0 55.4858188672
674.0 55.6893258048
676.0 55.8922353152
678.0 56.0924232128
680.0 56.278472
682.0 56.4437435968
684.0 56.5954071296
686.0 56.7509871296
688.0 56.9104835968
690.0 57.056372
692.0 57.1786620288
694.0 57.2879414208
696.0 57.4086217152
698.0 57.5384127744
700.0 57.626832
702.0 57.6504303744
704.0 57.6330883904
706.0 57.6232474368
708.0 57.624591648
710.0 57.626832
712.0 57.626832
714.0 57.626832
716.0 57.626832
718.0 57.626832
720.0 57.626832
722.0 57.626832
724.0 57.626832
726.0 57.626832
728.0 57.626832
730.0 57.626832
732.0 57.626832
734.0 57.626832
736.0 57.626832
738.0 57.626832
740.0 57.626832
742.0 57.626832
744.0 57.626832
746.0 57.626832
748.0 57.626832
750.0 57.626832
