380.0 16.688548
382.0 16.6888814921
384.0 16.6893579093
386.0 16.6877857324
388.0 16.6880715828
390.0 16.688548
392.0 16.6926968
394.0 16.69518608
396.0 16.6769147648
398.0 16.6444213632
400.0 16.688548
402.0 16.8511145792
404.0 17.0901684352
406.0 17.3203604544
408.0 17.532662848
410.0 17.715376
412.0 17.860418048
414.0 17.9779618496
416.0 18.0967171008
418.0 18.2202683648
420.0 18.35844
422.0 18.5188160128
424.0 18.6917877824
426.0 18.8512676544
428.0 18.9987491968
430.0 19.177828
432.0 19.4080698048
434.0 19.6704731072
436.0 19.92793104
438.0 20.176693088
440.0 20.412096
442.0 20.62949312
444.0 20.8353897664
446.0 21.0488040384
448.0 21.269072128
450.0 21.47004
452.0 21.63931104
454.0 21.7884521024
456.0 21.9411279424
458.0 22.098500224
460.0 22.24794
462.0 22.384186592
464.0 22.5135959616
466.0 22.6473366784
468.0 22.7858070272
470.0 22.92212
472.0 23.0542343872
474.0 23.182166784
476.0 23.303560672
478.0 23.4200755712
480.0 23.554812
482.0 23.7200338112
484.0 23.902979296
486.0 24.0748059968
488.0 24.2357462464
490.0 24.415688
492.0 24.6284716544
494.0 24.8612525248
496.0 25.0885735744
498.0 25.3092399488
500.0 25.535864
502.0 25.7714992448
504.0 26.0136232128
506.0 26.2627669504
508.0 26.5150803712
510.0 26.728644
512.0 26.8812534592
514.0 26.9967726464
516.0 27.129169152
518.0 27.2785757376
520.0 27.392452
522.0 27.4480957056
524.0 27.4663504256
526.0 27.4854017152
528.0 27.509531136
530.0 27.548032
532.0 27.609600192
534.0 27.6836811648
536.0 27.7396069888
538.0 27.780530752
540.0 27.869564
542.0 28.037258496
544.0 28.2536930944
546.0 28.4560051776
548.0 28.6416390848
550.0 28.844532
552.0 29.0772630848
554.0 29.3289126976
556.0 29.5846447296
558.0 29.8404763328
560.0 30.068428
562.0 30.2585923968
564.0 30.419582432
566.0 30.5644917184
568.0 30.7024808064
570.0 30.918932
572.0 31.2678792704
574.0 31.6898454208
576.0 32.0368344576
578.0 32.3213591616
580.0 32.82738
582.0 33.6876419776
584.0 34.770097088
586.0 35.8058201152
588.0 36.7764899584
590.0 37.75408
592.0 38.7555505344
594.0 39.772637152
596.0 40.8263659712
598.0 41.9033944512
600.0 42.83636
602.0 43.5393492672
604.0 44.101495072
606.0 44.720164128
608.0 45.3988414272
610.0 45.979076
612.0 46.3890770112
614.0 46.696984352
616.0 47.0333026752
618.0 47.403110112
620.0 47.731944
622.0 47.98833984
624.0 48.2024345152
626.0 48.4263867392
628.0 48.6633496
630.0 48.893608
632.0 49.109511552
634.0 49.3178145024
636.0 49.5279263296
638.0 49.7402785088
640.0 49.951552
642.0 50.1593073088
644.0 50.3655524544
646.0 50.5756808768
648.0 50.7880662464
650.0 50.97838
652.0 51.1352378304
654.0 51.2714180416
656.0 51.4132406208
658.0 51.5627965632
660.0 51.714792
662.0 51.8677333632
664.0 52.0218529856
666.0 52.1749603008
668.0 52.326988928
670.0 52.48232
672.0 52.643376416
674.0 52.8068723264
676.0 52.9655058432
678.0 53.1196752512
680.0 53.280964
682.0 53.4532387712
684.0 53.6340600704
686.0 53.8212373312
688.0 54.0116838464
690.0 54.172956
692.0 54.2872471424
694.0 54.3733264448
696.0 54.4747231168
698.0 54.5907733504
700.0 54.670812
702.0 54.6919210944
704.0 54.6763879872
706.0 54.6676257216
708.0 54.668820576
710.0 54.670812
712.0 54.670812
714.0 54.670812
716.0 54.670812
718.0 54.670812
720.0 54.670812
722.0 54.670812
724.0 54.670812
726.0 54.670812
728.0 54.670812
730.0 54.670812
732.0 54.670812
734.0 54.670812
736.0 54.670812
738.0 54.670812
740.0 54.670812
742.0 54.670812
744.0 54.670812
746.0 54.670812
748.0 54.670812
750.0 54.670812
