380.0 17.819096
382.0 17.8197829936
384.0 17.8207644131
386.0 17.8175257288
388.0 17.8181145805
390.0 17.819096
392.0 17.827642528
394.0 17.8327704448
396.0 17.7951657216
398.0 17.7285028032
400.0 17.819096
402.0 18.1519293312
404.0 18.6435787264
406.0 19.1256526912
408.0 19.5781374144
410.0 19.955728
412.0 20.2295819904
414.0 20.4313962176
416.0 20.6463206528
418.0 20.8799312832
420.0 21.10702
422.0 21.3201189632
424.0 21.525302016
426.0 21.7247099392
428.0 21.921263488
430.0 22.14422
432.0 22.406756064
434.0 22.6952304256
436.0 22.9820784576
438.0 23.263317312
440.0 23.523696
442.0 23.753456544
444.0 23.964215584
446.0 24.1855623616
448.0 24.4169658304
450.0 24.623128
452.0 24.7874536704
454.0 24.9256087104
456.0 25.0692567616
458.0 25.2198250112
460.0 25.35954
462.0 25.4811164352
464.0 25.5927357504
466.0 25.7084374848
468.0 25.8292505408
470.0 25.950744
472.0 26.0722042688
474.0 26.1929841344
476.0 26.3089016064
478.0 26.4214502528
480.0 26.55232
482.0 26.7133598208
484.0 26.8921233152
486.0 27.0600335488
488.0 27.2178870912
490.0 27.402824
492.0 27.6323522112
494.0 27.8891297408
496.0 28.137908384
498.0 28.377128192
500.0 28.62672
502.0 28.893653792
504.0 29.1713578688
506.0 29.45150144
508.0 29.7310309888
510.0 29.985452
512.0 30.2013389568
514.0 30.393610944
516.0 30.5969187392
518.0 30.8113619136
520.0 31.001908
522.0 31.1535549376
524.0 31.2805082176
526.0 31.408656352
528.0 31.5411856192
530.0 31.68646
532.0 31.8511009792
534.0 32.027325408
536.0 32.1934101696
538.0 32.3508156416
540.0 32.536964
542.0 32.7708401536
544.0 33.0330609088
546.0 33.2816238144
548.0 33.516661632
550.0 33.781604
552.0 34.096000064
554.0 34.4408981056
556.0 34.7797388992
558.0 35.1099999744
560.0 35.441124
562.0 35.7777078464
564.0 36.1152542144
566.0 36.4454489088
568.0 36.770316544
570.0 37.121388
572.0 37.520834464
574.0 37.9429001856
576.0 38.3218515776
578.0 38.666981952
580.0 39.143928
582.0 39.831301184
584.0 40.651518944
586.0 41.4437406016
588.0 42.1974779904
590.0 42.960824
592.0 43.7467228864
594.0 44.54608048
596.0 45.3620996544
598.0 46.186847904
600.0 46.9333
602.0 47.555039168
604.0 48.1005067968
606.0 48.6800111808
608.0 49.293386368
610.0 49.827088
612.0 50.227696128
614.0 50.548730272
616.0 50.8978766848
618.0 51.2780229312
620.0 51.611072
622.0 51.8628377792
624.0 52.0659132416
626.0 52.2800908928
628.0 52.508955296
630.0 52.731248
632.0 52.938770976
634.0 53.1387265408
636.0 53.3409058624
638.0 53.5456076544
640.0 53.747704
642.0 53.9442243584
644.0 54.1375750336
646.0 54.3333817984
648.0 54.5303834176
650.0 54.7123
652.0 54.8720785856
654.0 55.015743232
656.0 55.154728032
658.0 55.2911903616
660.0 55.43834
662.0 55.6035120256
664.0 55.7789066944
666.0 55.9459705728
668.0 56.1044049472
670.0 56.2681
672.0 56.4435278592
674.0 56.6250793472
676.0 56.8017850368
678.0 56.9736117376
680.0 57.14972
682.0 57.3332297216
684.0 57.5215520512
686.0 57.7116500672
688.0 57.9015323456
690.0 58.072828
692.0 58.2140199616
694.0 58.3377537728
696.0 58.4753943616
698.0 58.6245188288
700.0 58.726264
702.0 58.7533805568
704.0 58.7334497216
706.0 58.7221483904
708.0 58.723691744
710.0 58.726264
712.0 58.726264
714.0 58.726264
716.0 58.726264
718.0 58.726264
720.0 58.726264
722.0 58.726264
724.0 58.726264
726.0 58.726264
728.0 58.726264
730.0 58.726264
732.0 58.726264
734.0 58.726264
736.0 58.726264
738.0 58.726264
740.0 58.726264
742.0 58.726264
744.0 58.726264
746.0 58.726264
748.0 58.726264
750.0 58.726264
