380.0 20.215028
382.0 20.215321473
384.0 20.2157407202
386.0 20.2143572045
388.0 20.2146087528
390.0 20.215028
392.0 20.218678944
394.0 20.2208695104
396.0 20.2047887616
398.0 20.1761786368
400.0 20.215028
402.0 20.3585598848
404.0 20.5691861632
406.0 20.76972256
408.0 20.952767616
410.0 21.117392
412.0 21.262765952
414.0 21.3901838976
416.0 21.5059188224
418.0 21.6155135232
420.0 21.770828
422.0 22.0008540672
424.0 22.275571008
426.0 22.5242666752
428.0 22.748534208
430.0 23.036212
432.0 23.426448128
434.0 23.880658752
436.0 24.3245139712
438.0 24.7511433728
440.0 25.162472
442.0 25.5543510528
444.0 25.9332526592
446.0 26.3239534528
448.0 26.7239309632
450.0 27.081292
452.0 27.3705629312
454.0 27.6174497216
456.0 27.876533984
458.0 28.1495084288
460.0 28.398536
462.0 28.6071210688
464.0 28.7916928832
466.0 28.9823219456
468.0 29.1807009664
470.0 29.373504
472.0 29.5564992704
474.0 29.732956032
476.0 29.9051146368
478.0 30.0750328896
480.0 30.265496
482.0 30.4887512256
484.0 30.730493504
486.0 30.9583124096
488.0 31.172340704
490.0 31.406416
492.0 31.675590144
494.0 31.966835904
496.0 32.2555591936
498.0 32.5395694464
500.0 32.817008
502.0 33.0824814144
504.0 33.3432749824
506.0 33.623036864
508.0 33.9165893568
510.0 34.144624
512.0 34.2665821248
514.0 34.3240844928
516.0 34.408653632
518.0 34.5212188736
520.0 34.580248
522.0 34.5505094016
524.0 34.4654755968
526.0 34.3864658496
528.0 34.3196867648
530.0 34.269088
532.0 34.2417723008
534.0 34.2290437824
536.0 34.2016119168
538.0 34.1626629824
540.0 34.17574
542.0 34.2713615424
544.0 34.4182456576
546.0 34.5510902336
548.0 34.6667421824
550.0 34.79806
552.0 34.9569092544
554.0 35.1331834688
556.0 35.3142205056
558.0 35.4959379456
560.0 35.648564
562.0 35.7620419776
564.0 35.8441052416
566.0 35.9048104832
568.0 35.954413536
570.0 36.09456
572.0 36.39036944
574.0 36.7699514496
576.0 37.0537957504
578.0 37.2587298752
580.0 37.743708
582.0 38.6790300672
584.0 39.8959228928
586.0 41.045986848
588.0 42.109407264
590.0 43.220124
592.0 44.421035648
594.0 45.6789020224
596.0 46.9708549376
598.0 48.2780754368
600.0 49.42258
602.0 50.3097427968
604.0 51.0375750784
606.0 51.8299958784
608.0 52.6891625728
610.0 53.4158
612.0 53.9178711808
614.0 54.2854880512
616.0 54.6957711808
618.0 55.1541637952
620.0 55.54206
622.0 55.8080976512
624.0 56.0009504704
626.0 56.2082908992
628.0 56.4353298304
630.0 56.651864
632.0 56.8463099584
634.0 57.0280605888
636.0 57.2091640064
638.0 57.3902508288
640.0 57.5646
642.0 57.7287929088
644.0 57.8877749248
646.0 58.0518018816
648.0 58.220276352
650.0 58.373616
652.0 58.502726656
654.0 58.616569728
656.0 58.7332007936
658.0 58.8537483264
660.0 58.975192
662.0 59.0969509824
664.0 59.2177142528
666.0 59.3327687744
668.0 59.4424132608
670.0 59.556024
672.0 59.6789778368
674.0 59.8062962112
676.0 59.9261633408
678.0 60.0397076992
680.0 60.167972
682.0 60.3190049152
684.0 60.4863177216
686.0 60.6598205376
688.0 60.8353645632
690.0 60.976988
692.0 61.0654570112
694.0 61.1209015744
696.0 61.1896057024
698.0 61.2722332032
700.0 61.329636
702.0 61.3445882752
704.0 61.3335856576
706.0 61.3273790528
708.0 61.328225408
710.0 61.329636
712.0 61.329636
714.0 61.329636
716.0 61.329636
718.0 61.329636
720.0 61.329636
722.0 61.329636
724.0 61.329636
726.0 61.329636
728.0 61.329636
730.0 61.329636
732.0 61.329636
734.0 61.329636
736.0 61.329636
738.0 61.329636
740.0 61.329636
742.0 61.329636
744.0 61.329636
746.0 61.329636
748.0 61.329636
750.0 61.329636
