380.0 16.978964
382.0 16.9792774825
384.0 16.9797253147
386.0 16.9782474685
388.0 16.9785161678
390.0 16.978964
392.0 16.982863872
394.0 16.9852037952
396.0 16.9680277632
398.0 16.937476
400.0 16.978964
402.0 17.132137696
404.0 17.3570524416
406.0 17.5718607104
408.0 17.7684972352
410.0 17.94356
412.0 18.0934312512
414.0 18.222857216
416.0 18.3482007616
418.0 18.4729136896
420.0 18.61774
422.0 18.7955243776
424.0 18.9921609024
426.0 19.1724013696
428.0 19.3378389184
430.0 19.540848
432.0 19.8051597504
434.0 20.1076404608
436.0 20.402802688
438.0 20.6867631552
440.0 20.961812
442.0 21.2262731072
444.0 21.4838472064
446.0 21.7484908608
448.0 22.0189096448
450.0 22.268684
452.0 22.4852347648
454.0 22.6796143424
456.0 22.874740704
458.0 23.0720742272
460.0 23.264396
462.0 23.4491171712
464.0 23.6298886848
466.0 23.8121039808
468.0 23.9960949632
470.0 24.177132
472.0 24.3537215232
474.0 24.5270251968
476.0 24.6979889472
478.0 24.8678076288
480.0 25.04838
482.0 25.2470079488
484.0 25.4557257792
486.0 25.6549843456
488.0 25.8461444544
490.0 26.064836
492.0 26.3279860864
494.0 26.6180038016
496.0 26.8986452288
498.0 27.1681844672
500.0 27.444312
502.0 27.7316744832
504.0 28.0280149696
506.0 28.3361048576
508.0 28.6511315392
510.0 28.917136
512.0 29.1043464512
514.0 29.2437959168
516.0 29.4059642112
518.0 29.5907185728
520.0 29.726152
522.0 29.7807336128
524.0 29.7846666752
526.0 29.7945906048
528.0 29.8159486272
530.0 29.850616
532.0 29.9046499712
534.0 29.9697031552
536.0 30.0175471168
538.0 30.0517996096
540.0 30.141032
542.0 30.3179036416
544.0 30.5490913728
546.0 30.7653932096
548.0 30.9627267328
550.0 31.16786
552.0 31.3886425408
554.0 31.6194485824
556.0 31.8590832704
558.0 32.1027339968
560.0 32.298408
562.0 32.4250127808
564.0 32.50294384
566.0 32.5691752832
568.0 32.6344276096
570.0 32.77552
572.0 33.0438311936
574.0 33.3818754176
576.0 33.6425860096
578.0 33.8395710336
580.0 34.269088
582.0 35.0688604736
584.0 36.1014636032
586.0 37.0881312192
588.0 38.0081193216
590.0 38.915744
592.0 39.8195683776
594.0 40.7212519744
596.0 41.6629631936
598.0 42.6335168704
600.0 43.469052
602.0 44.0874223424
604.0 44.5708405184
606.0 45.0979704512
608.0 45.6736911296
610.0 46.176144
612.0 46.5511623296
614.0 46.849992096
616.0 47.1678897472
618.0 47.5084398464
620.0 47.81492
622.0 48.0634663104
624.0 48.2770797248
626.0 48.4955389376
628.0 48.7217315136
630.0 48.945468
632.0 49.1633297856
634.0 49.3780052928
636.0 49.5913033984
638.0 49.803356864
640.0 50.013784
642.0 50.221389952
644.0 50.4277678592
646.0 50.6378796864
648.0 50.8499995328
650.0 51.040612
652.0 51.1989965888
654.0 51.335674656
656.0 51.4718880576
658.0 51.6102588352
660.0 51.75628
662.0 51.9137020672
664.0 52.078973664
666.0 52.2418721472
668.0 52.401999232
670.0 52.565296
672.0 52.733903232
674.0 52.905248672
676.0 53.0754656384
678.0 53.2437575616
680.0 53.405428
682.0 53.5578217216
684.0 53.7045232896
686.0 53.8538966848
688.0 54.0060414784
690.0 54.152212
692.0 54.2858365504
694.0 54.41441616
696.0 54.5574004032
698.0 54.7110719552
700.0 54.81602
702.0 54.8441654592
704.0 54.8234546496
706.0 54.8117716288
708.0 54.813364768
710.0 54.81602
712.0 54.81602
714.0 54.81602
716.0 54.81602
718.0 54.81602
720.0 54.81602
722.0 54.81602
724.0 54.81602
726.0 54.81602
728.0 54.81602
730.0 54.81602
732.0 54.81602
734.0 54.81602
736.0 54.81602
738.0 54.81602
740.0 54.81602
742.0 54.81602
744.0 54.81602
746.0 54.81602
748.0 54.81602
750.0 54.81602
