380.0 18.036908
382.0 18.0371214349
384.0 18.0374263419
386.0 18.0364201488
388.0 18.036603093
390.0 18.036908
392.0 18.039563232
394.0 18.0411563712
396.0 18.0294733504
398.0 18.0087625408
400.0 18.036908
402.0 18.1413581888
404.0 18.2947310272
406.0 18.439922432
408.0 18.57251808
410.0 18.700716
412.0 18.827918208
414.0 18.951884352
416.0 19.0707391744
418.0 19.1871710976
420.0 19.333408
422.0 19.5279535296
424.0 19.7495492352
426.0 19.948343136
428.0 20.1267249408
430.0 20.360236
432.0 20.6839087808
434.0 21.0647354304
436.0 21.4364015296
438.0 21.7943599936
440.0 22.154592
442.0 22.5204829696
444.0 22.889842336
446.0 23.267466112
448.0 23.6502012096
450.0 24.000808
452.0 24.3002351936
454.0 24.5680651264
456.0 24.8476112704
458.0 25.1397033856
460.0 25.4114
462.0 25.6477654336
464.0 25.862540512
466.0 26.0819456512
468.0 26.3069101824
470.0 26.521204
472.0 26.7186370944
474.0 26.9054326656
476.0 27.091166144
478.0 27.277696192
480.0 27.475428
482.0 27.691082624
484.0 27.91644544
486.0 28.1309549952
488.0 28.3357065728
490.0 28.564488
492.0 28.8328987648
494.0 29.1256049024
496.0 29.4118555072
498.0 29.689393632
500.0 29.964708
502.0 30.236952256
504.0 30.5086654656
506.0 30.7928250752
508.0 31.0849171904
510.0 31.32344
512.0 31.4764809344
514.0 31.5769814656
516.0 31.6982757824
518.0 31.8407621696
520.0 31.935388
522.0 31.9524478656
524.0 31.920120416
526.0 31.8899005568
528.0 31.8674970368
530.0 31.862784
532.0 31.8855858048
534.0 31.9238211456
536.0 31.9416775808
538.0 31.9425737216
540.0 31.99762
542.0 32.1406374336
544.0 32.3386679552
546.0 32.523521888
548.0 32.6914487168
550.0 32.868868
552.0 33.0639279808
554.0 33.2705050304
556.0 33.485462656
558.0 33.7044529152
560.0 33.885324
562.0 34.0123768512
564.0 34.0988544384
566.0 34.1656667136
568.0 34.22386608
570.0 34.372808
572.0 34.67525552
574.0 35.0621394176
576.0 35.3615832064
578.0 35.5877591872
580.0 36.063444
582.0 36.9389403712
584.0 38.066567616
586.0 39.1466993984
588.0 40.1577951488
590.0 41.166468
592.0 42.1855626368
594.0 43.2109302592
596.0 44.2759770048
598.0 45.3675594752
600.0 46.31098
602.0 47.0172883072
604.0 47.577691616
606.0 48.1928424896
608.0 48.8668565376
610.0 49.443324
612.0 49.8515327296
614.0 50.1599711168
616.0 50.499442528
618.0 50.8745272384
620.0 51.206564
622.0 51.4623292224
624.0 51.671395552
626.0 51.88447792
628.0 52.1055591744
630.0 52.32674
632.0 52.5459957824
634.0 52.7659485632
636.0 52.987311936
638.0 53.2096544256
640.0 53.426172
642.0 53.6325001216
644.0 53.8327046144
646.0 54.037207264
648.0 54.244813216
650.0 54.432256
652.0 54.588748736
654.0 54.7256757312
656.0 54.8661540992
658.0 55.012009312
660.0 55.158296
662.0 55.303504
664.0 55.448712
666.0 55.59392
668.0 55.739128
670.0 55.884336
672.0 56.02995888
674.0 56.175415808
676.0 56.3187817408
678.0 56.4606209152
680.0 56.610376
682.0 56.7712000832
684.0 56.9397409344
686.0 57.1112523264
688.0 57.2827471232
690.0 57.429764
692.0 57.5385621312
694.0 57.623015104
696.0 57.7161307712
698.0 57.817344896
700.0 57.886132
702.0 57.904303744
704.0 57.8909777984
706.0 57.8833440064
708.0 57.884389504
710.0 57.886132
712.0 57.886132
714.0 57.886132
716.0 57.886132
718.0 57.886132
720.0 57.886132
722.0 57.886132
724.0 57.886132
726.0 57.886132
728.0 57.886132
730.0 57.886132
732.0 57.886132
734.0 57.886132
736.0 57.886132
738.0 57.886132
740.0 57.886132
742.0 57.886132
744.0 57.886132
746.0 57.886132
748.0 57.886132
750.0 57.886132
