380.0 13.805132
382.0 13.8055655397
384.0 13.8061848821
386.0 13.8041410522
388.0 13.8045126576
390.0 13.805132
392.0 13.81052544
394.0 13.813761504
396.0 13.7900137728
398.0 13.7478121792
400.0 13.805132
402.0 14.0171522752
404.0 14.3283952512
406.0 14.6244702144
408.0 14.89502176
410.0 15.14312
412.0 15.366657344
414.0 15.570363424
416.0 15.7742852416
418.0 15.9812107904
420.0 16.201064
422.0 16.4408978304
424.0 16.6919002304
426.0 16.9309374912
428.0 17.1592376576
430.0 17.414588
432.0 17.7137662656
434.0 18.040558944
436.0 18.3636508928
438.0 18.6794575488
440.0 18.98076
442.0 19.2618660928
444.0 19.5294968832
446.0 19.8026870656
448.0 20.0808060224
450.0 20.339492
452.0 20.5674602624
454.0 20.7750662144
456.0 20.9830206656
458.0 21.1927508032
460.0 21.397436
462.0 21.5947695232
464.0 21.788087008
466.0 21.9820351104
468.0 22.1773108288
470.0 22.372404
472.0 22.5674639808
474.0 22.7627065088
476.0 22.9568537536
478.0 23.150967808
480.0 23.357744
482.0 23.584351456
484.0 23.8224261952
486.0 24.0525518336
488.0 24.2754253696
490.0 24.519408
492.0 24.7978422656
494.0 25.0975183872
496.0 25.391568736
498.0 25.6785661248
500.0 25.971488
502.0 26.2734210688
504.0 26.5818760512
506.0 26.8977324928
508.0 27.2168084032
510.0 27.496172
512.0 27.7128389312
514.0 27.8900922624
516.0 28.0813021568
518.0 28.2863358528
520.0 28.450396
522.0 28.5496187008
524.0 28.6075359488
526.0 28.6681084288
528.0 28.7358168448
530.0 28.813416
532.0 28.9064155008
534.0 29.0074470784
536.0 29.0923979072
538.0 29.164321504
540.0 29.280156
542.0 29.466934976
544.0 29.6977244224
546.0 29.9167312768
548.0 30.1205037376
550.0 30.327728
552.0 30.5431005056
554.0 30.7638166656
556.0 30.9929631872
558.0 31.226524032
560.0 31.416788
562.0 31.545068896
564.0 31.6291899648
566.0 31.6999353024
568.0 31.7678926464
570.0 31.914644
572.0 32.1933935744
574.0 32.5450292672
576.0 32.8200449216
578.0 33.031583936
580.0 33.470444
582.0 34.272987872
584.0 35.3041472192
586.0 36.2879936512
588.0 37.206106496
590.0 38.137844
592.0 39.103435712
594.0 40.0899871616
596.0 41.1095132736
598.0 42.14807408
600.0 43.0438
602.0 43.713665248
604.0 44.2438486976
606.0 44.8254440768
608.0 45.4626997568
610.0 46.010192
612.0 46.4028178368
614.0 46.7025935296
616.0 47.0264654528
618.0 47.3795117376
620.0 47.700828
622.0 47.9651563456
624.0 48.1958296256
626.0 48.4316142272
628.0 48.675132192
630.0 48.914352
632.0 49.144776352
634.0 49.3710021184
636.0 49.5991861184
638.0 49.829328352
640.0 50.055272
642.0 50.273332928
644.0 50.4867306048
646.0 50.7032813696
648.0 50.9217239872
650.0 51.123588
652.0 51.3004264512
654.0 51.4597901568
656.0 51.6168637248
658.0 51.7734726272
660.0 51.932604
662.0 52.0964981952
664.0 52.264010144
666.0 52.430708928
668.0 52.5964285952
670.0 52.762364
672.0 52.9291623552
674.0 53.0954130688
676.0 53.2581787904
678.0 53.4177582336
680.0 53.581752
682.0 53.7525663936
684.0 53.9282929664
686.0 54.1070564608
688.0 54.2865667392
690.0 54.442628
692.0 54.5613832512
694.0 54.6583821952
696.0 54.7702836288
698.0 54.8957267456
700.0 54.981972
702.0 55.0048401856
704.0 54.9880126528
706.0 54.9785201984
708.0 54.979814624
710.0 54.981972
712.0 54.981972
714.0 54.981972
716.0 54.981972
718.0 54.981972
720.0 54.981972
722.0 54.981972
724.0 54.981972
726.0 54.981972
728.0 54.981972
730.0 54.981972
732.0 54.981972
734.0 54.981972
736.0 54.981972
738.0 54.981972
740.0 54.981972
742.0 54.981972
744.0 54.981972
746.0 54.981972
748.0 54.981972
750.0 54.981972
