380.0 18.6696
382.0 18.6698201048
384.0 18.6701345401
386.0 18.6690969034
388.0 18.6692855646
390.0 18.6696
392.0 18.672338208
394.0 18.6739811328
396.0 18.6619330176
398.0 18.6405749952
400.0 18.6696
402.0 18.7770705152
404.0 18.9350900096
406.0 19.085890592
408.0 19.2245268928
410.0 19.354152
412.0 19.4752803648
414.0 19.5887583424
416.0 19.7000457536
418.0 19.8115654976
420.0 19.945356
422.0 20.1140130176
424.0 20.3025842752
426.0 20.4759377344
428.0 20.6348367744
430.0 20.826976
432.0 21.0734479104
434.0 21.3531931968
436.0 21.625868928
438.0 21.8872599232
440.0 22.133848
442.0 22.3612188352
444.0 22.5750479872
446.0 22.7933578432
448.0 23.0153186432
450.0 23.212536
452.0 23.3717005632
454.0 23.5067191104
456.0 23.6458698624
458.0 23.7908123392
460.0 23.928204
462.0 24.0528505472
464.0 24.1701122304
466.0 24.2882534592
468.0 24.4081703744
470.0 24.52978
472.0 24.6545261184
474.0 24.7803343296
476.0 24.900018912
478.0 25.015106624
480.0 25.1521
482.0 25.32510496
484.0 25.5179577792
486.0 25.694514112
488.0 25.8553381952
490.0 26.044092
492.0 26.2809220992
494.0 26.5468103936
496.0 26.804069184
498.0 27.0507402368
500.0 27.299104
502.0 27.5515833728
504.0 27.808742592
506.0 28.0786303296
508.0 28.3573964992
510.0 28.595604
512.0 28.7677128192
514.0 28.8985659712
516.0 29.0436246144
518.0 29.203486176
520.0 29.332016
522.0 29.409764512
524.0 29.454986432
526.0 29.5000258048
528.0 29.5487659072
530.0 29.61206
532.0 29.6978737792
534.0 29.7962501248
536.0 29.8804541696
538.0 29.9515480064
540.0 30.047684
542.0 30.1871998464
544.0 30.3525212288
546.0 30.5072548736
548.0 30.6503054976
550.0 30.80484
552.0 30.9798031936
554.0 31.1672127872
556.0 31.3550206656
558.0 31.5407707392
560.0 31.707204
562.0 31.8483627712
564.0 31.9708353472
566.0 32.0851264896
568.0 32.1974096128
570.0 32.36064
572.0 32.6117917568
574.0 32.90911136
576.0 33.1446968192
578.0 33.3315919616
580.0 33.719372
582.0 34.4282027776
584.0 35.3369559296
586.0 36.1919904192
588.0 36.980992608
590.0 37.826684
592.0 38.773108256
594.0 39.782926176
596.0 40.8104843648
598.0 41.8410794752
600.0 42.763756
602.0 43.5175265792
604.0 44.166133376
606.0 44.859231904
608.0 45.5974859712
610.0 46.238376
612.0 46.7154216192
614.0 47.094771296
616.0 47.5081079424
618.0 47.9591156928
620.0 48.354264
622.0 48.6525461248
624.0 48.8930769536
626.0 49.1476307264
628.0 49.42009072
630.0 49.68188
632.0 49.921514688
634.0 50.14862
636.0 50.3774180224
638.0 50.6084398016
640.0 50.833172
642.0 51.0471339136
644.0 51.2556691968
646.0 51.470178752
648.0 51.6896004864
650.0 51.891116
652.0 52.0642371264
654.0 52.2185227008
656.0 52.3731401792
658.0 52.529948224
660.0 52.68976
662.0 52.854135456
664.0 53.0217137856
666.0 53.1869355968
668.0 53.3500664128
670.0 53.51952
672.0 53.6991464448
674.0 53.8844318528
676.0 54.0663484352
678.0 54.2442655744
680.0 54.421884
682.0 54.5998177344
684.0 54.7779506112
686.0 54.9583072448
688.0 55.1395268288
690.0 55.303504
692.0 55.4390701888
694.0 55.559153056
696.0 55.6950843392
698.0 55.8443083776
700.0 55.946568
702.0 55.9738339136
704.0 55.9537703168
706.0 55.9424523904
708.0 55.943995744
710.0 55.946568
712.0 55.946568
714.0 55.946568
716.0 55.946568
718.0 55.946568
720.0 55.946568
722.0 55.946568
724.0 55.946568
726.0 55.946568
728.0 55.946568
730.0 55.946568
732.0 55.946568
734.0 55.946568
736.0 55.946568
738.0 55.946568
740.0 55.946568
742.0 55.946568
744.0 55.946568
746.0 55.946568
748.0 55.946568
750.0 55.946568
