380.0 17.487192
382.0 17.4877255873
384.0 17.4884878549
386.0 17.4859723719
388.0 17.4864297324
390.0 17.487192
392.0 17.49383008
394.0 17.497812928
396.0 17.4685887808
398.0 17.4166789952
400.0 17.487192
402.0 17.7462596672
404.0 18.1282479808
406.0 18.5007770304
408.0 18.8482141376
410.0 19.13634
412.0 19.3442446656
414.0 19.4952277952
416.0 19.6509903424
418.0 19.8176061504
420.0 19.997216
422.0 20.1951469504
424.0 20.4048438976
426.0 20.6030403712
428.0 20.7916946048
430.0 21.013672
432.0 21.2878910848
434.0 21.5960971392
436.0 21.9030751488
438.0 22.2043112192
440.0 22.486496
442.0 22.7403361792
444.0 22.9764526848
446.0 23.223405856
448.0 23.480299552
450.0 23.710392
452.0 23.89625824
454.0 24.0544602816
456.0 24.2188191424
458.0 24.3905628672
460.0 24.550524
462.0 24.6908530112
464.0 24.8187688128
466.0 24.9461701632
468.0 25.0742519168
470.0 25.20396
472.0 25.3374517888
474.0 25.4718397184
476.0 25.5978138816
478.0 25.7172993216
480.0 25.857396
482.0 26.0323591936
484.0 26.2288961472
486.0 26.4169363584
488.0 26.5967453504
490.0 26.801248
492.0 27.0454795584
494.0 27.3132763008
496.0 27.5727920384
498.0 27.8223340608
500.0 28.077004
502.0 28.3401043008
504.0 28.6107554176
506.0 28.8946660992
508.0 29.1866586432
510.0 29.425364
512.0 29.5782223872
514.0 29.6783910144
516.0 29.8011291136
518.0 29.946204352
520.0 30.037312
522.0 30.041211872
524.0 29.9896505856
526.0 29.9417568384
528.0 29.9037372352
530.0 29.881732
532.0 29.8834081152
534.0 29.8997046016
536.0 29.9014636928
538.0 29.89127424
540.0 29.92322
542.0 30.022708224
544.0 30.1652941824
546.0 30.3009599424
548.0 30.426386464
550.0 30.555912
552.0 30.6928224
554.0 30.8346947648
556.0 30.9841345408
558.0 31.13798864
560.0 31.261208
562.0 31.341777696
564.0 31.3898539904
566.0 31.4190947328
568.0 31.4399880896
570.0 31.551624
572.0 31.8166991296
574.0 32.1662106368
576.0 32.4285309632
578.0 32.6182970752
580.0 33.065936
582.0 33.9286540672
584.0 35.0490789952
586.0 36.1019116736
588.0 37.0702581888
590.0 38.096356
592.0 39.2293766848
594.0 40.4302717376
596.0 41.6591960832
598.0 42.8986915712
600.0 43.998024
602.0 44.8744331072
604.0 45.6152926208
606.0 46.424408192
608.0 47.30088368
610.0 48.032732
612.0 48.521626592
614.0 48.863404736
616.0 49.248413376
618.0 49.684286304
620.0 50.065644
622.0 50.347928352
624.0 50.5720133376
626.0 50.8078975104
628.0 51.0594641472
630.0 51.299912
632.0 51.5182384512
634.0 51.7244835968
636.0 51.9343796864
638.0 52.1478935296
640.0 52.347484
642.0 52.5245215936
644.0 52.688432384
646.0 52.8589314688
648.0 53.0360852288
650.0 53.197988
652.0 53.3350477568
654.0 53.4571884288
656.0 53.5831294016
658.0 53.714596576
660.0 53.851424
662.0 53.994308672
664.0 54.14142512
666.0 54.286965024
668.0 54.43059648
670.0 54.577464
672.0 54.728978176
674.0 54.8834297024
676.0 55.0392420352
678.0 55.1948220352
680.0 55.33462
682.0 55.4510519232
684.0 55.5525315712
686.0 55.6571145216
688.0 55.7659956288
690.0 55.873964
692.0 55.9771695488
694.0 56.0791968384
696.0 56.1892396096
698.0 56.3042443456
700.0 56.382192
702.0 56.4031517376
704.0 56.387751392
706.0 56.3790057216
708.0 56.380200576
710.0 56.382192
712.0 56.382192
714.0 56.382192
716.0 56.382192
718.0 56.382192
720.0 56.382192
722.0 56.382192
724.0 56.382192
726.0 56.382192
728.0 56.382192
730.0 56.382192
732.0 56.382192
734.0 56.382192
736.0 56.382192
738.0 56.382192
740.0 56.382192
742.0 56.382192
744.0 56.382192
746.0 56.382192
748.0 56.382192
750.0 56.382192
