380.0 12.23896
382.0 12.2391667651
384.0 12.2394621438
386.0 12.2384873941
388.0 12.2386646213
390.0 12.23896
392.0 12.241532256
394.0 12.2430756096
396.0 12.2317576832
398.0 12.2116940864
400.0 12.23896
402.0 12.3396430784
404.0 12.4879211904
406.0 12.630772672
408.0 12.7630198208
410.0 12.882024
412.0 12.9855614528
414.0 13.0764533632
416.0 13.1641921856
418.0 13.2514663424
420.0 13.359136
422.0 13.4990667264
424.0 13.6578330048
426.0 13.8036550272
428.0 13.93706384
430.0 14.095548
432.0 14.295852064
434.0 14.5225259008
436.0 14.7459470784
438.0 14.9634271744
440.0 15.174236
442.0 15.3759008704
444.0 15.571856992
446.0 15.7739201472
448.0 15.9810282432
450.0 16.169948
452.0 16.3292785152
454.0 16.4705202624
456.0 16.6180515904
458.0 16.7725363072
460.0 16.916732
462.0 17.0436188992
464.0 17.1596525376
466.0 17.2755700096
468.0 17.3928648832
470.0 17.518308
472.0 17.6560647552
474.0 17.8008080896
476.0 17.9394443904
478.0 18.0722059904
480.0 18.213232
482.0 18.3701728064
484.0 18.5365396864
486.0 18.6975131264
488.0 18.8542547904
490.0 19.03262
492.0 19.2459844864
494.0 19.4798440448
496.0 19.7023690816
498.0 19.9137919296
500.0 20.152796
502.0 20.4359598976
504.0 20.7460744
506.0 21.0511937472
508.0 21.3472687104
510.0 21.62562
512.0 21.8783151104
514.0 22.1149460672
516.0 22.3632600448
518.0 22.6205686208
520.0 22.828772
522.0 22.9607702208
524.0 23.04409472
526.0 23.1348206784
528.0 23.2371300864
530.0 23.337
532.0 23.4328704704
534.0 23.524774688
536.0 23.602191296
538.0 23.6702648064
540.0 23.793368
542.0 24.0020858304
544.0 24.2658665344
546.0 24.520735616
548.0 24.7615153728
550.0 24.99652
552.0 25.2253512128
554.0 25.45039872
556.0 25.6862497024
558.0 25.9301161664
560.0 26.13744
562.0 26.2922234304
564.0 26.4083400448
566.0 26.5059032256
568.0 26.5960981376
570.0 26.780504
572.0 27.1184320576
574.0 27.5453269824
576.0 27.9063057728
578.0 28.2080396992
580.0 28.67858
582.0 29.4242189312
584.0 30.340091424
586.0 31.2145588928
588.0 32.0352413184
590.0 32.87924
592.0 33.7697716224
594.0 34.6905562944
596.0 35.6372460736
598.0 36.5974941312
600.0 37.44292
602.0 38.1059148352
604.0 38.6560125248
606.0 39.2507513024
608.0 39.8917574976
610.0 40.440428
612.0 40.8341159296
614.0 41.1335763136
616.0 41.4556559552
618.0 41.806295936
620.0 42.131064
622.0 42.40820384
624.0 42.6581109568
626.0 42.9125651584
628.0 43.1741884864
630.0 43.437936
632.0 43.7014179904
634.0 43.9668914048
636.0 44.2378910208
638.0 44.5124254144
640.0 44.765552
642.0 44.9848077824
644.0 45.1828880896
646.0 45.3873907392
648.0 45.5992782528
650.0 45.802752
652.0 45.9919206848
654.0 46.1711820352
656.0 46.346161824
658.0 46.518751904
660.0 46.705116
662.0 46.913219808
664.0 47.1349648704
666.0 47.3526441088
668.0 47.5647971456
670.0 47.773432
672.0 47.9782665536
674.0 48.1801471616
676.0 48.383554528
678.0 48.5876920832
680.0 48.779516
682.0 48.9530354112
684.0 49.1141416128
686.0 49.2747499584
688.0 49.4361548736
690.0 49.598904
692.0 49.7605080576
694.0 49.925248608
696.0 50.1061860736
698.0 50.2979768
700.0 50.428664
702.0 50.463845824
704.0 50.437957312
706.0 50.423353536
708.0 50.42534496
710.0 50.428664
712.0 50.428664
714.0 50.428664
716.0 50.428664
718.0 50.428664
720.0 50.428664
722.0 50.428664
724.0 50.428664
726.0 50.428664
728.0 50.428664
730.0 50.428664
732.0 50.428664
734.0 50.428664
736.0 50.428664
738.0 50.428664
740.0 50.428664
742.0 50.428664
744.0 50.428664
746.0 50.428664
748.0 50.428664
750.0 50.428664
