380.0 12.353052
382.0 12.3533121238
384.0 12.3536837292
386.0 12.3524574313
388.0 12.3526803946
390.0 12.353052
392.0 12.356288064
394.0 12.3582297024
396.0 12.3439910208
398.0 12.3187497216
400.0 12.353052
402.0 12.4800550656
404.0 12.6668008512
406.0 12.8450332992
408.0 13.0087781376
410.0 13.162068
412.0 13.3049194816
414.0 13.4383448896
416.0 13.5701605632
418.0 13.702324736
420.0 13.84662
422.0 14.010580576
424.0 14.1866058624
426.0 14.3551301184
428.0 14.51748096
430.0 14.707496
432.0 14.940575584
434.0 15.2009210816
436.0 15.4571343744
438.0 15.7064606592
440.0 15.952136
442.0 16.1936957312
444.0 16.4325338496
446.0 16.6760850048
448.0 16.923287104
450.0 17.155288
452.0 17.362810976
454.0 17.55523232
456.0 17.752549248
458.0 17.955425568
460.0 18.151
462.0 18.3335472
464.0 18.5085601792
466.0 18.6862117952
468.0 18.866668
470.0 19.042992
472.0 19.212760896
474.0 19.3772691136
476.0 19.5374957696
478.0 19.69476848
480.0 19.86238
482.0 20.047997312
484.0 20.244152576
486.0 20.43284
488.0 20.615055296
490.0 20.816604
492.0 21.049517632
494.0 21.3026608128
496.0 21.553513856
498.0 21.8005168128
500.0 22.050872
502.0 22.3050108928
504.0 22.5623028736
506.0 22.8272950272
508.0 23.0963032192
510.0 23.326628
512.0 23.4957496832
514.0 23.6278142848
516.0 23.77718768
518.0 23.94396944
520.0 24.073412
522.0 24.141784224
524.0 24.1716887744
526.0 24.2048957696
528.0 24.2458195328
530.0 24.301596
532.0 24.3796598208
534.0 24.4700538752
536.0 24.5436535872
538.0 24.6031141888
540.0 24.706104
542.0 24.8799221248
544.0 25.0981656
546.0 25.3064187648
548.0 25.501263008
550.0 25.701816
552.0 25.913072896
554.0 26.1304036352
556.0 26.3529452672
558.0 26.576714944
560.0 26.75976
562.0 26.885966496
564.0 26.9714151808
566.0 27.0436540864
568.0 27.1129390464
570.0 27.257616
572.0 27.5293955904
574.0 27.871389472
576.0 28.1387215488
578.0 28.3450662656
580.0 28.7823
582.0 29.5876318656
584.0 30.6242510336
586.0 31.6118811712
588.0 32.532234368
590.0 33.470444
592.0 34.45039056
594.0 35.4559269184
596.0 36.4908367808
598.0 37.5423750336
600.0 38.469748
602.0 39.2000695616
604.0 39.8086155456
606.0 40.4636446848
608.0 41.1682436864
610.0 41.788788
612.0 42.2646885504
614.0 42.653978752
616.0 43.0679128256
618.0 43.5106063808
620.0 43.915048
622.0 44.2525777728
624.0 44.550893088
626.0 44.8589165952
628.0 45.1794030976
630.0 45.491592
632.0 45.7869533696
634.0 46.0732869504
636.0 46.3629561664
638.0 46.6561269696
640.0 46.943672
642.0 47.2204467456
644.0 47.4911310528
646.0 47.7665283968
648.0 48.0453111616
650.0 48.302404
652.0 48.5264060096
654.0 48.7292159488
656.0 48.9346313344
658.0 49.145108256
660.0 49.360348
662.0 49.581147136
664.0 49.8069746176
666.0 50.034196096
668.0 50.2625128576
670.0 50.490896
672.0 50.7183830016
674.0 50.9461355264
676.0 51.1774560192
678.0 51.4117470528
680.0 51.642188
682.0 51.8646300608
684.0 52.0820935616
686.0 52.3024446272
688.0 52.5246543552
690.0 52.731248
692.0 52.9106587072
694.0 53.0764779456
696.0 53.2624271616
698.0 53.4643575552
700.0 53.602496
702.0 53.6394369152
704.0 53.6122539776
706.0 53.5969200128
708.0 53.599011008
710.0 53.602496
712.0 53.602496
714.0 53.602496
716.0 53.602496
718.0 53.602496
720.0 53.602496
722.0 53.602496
724.0 53.602496
726.0 53.602496
728.0 53.602496
730.0 53.602496
732.0 53.602496
734.0 53.602496
736.0 53.602496
738.0 53.602496
740.0 53.602496
742.0 53.602496
744.0 53.602496
746.0 53.602496
748.0 53.602496
750.0 53.602496
