380.0 17.16566
382.0 17.1661669079
384.0 17.1668910621
386.0 17.1645013533
388.0 17.1649358458
390.0 17.16566
392.0 17.171966176
394.0 17.1757498816
396.0 17.1480027072
398.0 17.0988145344
400.0 17.16566
402.0 17.4117170304
404.0 17.7747702208
406.0 18.1283973376
408.0 18.4585588416
410.0 18.742204
412.0 18.9646294656
414.0 19.1417998208
416.0 19.3182731776
418.0 19.4999242368
420.0 19.7068
422.0 19.9523093888
424.0 20.2213175808
426.0 20.4739297152
428.0 20.7111746944
430.0 20.982556
432.0 21.3098465344
434.0 21.6728665344
436.0 22.0333972544
438.0 22.3869579904
440.0 22.725052
442.0 23.0403110144
444.0 23.3401033024
446.0 23.6469651456
448.0 23.9593365952
450.0 24.239364
452.0 24.4685603072
454.0 24.66627552
456.0 24.8732674496
458.0 25.0906645696
460.0 25.286936
462.0 25.4488719616
464.0 25.589549472
466.0 25.7319860736
468.0 25.878803808
470.0 26.03372
472.0 26.200584736
474.0 26.3746185984
476.0 26.5414335488
478.0 26.7022244416
480.0 26.884224
482.0 27.1014219776
484.0 27.3394635264
486.0 27.5669007424
488.0 27.7838995776
490.0 28.025144
492.0 28.3063994496
494.0 28.6115685824
496.0 28.909170304
498.0 29.197345952
500.0 29.487596
502.0 29.781994848
504.0 30.0806918528
506.0 30.3907399744
508.0 30.7081231744
510.0 30.981164
512.0 31.1826629184
514.0 31.3408483648
516.0 31.5192301696
518.0 31.7177087616
520.0 31.873156
522.0 31.9575094016
524.0 31.9970723584
526.0 32.0417466368
528.0 32.0955482752
530.0 32.1532
532.0 32.2165272832
534.0 32.2817796096
536.0 32.3320796608
538.0 32.371012
540.0 32.453988
542.0 32.607410624
544.0 32.8049100992
546.0 32.9914567424
548.0 33.1633332288
550.0 33.335608
552.0 33.5124132608
554.0 33.6910439936
556.0 33.8728444096
558.0 34.0558230848
560.0 34.217228
562.0 34.3512176448
564.0 34.4616421056
566.0 34.5483686208
568.0 34.6214538816
570.0 34.787688
572.0 35.1092697856
574.0 35.5201503424
576.0 35.8622437952
578.0 36.1439141248
580.0 36.61316
582.0 37.3875584128
584.0 38.3494991808
586.0 39.2576217152
588.0 40.1006744704
590.0 41.000516
592.0 42.0012397504
594.0 43.0652244032
596.0 44.1450242816
598.0 45.225902848
600.0 46.196888
602.0 46.995863904
604.0 47.6888960512
606.0 48.4323942016
608.0 49.2253958336
610.0 49.899692
612.0 50.3770197376
614.0 50.7351109632
616.0 51.1290478208
618.0 51.564937344
620.0 51.953348
622.0 52.256542304
624.0 52.5090050816
626.0 52.7697820544
628.0 53.0427564992
630.0 53.31208
632.0 53.5708987392
634.0 53.8255686784
636.0 54.0861962944
638.0 54.3507901632
640.0 54.587836
642.0 54.7822653632
644.0 54.9491466944
646.0 55.1199776832
648.0 55.2966501824
650.0 55.469456
652.0 55.6355241664
654.0 55.7961657024
656.0 55.9501691584
658.0 56.0988621504
660.0 56.257728
662.0 56.4341681664
664.0 56.6215113792
666.0 56.8056517184
668.0 56.9853611392
670.0 57.160092
672.0 57.3283839232
674.0 57.4922283328
676.0 57.6582964992
678.0 57.8257918528
680.0 57.97948
682.0 58.1125569088
684.0 58.2316274688
686.0 58.349635936
688.0 58.4681754496
690.0 58.591428
692.0 58.7194267776
694.0 58.8528687808
696.0 58.9959857856
698.0 59.1443634688
700.0 59.244864
702.0 59.2719805568
704.0 59.2520497216
706.0 59.2407483904
708.0 59.242291744
710.0 59.244864
712.0 59.244864
714.0 59.244864
716.0 59.244864
718.0 59.244864
720.0 59.244864
722.0 59.244864
724.0 59.244864
726.0 59.244864
728.0 59.244864
730.0 59.244864
732.0 59.244864
734.0 59.244864
736.0 59.244864
738.0 59.244864
740.0 59.244864
742.0 59.244864
744.0 59.244864
746.0 59.244864
748.0 59.244864
750.0 59.244864
