380.0 16.294412
382.0 16.294705473
384.0 16.2951247202
386.0 16.2937412045
388.0 16.2939927528
390.0 16.294412
392.0 16.298062944
394.0 16.3002535104
396.0 16.2841561664
398.0 16.25541328
400.0 16.294412
402.0 16.43920512
404.0 16.65037904
406.0 16.8459368768
408.0 17.0196388352
410.0 17.186404
412.0 17.3528704512
414.0 17.5143915328
416.0 17.6648934016
418.0 17.8085912384
420.0 17.99542
422.0 18.2522639104
424.0 18.5502473216
426.0 18.8235868608
428.0 19.0732118592
430.0 19.374896
432.0 19.7626594432
434.0 20.2042743104
436.0 20.637541792
438.0 21.0572841856
440.0 21.47004
442.0 21.8749296896
444.0 22.2739280832
446.0 22.6801121984
448.0 23.0912582784
450.0 23.471836
452.0 23.8041880704
454.0 24.1062373056
456.0 24.4165509504
458.0 24.7361910976
460.0 25.038008
462.0 25.3095552576
464.0 25.5629473664
466.0 25.8215337728
468.0 26.0856795712
470.0 26.334508
472.0 26.5589746752
474.0 26.7684226944
476.0 26.980144256
478.0 27.1955997376
480.0 27.413196
482.0 27.6352895616
484.0 27.8574660992
486.0 28.0646571712
488.0 28.2605137216
490.0 28.502256
492.0 28.8166188736
494.0 29.1763696192
496.0 29.5255824128
498.0 29.859577408
500.0 30.18252
502.0 30.490195008
504.0 30.7909996032
506.0 31.114838336
508.0 31.4558033152
510.0 31.717576
512.0 31.8514328832
514.0 31.9071595648
516.0 31.9932886528
518.0 32.1114796672
520.0 32.173944
522.0 32.1430935232
524.0 32.052964992
526.0 31.964512576
528.0 31.8840424512
530.0 31.821296
532.0 31.7873754112
534.0 31.768357312
536.0 31.7220401088
538.0 31.6533027904
540.0 31.655344
542.0 31.7720414464
544.0 31.9605795136
546.0 32.1329870464
548.0 32.2833561536
550.0 32.433244
552.0 32.5872142656
554.0 32.7440555008
556.0 32.913758016
558.0 33.0919406784
560.0 33.221516
562.0 33.2820386944
564.0 33.2905022464
566.0 33.2713513856
568.0 33.2399532672
570.0 33.335608
572.0 33.6400635392
574.0 34.0667261312
576.0 34.4065294464
578.0 34.669530176
580.0 35.171452
582.0 36.0592952
584.0 37.1873207296
586.0 38.2613288832
588.0 39.2631977024
590.0 40.29522
592.0 41.3873833024
594.0 42.517566208
596.0 43.6809229184
598.0 44.860891424
600.0 45.885728
602.0 46.666034304
604.0 47.2943617664
606.0 47.978714624
608.0 48.7230425344
610.0 49.360348
612.0 49.8148407424
614.0 50.160817472
616.0 50.5410798848
618.0 50.9606729216
620.0 51.331028
622.0 51.6140259456
624.0 51.844898368
626.0 52.086026624
628.0 52.3408957056
630.0 52.58604
632.0 52.8120334336
634.0 53.0273727488
636.0 53.2448030592
638.0 53.4643575552
640.0 53.6751
642.0 53.8710229312
644.0 54.0576691456
646.0 54.2476675904
648.0 54.4399229824
650.0 54.60858
652.0 54.7424534784
654.0 54.8537242944
656.0 54.9656921088
658.0 55.081709152
660.0 55.210156
662.0 55.35619376
664.0 55.5148272768
666.0 55.6725978432
668.0 55.8287088896
670.0 55.988056
672.0 56.1513195776
674.0 56.3177860288
676.0 56.4892144448
678.0 56.6636134016
680.0 56.817816
682.0 56.9400894336
684.0 57.0431954112
686.0 57.1550968448
688.0 57.276590304
690.0 57.388276
692.0 57.47996448
694.0 57.5613805312
696.0 57.6536000576
698.0 57.7546648256
700.0 57.8239
702.0 57.8423704576
704.0 57.8287789888
706.0 57.8211120064
708.0 57.822157504
710.0 57.8239
712.0 57.8239
714.0 57.8239
716.0 57.8239
718.0 57.8239
720.0 57.8239
722.0 57.8239
724.0 57.8239
726.0 57.8239
728.0 57.8239
730.0 57.8239
732.0 57.8239
734.0 57.8239
736.0 57.8239
738.0 57.8239
740.0 57.8239
742.0 57.8239
744.0 57.8239
746.0 57.8239
748.0 57.8239
750.0 57.8239
