380.0 15.029028
382.0 15.0293081333
384.0 15.0297083238
386.0 15.0283876952
388.0 15.0286278095
390.0 15.029028
392.0 15.032512992
394.0 15.0346039872
396.0 15.0192534272
398.0 14.991937728
400.0 15.029028
402.0 15.166685184
404.0 15.3681177216
406.0 15.5567055744
408.0 15.7263748992
410.0 15.889904
412.0 16.0532173632
414.0 16.2107555968
416.0 16.3539223872
418.0 16.4872316288
420.0 16.667804
422.0 16.9259257408
424.0 17.2300825664
426.0 17.5090312832
428.0 17.763170176
430.0 18.068024
432.0 18.457098464
434.0 18.898115904
436.0 19.32967408
438.0 19.746462528
440.0 20.152796
442.0 20.546849024
444.0 20.9322393536
446.0 21.3252634752
448.0 21.7240627264
450.0 22.09236
452.0 22.4125145984
454.0 22.7022667904
456.0 22.999038752
458.0 23.3042908608
460.0 23.5963
462.0 23.8654575488
464.0 24.1209406528
466.0 24.379510464
468.0 24.6414325056
470.0 24.8928
472.0 25.1278378176
474.0 25.3519228032
476.0 25.5743980544
478.0 25.7966907584
480.0 26.023348
482.0 26.2595308864
484.0 26.4995804544
486.0 26.7262045056
488.0 26.9429876032
490.0 27.205756
492.0 27.5407467072
494.0 27.9211584768
496.0 28.2916795072
498.0 28.6478622848
500.0 29.000112
502.0 29.3474329408
504.0 29.6926794816
506.0 30.0538408192
508.0 30.4249094912
510.0 30.721864
512.0 30.9017725632
514.0 31.0101890048
516.0 31.147281952
518.0 31.314810496
520.0 31.42716
522.0 31.446908288
524.0 31.4105150144
526.0 31.3855392384
528.0 31.377291424
530.0 31.3753
532.0 31.379116896
534.0 31.3863689984
536.0 31.3820874368
538.0 31.3691265856
540.0 31.396044
542.0 31.4867035776
544.0 31.6162457088
546.0 31.7316653248
548.0 31.8309710016
550.0 31.94576
552.0 32.0887774336
554.0 32.2491368512
556.0 32.4095626496
558.0 32.5674327872
560.0 32.713288
562.0 32.8470619072
564.0 32.9656346112
566.0 33.0558793088
568.0 33.1272220736
570.0 33.29412
572.0 33.6218420096
574.0 34.0422979968
576.0 34.394547712
578.0 34.6864904704
580.0 35.16108
582.0 35.9321261824
584.0 36.8870803712
586.0 37.7975096384
588.0 38.6505692992
590.0 39.538064
592.0 40.4898982912
594.0 41.4818099904
596.0 42.4939014528
598.0 43.5134275648
600.0 44.423276
602.0 45.1610819968
604.0 45.7927284992
606.0 46.4687505664
608.0 47.1907413376
610.0 47.825292
612.0 48.3104194816
614.0 48.7062150016
616.0 49.1313840256
618.0 49.5890796416
620.0 49.99304
622.0 50.3051625216
624.0 50.563417024
626.0 50.8385156544
628.0 51.1339765952
630.0 51.414004
632.0 51.6630315712
634.0 51.895762656
636.0 52.1380857664
638.0 52.3900340928
640.0 52.627528
642.0 52.8386023488
644.0 53.0345916608
646.0 53.239310048
648.0 53.4520273216
650.0 53.643984
652.0 53.8030987776
654.0 53.9399925824
656.0 54.0736171328
658.0 54.2073246592
660.0 54.359652
662.0 54.5404732992
664.0 54.7394165568
666.0 54.9322029952
668.0 55.1173722368
670.0 55.303504
672.0 55.4929216128
674.0 55.6840983168
676.0 55.877614944
678.0 56.0717455936
680.0 56.247356
682.0 56.3946052096
684.0 56.5236328896
686.0 56.6570251072
688.0 56.79541248
690.0 56.921536
692.0 57.026002784
694.0 57.1193341888
696.0 57.2247634944
698.0 57.3402660864
700.0 57.419392
702.0 57.4405010944
704.0 57.4249679872
706.0 57.4162057216
708.0 57.417400576
710.0 57.419392
712.0 57.419392
714.0 57.419392
716.0 57.419392
718.0 57.419392
720.0 57.419392
722.0 57.419392
724.0 57.419392
726.0 57.419392
728.0 57.419392
730.0 57.419392
732.0 57.419392
734.0 57.419392
736.0 57.419392
738.0 57.419392
740.0 57.419392
742.0 57.419392
744.0 57.419392
746.0 57.419392
748.0 57.419392
750.0 57.419392
