380.0 18.679972
382.0 18.6802454635
384.0 18.6806361256
386.0 18.6793469406
388.0 18.6795813379
390.0 18.679972
392.0 18.683374016
394.0 18.6854152256
396.0 18.6704463552
398.0 18.6439106304
400.0 18.679972
402.0 18.8129327424
404.0 19.0089220544
406.0 19.1987545472
408.0 19.3753606656
410.0 19.530476
412.0 19.6606321536
414.0 19.7701272832
416.0 19.8697482688
418.0 19.966265952
420.0 20.12168
422.0 20.369612288
424.0 20.6739848512
426.0 20.9515727616
428.0 21.2024092096
430.0 21.511528
432.0 21.9161687616
434.0 22.3806850048
436.0 22.8383640256
438.0 23.2828000768
440.0 23.710392
442.0 24.1147174528
444.0 24.5050863424
446.0 24.9112870528
448.0 25.3311953984
450.0 25.712188
452.0 26.0289405824
454.0 26.306047232
456.0 26.5947373312
458.0 26.8969359232
460.0 27.185012
462.0 27.4473157312
464.0 27.6939701888
466.0 27.9420518336
468.0 28.1926227584
470.0 28.440024
472.0 28.6830109184
474.0 28.9229277248
476.0 29.1595586816
478.0 29.3944637376
480.0 29.643176
482.0 29.9160508736
484.0 30.2015380992
486.0 30.470363744
488.0 30.7257472768
490.0 31.033024
492.0 31.4224967488
494.0 31.863530784
496.0 32.294010272
498.0 32.7091226048
500.0 33.117796
502.0 33.5180556288
504.0 33.9160915008
506.0 34.3373938432
508.0 34.7758556224
510.0 35.140336
512.0 35.3839867264
514.0 35.5534900992
516.0 35.7521346432
518.0 35.9807501184
520.0 36.14642
522.0 36.2080213824
524.0 36.2058142208
526.0 36.2157547456
528.0 36.2433857536
530.0 36.270884
532.0 36.2944159936
534.0 36.3156578496
536.0 36.3276229888
538.0 36.3333981184
540.0 36.374604
542.0 36.4718850624
544.0 36.603534784
546.0 36.7227049152
548.0 36.8273376512
550.0 36.945064
552.0 37.0869695552
554.0 37.2422342464
556.0 37.3932671616
558.0 37.537844544
560.0 37.671104
562.0 37.796148832
564.0 37.9077847424
566.0 37.98682768
568.0 38.0438653824
570.0 38.210448
572.0 38.5606399104
574.0 39.01655984
576.0 39.39576016
578.0 39.7060406144
580.0 40.212244
582.0 41.0376394624
584.0 42.0606837568
586.0 43.036415136
588.0 43.9503293952
590.0 44.890016
592.0 45.8819276992
594.0 46.9073782976
596.0 47.9610739264
598.0 49.0294729024
600.0 49.972296
602.0 50.7157941504
604.0 51.335840608
606.0 52.0041790976
608.0 52.7229338048
610.0 53.343196
612.0 53.7963113408
614.0 54.1501707904
616.0 54.5378678528
618.0 54.9632526144
620.0 55.33462
622.0 55.6117100544
624.0 55.8321938816
626.0 56.0650411328
628.0 56.3138363712
630.0 56.548144
632.0 56.7551857152
634.0 56.9475406784
636.0 57.1463345792
638.0 57.3517997504
640.0 57.543856
642.0 57.7125793984
644.0 57.867960256
646.0 58.030842144
648.0 58.2007272064
650.0 58.352872
652.0 58.4765394304
654.0 58.5812385472
656.0 58.684610048
658.0 58.7890436416
660.0 58.902588
662.0 59.0302548736
664.0 59.1672316544
666.0 59.3007400384
668.0 59.4306140736
670.0 59.566396
672.0 59.7114878336
674.0 59.8629854144
676.0 60.0170884416
678.0 60.1720710144
680.0 60.31318
682.0 60.4322837504
684.0 60.5379785792
686.0 60.6503612736
688.0 60.769299072
690.0 60.873268
692.0 60.951182464
694.0 61.0143935808
696.0 61.0874788416
698.0 61.1695089152
700.0 61.225916
702.0 61.2408682752
704.0 61.2298656576
706.0 61.2236590528
708.0 61.224505408
710.0 61.225916
712.0 61.225916
714.0 61.225916
716.0 61.225916
718.0 61.225916
720.0 61.225916
722.0 61.225916
724.0 61.225916
726.0 61.225916
728.0 61.225916
730.0 61.225916
732.0 61.225916
734.0 61.225916
736.0 61.225916
738.0 61.225916
740.0 61.225916
742.0 61.225916
744.0 61.225916
746.0 61.225916
748.0 61.225916
750.0 61.225916
