380.0 21.096648
382.0 21.0967080286
384.0 21.0967937837
386.0 21.0965107918
388.0 21.0965622449
390.0 21.096648
392.0 21.097394784
394.0 21.0978428544
396.0 21.0945404096
398.0 21.0885827328
400.0 21.096648
402.0 21.1270006208
404.0 21.1705132352
406.0 21.207586912
408.0 21.237458272
410.0 21.272972
412.0 21.32358736
414.0 21.3785838528
416.0 21.4105959936
418.0 21.4253325312
420.0 21.511528
422.0 21.7156655552
424.0 21.989635712
426.0 22.2259845504
428.0 22.4254090688
430.0 22.704308
432.0 23.1143587968
434.0 23.60501248
436.0 24.0798675328
438.0 24.530692736
440.0 24.965404
442.0 25.3823584
444.0 25.7864847104
446.0 26.2006511168
448.0 26.6230653376
450.0 27.008688
452.0 27.3358291776
454.0 27.626942176
456.0 27.9288586496
458.0 28.243536832
460.0 28.543744
462.0 28.817066944
464.0 29.0755205888
466.0 29.3417573824
468.0 29.6154122304
470.0 29.87136
472.0 30.0988304064
474.0 30.3072993088
476.0 30.51400912
478.0 30.7213827392
480.0 30.939676
482.0 31.1761741952
484.0 31.4225631296
486.0 31.656754592
488.0 31.8804412928
490.0 32.132456
492.0 32.4299083648
494.0 32.7570495424
496.0 33.083692864
498.0 33.4058222912
500.0 33.709
502.0 33.9793524032
504.0 34.2336738432
506.0 34.520007424
508.0 34.8307857344
510.0 35.036616
512.0 35.0719139904
514.0 35.0037243136
516.0 34.9782174912
518.0 34.9970198528
520.0 34.932896
522.0 34.7318285568
524.0 34.4439516224
526.0 34.1588460864
528.0 33.8872988288
530.0 33.65714
532.0 33.4905075968
534.0 33.3613471552
536.0 33.196789152
538.0 33.001712576
540.0 32.899984
542.0 32.949105792
544.0 33.0931355328
546.0 33.2191262912
548.0 33.3189796096
550.0 33.418584
552.0 33.5217729536
554.0 33.6277996864
556.0 33.7532925888
558.0 33.8909829632
560.0 33.947556
562.0 33.8856724992
564.0 33.7398172864
566.0 33.5704798656
568.0 33.396346432
570.0 33.356352
572.0 33.542052288
574.0 33.8521667904
576.0 34.0289056704
578.0 34.095502208
580.0 34.559504
582.0 35.661591232
584.0 37.1615151936
586.0 38.5637266176
588.0 39.840345568
590.0 41.187212
592.0 42.668416576
594.0 44.2341405056
596.0 45.845650592
598.0 47.4767596096
600.0 48.883236
602.0 49.9355044416
604.0 50.7687162432
606.0 51.691226816
608.0 52.7069194368
610.0 53.550636
612.0 54.1011651648
614.0 54.4758681856
616.0 54.902646944
618.0 55.3899981824
620.0 55.80136
622.0 56.0783670784
624.0 56.2766299328
626.0 56.4939938624
628.0 56.7359020928
630.0 56.963024
632.0 57.1591626688
634.0 57.3383908288
636.0 57.5226473344
638.0 57.7120649472
640.0 57.886132
642.0 58.0350905152
644.0 58.1693622784
646.0 58.3100729792
648.0 58.4574549504
650.0 58.591428
652.0 58.7027320064
654.0 58.8004279488
656.0 58.9023058816
658.0 59.0089300416
660.0 59.110028
662.0 59.2011024576
664.0 59.285688192
666.0 59.369991808
668.0 59.4541792576
670.0 59.53528
672.0 59.6129123456
674.0 59.6870265088
676.0 59.7556310656
678.0 59.8202859648
680.0 59.8983
682.0 59.9965269888
684.0 60.1094075392
686.0 60.2275155776
688.0 60.3472333504
690.0 60.437644
692.0 60.4828161344
694.0 60.499212192
696.0 60.5238726592
698.0 60.5583906752
700.0 60.582852
702.0 60.5890088192
704.0 60.5844783296
706.0 60.5819226688
708.0 60.582271168
710.0 60.582852
712.0 60.582852
714.0 60.582852
716.0 60.582852
718.0 60.582852
720.0 60.582852
722.0 60.582852
724.0 60.582852
726.0 60.582852
728.0 60.582852
730.0 60.582852
732.0 60.582852
734.0 60.582852
736.0 60.582852
738.0 60.582852
740.0 60.582852
742.0 60.582852
744.0 60.582852
746.0 60.582852
748.0 60.582852
750.0 60.582852
