380.0 18.327324
382.0 18.3273573492
384.0 18.3274049909
386.0 18.3272477732
388.0 18.3272763583
390.0 18.327324
392.0 18.32773888
394.0 18.327987808
396.0 18.3261457408
398.0 18.3227769152
400.0 18.327324
402.0 18.3444336512
404.0 18.3686626432
406.0 18.3884441216
408.0 18.4034793728
410.0 18.420672
412.0 18.4463779648
414.0 18.4745400192
416.0 18.4876502272
418.0 18.4908531008
420.0 18.555508
422.0 18.7203647168
424.0 18.9440514176
426.0 19.1320750336
428.0 19.2867588928
430.0 19.530476
432.0 19.9199487488
434.0 20.398653888
436.0 20.8534951296
438.0 21.2781331072
440.0 21.718968
442.0 22.1922796992
444.0 22.6845431168
446.0 23.1810383104
448.0 23.6770854336
450.0 24.135644
452.0 24.5368827456
454.0 24.9023256448
456.0 25.281459584
458.0 25.6752138944
460.0 26.044092
462.0 26.3693911104
464.0 26.6688514944
466.0 26.9779370944
468.0 27.2966479104
470.0 27.58952
472.0 27.8406385664
474.0 28.0661507392
476.0 28.2971559232
478.0 28.5356455424
480.0 28.771928
482.0 29.0032153024
484.0 29.230702304
486.0 29.4527792704
488.0 29.670807008
490.0 29.902476
492.0 30.154888992
494.0 30.4214742848
496.0 30.6906484288
498.0 30.958926432
500.0 31.198976
502.0 31.390484608
504.0 31.5574821056
506.0 31.763046848
508.0 31.9989144256
510.0 32.111712
512.0 32.0249688896
514.0 31.8163506304
516.0 31.6529542912
518.0 31.5381652928
520.0 31.344184
522.0 31.0186525568
524.0 30.6084524032
526.0 30.1924273344
528.0 29.7829573696
530.0 29.435736
532.0 29.1875215936
534.0 28.997871648
536.0 28.7617053568
538.0 28.4843995648
540.0 28.325932
542.0 28.3603504448
544.0 28.51553216
546.0 28.6466508352
548.0 28.7438489216
550.0 28.844532
552.0 28.9559355776
554.0 29.0756035648
556.0 29.2211102784
558.0 29.383295168
560.0 29.446108
562.0 29.362966048
564.0 29.1769670464
566.0 28.9640672256
568.0 28.7472675328
570.0 28.699324
572.0 28.9332167488
574.0 29.322556736
576.0 29.5474051008
578.0 29.635376256
580.0 30.203264
582.0 31.54374128
584.0 33.3662593344
586.0 35.0714161344
588.0 36.62602128
590.0 38.27268
592.0 40.091264992
594.0 42.0176689984
596.0 43.9976257152
598.0 45.9983430272
600.0 47.721572
602.0 49.0089612352
604.0 50.0264959232
606.0 51.1531772416
608.0 52.3941828928
610.0 53.426172
612.0 54.1014140928
614.0 54.5630593664
616.0 55.0887953024
618.0 55.6887449728
620.0 56.195496
622.0 56.5372575488
624.0 56.781638464
626.0 57.0479416384
628.0 57.3426723904
630.0 57.61646
632.0 57.8490749184
634.0 58.0589876032
636.0 58.2753558208
638.0 58.4988101888
640.0 58.70552
642.0 58.8839018048
644.0 59.0462692416
646.0 59.2178304192
648.0 59.3980542912
650.0 59.556024
652.0 59.6780982912
654.0 59.776657184
656.0 59.8751331008
658.0 59.9760817024
660.0 60.084996
662.0 60.2055103424
664.0 60.3334925248
666.0 60.4577075968
668.0 60.5774917504
670.0 60.696944
672.0 60.8176242944
674.0 60.9381718272
676.0 61.0567943168
678.0 61.1734585728
680.0 61.288148
682.0 61.3999830528
684.0 61.51093856
686.0 61.626607104
688.0 61.7456610688
690.0 61.848236
692.0 61.9236445888
694.0 61.9823086208
696.0 62.0480753984
698.0 62.1204138752
700.0 62.169768
702.0 62.1828118272
704.0 62.1732363968
706.0 62.167776576
708.0 62.16852336
710.0 62.169768
712.0 62.169768
714.0 62.169768
716.0 62.169768
718.0 62.169768
720.0 62.169768
722.0 62.169768
724.0 62.169768
726.0 62.169768
728.0 62.169768
730.0 62.169768
732.0 62.169768
734.0 62.169768
736.0 62.169768
738.0 62.169768
740.0 62.169768
742.0 62.169768
744.0 62.169768
746.0 62.169768
748.0 62.169768
750.0 62.169768
