380.0 12.788676
382.0 12.7890428413
384.0 12.7895669002
386.0 12.7878375057
388.0 12.7881519411
390.0 12.788676
392.0 12.79323968
394.0 12.795977888
396.0 12.7758811008
398.0 12.7401516352
400.0 12.788676
402.0 12.9686675392
404.0 13.232348672
406.0 13.4803473408
408.0 13.7045982784
410.0 13.919224
412.0 14.1290205184
414.0 14.3303534848
416.0 14.5224429248
418.0 14.7086078784
420.0 14.925308
422.0 15.1936025984
424.0 15.4909387968
426.0 15.763697504
428.0 16.0146335232
430.0 16.325528
432.0 16.7343673472
434.0 17.2044595776
436.0 17.6618896704
438.0 18.1017454464
440.0 18.545136
442.0 18.9975543424
444.0 19.4548682688
446.0 19.9186543232
448.0 20.385460704
450.0 20.816604
452.0 21.191987424
454.0 21.5331349504
456.0 21.8881062784
458.0 22.257565216
460.0 22.600588
462.0 22.89805696
464.0 23.1680276736
466.0 23.4462296064
468.0 23.7332269952
470.0 24.000808
472.0 24.2372232192
474.0 24.4534254848
476.0 24.6684660864
478.0 24.8849670656
480.0 25.110612
482.0 25.3507943296
484.0 25.600087424
486.0 25.8434228416
488.0 26.0814312
490.0 26.334508
492.0 26.611730816
494.0 26.9043207872
496.0 27.1953342144
498.0 27.4830451968
500.0 27.765844
502.0 28.0393992768
504.0 28.3095359424
506.0 28.5950563584
508.0 28.8918117248
510.0 29.134948
512.0 29.2909262848
514.0 29.3950445696
516.0 29.5253666752
518.0 29.6820253632
520.0 29.788384
522.0 29.8105551872
524.0 29.7803685184
526.0 29.7578156416
528.0 29.747974688
530.0 29.746896
532.0 29.757765856
534.0 29.7751410304
536.0 29.7769830976
538.0 29.7670425728
540.0 29.809128
542.0 29.9340732608
544.0 30.1101815232
546.0 30.2707400832
548.0 30.4124299008
550.0 30.566284
552.0 30.7429233088
554.0 30.9343821312
556.0 31.1331262464
558.0 31.3347745216
560.0 31.499764
562.0 31.6130760256
564.0 31.6875054976
566.0 31.7440951296
568.0 31.7932998976
570.0 31.925016
572.0 32.1967292096
574.0 32.5464398592
576.0 32.8183024256
578.0 33.0259581632
580.0 33.470444
582.0 34.2924208512
584.0 35.3520243712
586.0 36.3644145472
588.0 37.3098430912
590.0 38.262308
592.0 39.2394499712
594.0 40.2317599552
596.0 41.258737312
598.0 42.3075041664
600.0 43.220124
602.0 43.9157449984
604.0 44.4774759232
606.0 45.0891749952
608.0 45.7544931584
610.0 46.331724
612.0 46.7566772864
614.0 47.0900914496
616.0 47.448000128
618.0 47.83441936
620.0 48.17794
622.0 48.448192832
624.0 48.6744185984
626.0 48.9080292288
628.0 49.1525429056
630.0 49.391464
632.0 49.6184531456
634.0 49.839783328
636.0 50.0642002176
638.0 50.291670624
640.0 50.51164
642.0 50.71825024
644.0 50.9176581632
646.0 51.1238701184
648.0 51.3358240128
650.0 51.528096
652.0 51.6891358208
654.0 51.8302282112
656.0 51.9737269056
658.0 52.1216565184
660.0 52.27488
662.0 52.4348079424
664.0 52.5988017088
666.0 52.758879008
668.0 52.9148075072
670.0 53.073524
672.0 53.2383309312
674.0 53.4059590464
676.0 53.5698200512
678.0 53.7298143744
680.0 53.892912
682.0 54.0613034944
684.0 54.232532768
686.0 54.4035960896
688.0 54.5726347968
690.0 54.722672
692.0 54.8433854848
694.0 54.9467569856
696.0 55.0618446976
698.0 55.1869891008
700.0 55.272388
702.0 55.2951068288
704.0 55.2784120576
706.0 55.2689361984
708.0 55.270230624
710.0 55.272388
712.0 55.272388
714.0 55.272388
716.0 55.272388
718.0 55.272388
720.0 55.272388
722.0 55.272388
724.0 55.272388
726.0 55.272388
728.0 55.272388
730.0 55.272388
732.0 55.272388
734.0 55.272388
736.0 55.272388
738.0 55.272388
740.0 55.272388
742.0 55.272388
744.0 55.272388
746.0 55.272388
748.0 55.272388
750.0 55.272388
