380.0 22.289428
382.0 22.2895147079
384.0 22.2896385764
386.0 22.2892298104
388.0 22.2893041315
390.0 22.289428
392.0 22.290506688
394.0 22.2911539008
396.0 22.2864076736
398.0 22.2779939072
400.0 22.289428
402.0 22.3321772352
404.0 22.3946747584
406.0 22.4522601024
408.0 22.5036056512
410.0 22.5591
412.0 22.6265760832
414.0 22.6971388736
416.0 22.7481691136
418.0 22.7851432192
420.0 22.891004
422.0 23.1099112832
424.0 23.3951495808
426.0 23.6414057536
428.0 23.8504057024
430.0 24.146016
432.0 24.5838305664
434.0 25.1107115712
436.0 25.6240177024
438.0 26.1152190272
440.0 26.593808
442.0 27.0579923392
444.0 27.5124850816
446.0 27.9813824576
448.0 28.4615313792
450.0 28.896392
452.0 29.2581839552
454.0 29.574222944
456.0 29.902724928
458.0 30.2456813312
460.0 30.566284
462.0 30.8478381632
464.0 31.1072377344
466.0 31.3765612352
468.0 31.6560409984
470.0 31.914644
472.0 32.1392932224
474.0 32.3422691136
476.0 32.5454607424
478.0 32.7519216256
480.0 32.972588
482.0 33.2149277056
484.0 33.4704771904
486.0 33.7168329344
488.0 33.9548246976
490.0 34.217228
492.0 34.5175679296
494.0 34.8424853504
496.0 35.16813296
498.0 35.489996864
500.0 35.7834
502.0 36.029672768
504.0 36.2511025216
506.0 36.50695072
508.0 36.7902805696
510.0 36.965808
512.0 36.9661896896
514.0 36.859764672
516.0 36.7932843008
518.0 36.7698020928
520.0 36.675392
522.0 36.4627908928
524.0 36.1759428608
526.0 35.890604992
528.0 35.6169999296
530.0 35.389264
532.0 35.2319912896
534.0 35.116936768
536.0 34.9679782528
538.0 34.7894968768
540.0 34.704712
542.0 34.7705783488
544.0 34.931070528
546.0 35.0736564864
548.0 35.1902377664
550.0 35.306288
552.0 35.4253917504
554.0 35.5478145408
556.0 35.6923421376
558.0 35.8515730816
560.0 35.928608
562.0 35.8847634816
564.0 35.7549724224
566.0 35.60002304
568.0 35.439298528
570.0 35.42038
572.0 35.638689856
574.0 35.98918048
576.0 36.2065610048
578.0 36.3129694272
580.0 36.810228
582.0 37.9334077312
584.0 39.4497941312
586.0 40.8846483136
588.0 42.2063066368
590.0 43.552028
592.0 44.9577907968
594.0 46.3996979392
596.0 47.8934484864
598.0 49.4162406336
600.0 50.708708
602.0 51.6376741056
604.0 52.3409952768
606.0 53.1248197632
608.0 53.9961507392
610.0 54.722672
612.0 55.2001324992
614.0 55.5291323392
616.0 55.9000018688
618.0 56.3203416896
620.0 56.68298
622.0 56.9424127616
624.0 57.1404930688
626.0 57.3494266368
628.0 57.5731963136
630.0 57.782412
632.0 57.9652579136
634.0 58.133151552
636.0 58.3038995648
638.0 58.4782321408
640.0 58.643288
642.0 58.7927111808
644.0 58.933621024
646.0 59.0806379008
648.0 59.232998432
650.0 59.369328
652.0 59.480183936
654.0 59.5731834368
656.0 59.6627477312
658.0 59.7509014336
660.0 59.84644
662.0 59.9542756096
664.0 60.069894368
666.0 60.1820447296
668.0 60.290029696
670.0 60.396156
672.0 60.501037664
674.0 60.6042929984
676.0 60.706320288
678.0 60.8070863424
680.0 60.904384
682.0 60.9967694784
684.0 61.0865827008
686.0 61.1793166784
688.0 61.2744403648
690.0 61.360752
692.0 61.4317628608
694.0 61.4936629568
696.0 61.5612552064
698.0 61.6333447552
700.0 61.682284
702.0 61.6953278272
704.0 61.6857523968
706.0 61.680292576
708.0 61.68103936
710.0 61.682284
712.0 61.682284
714.0 61.682284
716.0 61.682284
718.0 61.682284
720.0 61.682284
722.0 61.682284
724.0 61.682284
726.0 61.682284
728.0 61.682284
730.0 61.682284
732.0 61.682284
734.0 61.682284
736.0 61.682284
738.0 61.682284
740.0 61.682284
742.0 61.682284
744.0 61.682284
746.0 61.682284
748.0 61.682284
750.0 61.682284
