380.0 17.124172
382.0 17.1244054444
384.0 17.1247389365
386.0 17.1236384127
388.0 17.1238385079
390.0 17.124172
392.0 17.12707616
394.0 17.128818656
396.0 17.1160237568
398.0 17.0932385472
400.0 17.124172
402.0 17.2392763072
404.0 17.4073358976
406.0 17.5628495168
408.0 17.701104128
410.0 17.83984
412.0 17.98836704
414.0 18.1365455808
416.0 18.2641128832
418.0 18.3760806976
420.0 18.545136
422.0 18.8097132736
424.0 19.1313780352
426.0 19.4234037696
428.0 19.6868193792
430.0 20.01796
432.0 20.4594918912
434.0 20.9695785536
436.0 21.4684800512
438.0 21.9490272576
440.0 22.413892
442.0 22.8593569536
444.0 23.29219296
446.0 23.7377906752
448.0 24.1939263424
450.0 24.612756
452.0 24.9707476544
454.0 25.290172064
456.0 25.6184085248
458.0 25.9566850816
460.0 26.272276
462.0 26.5502953856
464.0 26.8059278464
466.0 27.0682979584
468.0 27.3379035776
470.0 27.58952
472.0 27.8131901056
474.0 28.0179416832
476.0 28.2183287232
478.0 28.4176702656
480.0 28.637092
482.0 28.8884760896
484.0 29.1591438016
486.0 29.418808896
488.0 29.6673386112
490.0 29.933592
492.0 30.2299158912
494.0 30.544627264
496.0 30.8565174528
498.0 31.1631635584
500.0 31.458276
502.0 31.7345362944
504.0 32.0018185856
506.0 32.288782784
508.0 32.590649472
510.0 32.82738
512.0 32.958648032
514.0 33.0248462848
516.0 33.1138297472
518.0 33.2272911296
520.0 33.29412
522.0 33.2839637376
524.0 33.2269426304
526.0 33.177455744
528.0 33.140780352
530.0 33.117796
532.0 33.113315296
534.0 33.1198040192
536.0 33.1121204416
538.0 33.0929529856
540.0 33.117796
542.0 33.2132681856
544.0 33.3527508416
546.0 33.4807164288
548.0 33.5942773824
550.0 33.719372
552.0 33.8649450944
554.0 34.0228816128
556.0 34.183788672
558.0 34.3441148992
560.0 34.476528
562.0 34.5720499712
564.0 34.6380988672
566.0 34.6840841664
568.0 34.719896608
570.0 34.839548
572.0 35.102830848
574.0 35.4453391808
576.0 35.705983392
578.0 35.8994668288
580.0 36.343488
582.0 37.1870054208
584.0 38.281724384
586.0 39.3245999424
588.0 40.2952531904
590.0 41.28056
592.0 42.3031894144
594.0 43.3483717056
596.0 44.4270763008
598.0 45.5249649472
600.0 46.476932
602.0 47.1980100352
604.0 47.7764855168
606.0 48.4085966848
608.0 49.0983263872
610.0 49.692252
612.0 50.1205077312
614.0 50.45023776
616.0 50.8105859328
618.0 51.2054355264
620.0 51.54884
622.0 51.8036095104
624.0 52.0049756672
626.0 52.2163653248
628.0 52.4417281408
630.0 52.658644
632.0 52.8585165888
634.0 53.0496103168
636.0 53.2434920384
638.0 53.4404604672
640.0 53.633612
642.0 53.8190799552
644.0 53.9994365888
646.0 54.1807391488
648.0 54.3618259712
650.0 54.525604
652.0 54.6645224192
654.0 54.7866299008
656.0 54.9076918848
658.0 55.0296997952
660.0 55.158296
662.0 55.2971314432
664.0 55.4413603264
666.0 55.5786192256
668.0 55.708675808
670.0 55.842848
672.0 55.986562432
674.0 56.134425664
676.0 56.2755014592
678.0 56.4098893888
680.0 56.548144
682.0 56.6939992128
684.0 56.8450155328
686.0 56.9985211328
688.0 57.1523586368
690.0 57.284556
692.0 57.3827829888
694.0 57.460133216
696.0 57.5473907776
698.0 57.6438586752
700.0 57.709808
702.0 57.7272495552
704.0 57.7144380608
706.0 57.707152768
708.0 57.70814848
710.0 57.709808
712.0 57.709808
714.0 57.709808
716.0 57.709808
718.0 57.709808
720.0 57.709808
722.0 57.709808
724.0 57.709808
726.0 57.709808
728.0 57.709808
730.0 57.709808
732.0 57.709808
734.0 57.709808
736.0 57.709808
738.0 57.709808
740.0 57.709808
742.0 57.709808
744.0 57.709808
746.0 57.709808
748.0 57.709808
750.0 57.709808
