380.0 15.97288
382.0 15.9731467936
384.0 15.9735279274
386.0 15.972270186
388.0 15.9724988662
390.0 15.97288
392.0 15.97619904
394.0 15.978190464
396.0 15.9635700928
398.0 15.9375488192
400.0 15.97288
402.0 16.1032518912
404.0 16.2946443328
406.0 16.4774902464
408.0 16.6447864576
410.0 16.792268
412.0 16.9168647616
414.0 17.0223438528
416.0 17.1209857216
418.0 17.2170055488
420.0 17.341984
422.0 17.5141426048
424.0 17.7146624064
426.0 17.898089152
428.0 18.0657172672
430.0 18.275464
432.0 18.5532842432
434.0 18.8740196736
436.0 19.1889135936
438.0 19.4934852992
440.0 19.789776
442.0 20.0757278912
444.0 20.3540625856
446.0 20.6373924352
448.0 20.9245225856
450.0 21.189996
452.0 21.4214658496
454.0 21.6320755328
456.0 21.849406272
458.0 22.0743873984
460.0 22.289428
462.0 22.4868610944
464.0 22.6732251904
466.0 22.8601535232
468.0 23.0482103296
470.0 23.23328
472.0 23.4146323456
474.0 23.5924665088
476.0 23.7647744704
478.0 23.933016608
480.0 24.1149
482.0 24.320182624
484.0 24.538575456
486.0 24.7462975744
488.0 24.9442119296
490.0 25.162472
492.0 25.4146028736
494.0 25.6889713152
496.0 25.9631406144
498.0 26.2347210624
500.0 26.50046
502.0 26.7530721344
504.0 27.0007388992
506.0 27.2710747072
508.0 27.5569436224
510.0 27.755472
512.0 27.8135883904
514.0 27.7866875712
516.0 27.7973250944
518.0 27.8462643392
520.0 27.817704
522.0 27.6618916672
524.0 27.4259908992
526.0 27.1960312128
528.0 26.9816046336
530.0 26.801248
532.0 26.6711914176
534.0 26.571155552
536.0 26.4430572032
538.0 26.2904809344
540.0 26.210044
542.0 26.2465866304
544.0 26.356662592
546.0 26.452665824
548.0 26.5284561024
550.0 26.60418
552.0 26.6831233664
554.0 26.7648547264
556.0 26.862069408
558.0 26.9695897088
560.0 27.01906
562.0 26.9846913408
564.0 26.8895510592
566.0 26.7706796416
568.0 26.6440416704
570.0 26.645668
572.0 26.8630153344
574.0 27.1986034688
576.0 27.4081510592
578.0 27.5127672
580.0 27.983656
582.0 29.045250944
584.0 30.4745789248
586.0 31.8102104064
588.0 33.0282151104
590.0 34.33132
592.0 35.7895734144
594.0 37.3452406528
596.0 38.9372181888
598.0 40.5402813184
600.0 41.944368
602.0 43.0351207104
604.0 43.932970816
606.0 44.9178461504
608.0 45.990775616
610.0 46.88144
612.0 47.465425088
614.0 47.8651868608
616.0 48.3215050752
618.0 48.8442040896
620.0 49.298116
622.0 49.6256720576
624.0 49.8800930688
626.0 50.1535487744
628.0 50.450486688
630.0 50.729452
632.0 50.973069536
634.0 51.196689856
636.0 51.4254712832
638.0 51.6598452928
640.0 51.880744
642.0 52.0789570688
644.0 52.2636616448
646.0 52.4535439232
648.0 52.6483051904
650.0 52.824596
652.0 52.9720775424
654.0 53.1014537216
656.0 53.2332693952
658.0 53.3694827968
660.0 53.509148
662.0 53.6525969088
664.0 53.7990993344
666.0 53.9450375232
668.0 54.090145952
670.0 54.235188
672.0 54.380064096
674.0 54.5250729536
676.0 54.671724736
678.0 54.8193888256
680.0 54.961228
682.0 55.0932096256
684.0 55.2189348608
686.0 55.3472821376
688.0 55.4774880768
690.0 55.59392
692.0 55.6877492608
694.0 55.768335552
696.0 55.8574185856
698.0 55.9536375552
700.0 56.019172
702.0 56.0366135552
704.0 56.0238020608
706.0 56.016516768
708.0 56.01751248
710.0 56.019172
712.0 56.019172
714.0 56.019172
716.0 56.019172
718.0 56.019172
720.0 56.019172
722.0 56.019172
724.0 56.019172
726.0 56.019172
728.0 56.019172
730.0 56.019172
732.0 56.019172
734.0 56.019172
736.0 56.019172
738.0 56.019172
740.0 56.019172
742.0 56.019172
744.0 56.019172
746.0 56.019172
748.0 56.019172
750.0 56.019172
