380.0 17.78798
382.0 17.7881800952
384.0 17.7884659456
386.0 17.7875226395
388.0 17.7876941497
390.0 17.78798
392.0 17.79046928
394.0 17.791962848
396.0 17.781010016
398.0 17.761593632
400.0 17.78798
402.0 17.885559776
404.0 18.0291414464
406.0 18.1667322496
408.0 18.2934531968
410.0 18.4103
412.0 18.5191479168
414.0 18.6170264064
416.0 18.6973305792
418.0 18.766101088
420.0 18.897784
422.0 19.132772032
424.0 19.4279508544
426.0 19.6845790272
428.0 19.9043824512
430.0 20.204656
432.0 20.6387200512
434.0 21.1553452224
436.0 21.6542799104
438.0 22.1285541312
440.0 22.600588
442.0 23.0749783872
444.0 23.5506797952
446.0 24.0391097216
448.0 24.5361525568
450.0 24.986148
452.0 25.3606850688
454.0 25.6881747456
456.0 26.031313696
458.0 26.3912967744
460.0 26.718272
462.0 26.9903005184
464.0 27.2291220416
466.0 27.4752786432
468.0 27.7313923648
470.0 27.983656
472.0 28.2284186048
474.0 28.4680035072
476.0 28.7009503296
478.0 28.9299474944
480.0 29.186808
482.0 29.4887078784
484.0 29.8169111488
486.0 30.1286851712
488.0 30.424560992
490.0 30.75298
492.0 31.135582336
494.0 31.5521882368
496.0 31.9641142912
498.0 32.3679086976
500.0 32.765148
502.0 33.1505383296
504.0 33.5311990272
506.0 33.9335496512
508.0 34.3506202176
510.0 34.683968
512.0 34.8829942336
514.0 34.9989946816
516.0 35.1454141312
518.0 35.323215104
520.0 35.430752
522.0 35.423450112
524.0 35.343959104
526.0 35.2718031744
528.0 35.2138195456
530.0 35.16108
532.0 35.1154100096
534.0 35.0737228672
536.0 35.0164196416
538.0 34.9478482752
540.0 34.932896
542.0 35.0030273152
544.0 35.1258483904
546.0 35.2328210496
548.0 35.32039392
550.0 35.42038
552.0 35.544761024
554.0 35.683082016
556.0 35.821071104
558.0 35.956073056
560.0 36.073816
562.0 36.174299936
564.0 36.254869632
566.0 36.299261792
568.0 36.320752576
570.0 36.478324
572.0 36.859847648
574.0 37.3725729472
576.0 37.8014095104
578.0 38.1525971328
580.0 38.708304
582.0 39.5988688128
584.0 40.6962761984
586.0 41.7450928384
588.0 42.7298851968
590.0 43.738724
592.0 44.7969003328
594.0 45.8874870912
596.0 47.0115795584
598.0 48.1541756736
600.0 49.152908
602.0 49.9222282816
604.0 50.550306816
606.0 51.236684288
608.0 51.9828542656
610.0 52.606784
612.0 53.0253647296
614.0 53.3195810304
616.0 53.6470043264
618.0 54.0144386496
620.0 54.338908
622.0 54.5858943616
624.0 54.7865967104
626.0 54.9928584512
628.0 55.2082309568
630.0 55.417596
632.0 55.6143984768
634.0 55.8062223936
636.0 56.0059954112
638.0 56.2121907712
640.0 56.392564
642.0 56.5318143232
644.0 56.6451761344
646.0 56.7641471232
648.0 56.8906191424
650.0 57.014884
652.0 57.1339047744
654.0 57.2492248192
656.0 57.3603794688
658.0 57.4683312448
660.0 57.585344
662.0 57.7171762688
664.0 57.8581027072
666.0 57.9962079616
668.0 58.1301976064
670.0 58.259524
672.0 58.3830254784
674.0 58.5015318016
676.0 58.6187934848
678.0 58.7344122432
680.0 58.840356
682.0 58.9332227392
684.0 59.0169787136
686.0 59.0991249536
688.0 59.1808231232
690.0 59.265608
692.0 59.3538280832
694.0 59.4456327296
696.0 59.543245696
698.0 59.6437130368
700.0 59.711604
702.0 59.7299251008
704.0 59.7164663936
706.0 59.7088160064
708.0 59.709861504
710.0 59.711604
712.0 59.711604
714.0 59.711604
716.0 59.711604
718.0 59.711604
720.0 59.711604
722.0 59.711604
724.0 59.711604
726.0 59.711604
728.0 59.711604
730.0 59.711604
732.0 59.711604
734.0 59.711604
736.0 59.711604
738.0 59.711604
740.0 59.711604
742.0 59.711604
744.0 59.711604
746.0 59.711604
748.0 59.711604
750.0 59.711604
