380.0 13.110208
382.0 13.1105081429
384.0 13.1109369184
386.0 13.1095219592
388.0 13.1097792245
390.0 13.110208
392.0 13.11394192
394.0 13.116182272
396.0 13.0997198336
398.0 13.0703297344
400.0 13.110208
402.0 13.2582703744
404.0 13.4742403072
406.0 13.6743120384
408.0 13.8521130112
410.0 14.022944
412.0 14.1929784192
414.0 14.3582998016
416.0 14.5155393216
418.0 14.6681819712
420.0 14.852704
422.0 15.0887043392
424.0 15.3564181056
426.0 15.6104906176
428.0 15.8514197312
430.0 16.12846
432.0 16.4634507072
434.0 16.8353491392
436.0 17.2040612928
438.0 17.5659030336
440.0 17.922816
442.0 18.2729415296
444.0 18.6186693312
446.0 18.9711513792
448.0 19.3287281536
450.0 19.665312
452.0 19.9675603776
454.0 20.2484175424
456.0 20.5364106432
458.0 20.8317720128
460.0 21.10702
462.0 21.3496252288
464.0 21.5732787392
466.0 21.804765184
468.0 22.045146656
470.0 22.279056
472.0 22.500518944
474.0 22.7133855744
476.0 22.9226344512
478.0 23.1296595712
480.0 23.347372
482.0 23.5826255552
484.0 23.8282677056
486.0 24.0679189888
488.0 24.30118112
490.0 24.540152
492.0 24.788831072
494.0 25.043982272
496.0 25.3023197504
498.0 25.5613874176
500.0 25.795164
502.0 25.9861415616
504.0 26.1553794112
506.0 26.3557166656
508.0 26.5815441472
510.0 26.718272
512.0 26.7092442112
514.0 26.6110504128
516.0 26.5445534464
518.0 26.5127072576
520.0 26.427856
522.0 26.2539051136
524.0 26.024260736
526.0 25.7956452608
528.0 25.5757588608
530.0 25.390656
532.0 25.2602841088
534.0 25.1614430976
536.0 25.0306729216
538.0 24.8732840448
540.0 24.809824
542.0 24.8957705408
544.0 25.0766084352
546.0 25.2428425536
548.0 25.3852127744
550.0 25.51512
552.0 25.6299919744
554.0 25.7352885184
556.0 25.8598354944
558.0 25.9983224384
560.0 26.064836
562.0 26.0265342784
564.0 25.9137035136
566.0 25.775830592
568.0 25.631369376
570.0 25.629212
572.0 25.861046944
574.0 26.2258592256
576.0 26.4745382976
578.0 26.623015552
580.0 27.091664
582.0 28.080654944
584.0 29.39134384
586.0 30.6138956288
588.0 31.7292922112
590.0 32.941472
592.0 34.3245325632
594.0 35.815096832
596.0 37.3324955392
598.0 38.852765216
600.0 40.201872
602.0 41.2826344
604.0 42.1968805632
606.0 43.1860872448
608.0 44.2493914944
610.0 45.138944
612.0 45.7404702144
614.0 46.1659213568
616.0 46.6363952768
618.0 47.1618490944
620.0 47.628224
622.0 47.9884560064
624.0 48.285891776
626.0 48.5918740736
628.0 48.9115142208
630.0 49.225512
632.0 49.5255366208
634.0 49.820781824
636.0 50.1264488128
638.0 50.440114688
640.0 50.71908
642.0 50.942534368
644.0 51.1306907456
646.0 51.3263979392
648.0 51.5314482304
650.0 51.725164
652.0 51.8996127424
654.0 52.0610674432
656.0 52.218124416
658.0 52.3725095616
660.0 52.53418
662.0 52.7079815296
664.0 52.88973216
666.0 53.0700887936
668.0 53.247690624
670.0 53.4158
672.0 53.570301312
674.0 53.7157084544
676.0 53.863372544
678.0 54.0132603904
680.0 54.152212
682.0 54.2742199104
684.0 54.3858890112
686.0 54.5002299392
688.0 54.6179065024
690.0 54.733044
692.0 54.8411949184
694.0 54.9466740096
696.0 55.0608655808
698.0 55.1807161152
700.0 55.262016
702.0 55.2838552832
704.0 55.2678077248
706.0 55.25869696
708.0 55.2599416
710.0 55.262016
712.0 55.262016
714.0 55.262016
716.0 55.262016
718.0 55.262016
720.0 55.262016
722.0 55.262016
724.0 55.262016
726.0 55.262016
728.0 55.262016
730.0 55.262016
732.0 55.262016
734.0 55.262016
736.0 55.262016
738.0 55.262016
740.0 55.262016
742.0 55.262016
744.0 55.262016
746.0 55.262016
748.0 55.262016
750.0 55.262016
