380.0 18.327324
382.0 18.3274107079
384.0 18.3275345764
386.0 18.3271258104
388.0 18.3272001315
390.0 18.327324
392.0 18.328402688
394.0 18.3290499008
396.0 18.3243036736
398.0 18.3158899072
400.0 18.327324
402.0 18.3696583552
404.0 18.4319069504
406.0 18.4913177664
408.0 18.5458993792
410.0 18.596996
412.0 18.6477109312
414.0 18.6940447296
416.0 18.7243475648
418.0 18.744195424
420.0 18.82518
422.0 19.006150656
424.0 19.246366176
426.0 19.45247856
428.0 19.626479232
430.0 19.883124
432.0 20.274521792
434.0 20.749891296
436.0 21.2097608832
438.0 21.6469282368
440.0 22.081988
442.0 22.5190059968
444.0 22.9573350144
446.0 23.4086746688
448.0 23.8695731584
450.0 24.291224
452.0 24.6485518464
454.0 24.9665988544
456.0 25.300792992
458.0 25.6515989248
460.0 25.971488
462.0 26.2388200768
464.0 26.47390768
466.0 26.7159984576
468.0 26.9667187392
470.0 27.205756
472.0 27.4258249472
474.0 27.6331155904
476.0 27.8353446976
478.0 28.035267072
480.0 28.253328
482.0 28.500679456
484.0 28.7663022272
486.0 29.024258016
488.0 29.2742812992
490.0 29.539456
492.0 29.8293077632
494.0 30.1342445632
496.0 30.4374388672
498.0 30.7364013952
500.0 31.022652
502.0 31.2868641792
504.0 31.5405550016
506.0 31.8173629376
508.0 32.1108158592
510.0 32.319152
512.0 32.3897811712
514.0 32.3761233216
516.0 32.3965022272
518.0 32.4510506496
520.0 32.422872
522.0 32.2618653696
524.0 32.0162398144
526.0 31.7741324416
528.0 31.5460977984
530.0 31.354556
532.0 31.2192553344
534.0 31.1171948544
536.0 30.9815456896
538.0 30.8178838272
540.0 30.75298
542.0 30.8455978112
544.0 31.0370732288
546.0 31.2088169536
548.0 31.3519339584
550.0 31.489392
552.0 31.6231825024
554.0 31.7560934592
556.0 31.9131006464
558.0 32.0870017472
560.0 32.173944
562.0 32.1331364032
564.0 32.001851776
566.0 31.8435003776
568.0 31.6794568256
570.0 31.676088
572.0 31.9388398016
574.0 32.3514462592
576.0 32.6231096832
578.0 32.7757357376
580.0 33.335608
582.0 34.5482690496
584.0 36.1710970624
586.0 37.7113805504
588.0 39.1354312576
590.0 40.575264
592.0 42.0637372736
594.0 43.5811359808
596.0 45.1536141568
598.0 46.7592661376
600.0 48.136452
602.0 49.1496387456
604.0 49.9395038848
606.0 50.8198294592
608.0 51.7949634112
610.0 52.596412
612.0 53.1024992192
614.0 53.431316512
616.0 53.8101683328
618.0 54.2492441344
620.0 54.629324
622.0 54.9001078784
624.0 55.1092073984
626.0 55.3379058496
628.0 55.5897877952
630.0 55.822104
632.0 56.0164503872
634.0 56.1894055616
636.0 56.3697621952
638.0 56.5583168576
640.0 56.73484
642.0 56.8898889536
644.0 57.033470624
646.0 57.1852669184
648.0 57.3451450752
650.0 57.491996
652.0 57.6162276672
654.0 57.7264363904
656.0 57.8393003456
658.0 57.955914816
660.0 58.072828
662.0 58.188911424
664.0 58.3050280384
666.0 58.4215595328
668.0 58.5383731456
670.0 58.65366
672.0 58.7660592896
674.0 58.8771309632
676.0 58.99095744
678.0 59.1067753408
680.0 59.213748
682.0 59.3063326208
684.0 59.3894745728
686.0 59.4741598784
688.0 59.5605212992
690.0 59.639
692.0 59.7042357312
694.0 59.7626176448
696.0 59.828517184
698.0 59.900706304
700.0 59.95016
702.0 59.963353184
704.0 59.953644992
706.0 59.948168576
708.0 59.94891536
710.0 59.95016
712.0 59.95016
714.0 59.95016
716.0 59.95016
718.0 59.95016
720.0 59.95016
722.0 59.95016
724.0 59.95016
726.0 59.95016
728.0 59.95016
730.0 59.95016
732.0 59.95016
734.0 59.95016
736.0 59.95016
738.0 59.95016
740.0 59.95016
742.0 59.95016
744.0 59.95016
746.0 59.95016
748.0 59.95016
750.0 59.95016
