380.0 20.01796
382.0 20.0178799619
384.0 20.0177656218
386.0 20.0181429442
388.0 20.0180743401
390.0 20.01796
392.0 20.016964288
394.0 20.0163668608
396.0 20.0207479936
398.0 20.0285145472
400.0 20.01796
402.0 19.9798906112
404.0 19.923035456
406.0 19.8637739968
408.0 19.8056576064
410.0 19.769032
412.0 19.7688992384
414.0 19.7887968832
416.0 19.7845651072
418.0 19.7615143744
420.0 19.820892
422.0 20.0140933184
424.0 20.2878311424
426.0 20.526105024
428.0 20.7280520128
430.0 21.0033
432.0 21.4005724928
434.0 21.8722080768
436.0 22.3277795072
438.0 22.7606818944
440.0 23.191792
442.0 23.6257896704
444.0 24.0604511488
446.0 24.503144704
448.0 24.9506508672
450.0 25.35954
452.0 25.7073090112
454.0 26.0179213696
456.0 26.3445978816
458.0 26.6878364032
460.0 26.998316
462.0 27.2535667712
464.0 27.4754611904
466.0 27.7064497792
468.0 27.9484243904
470.0 28.180724
472.0 28.3959139584
474.0 28.5995702528
476.0 28.7979990592
478.0 28.993722848
480.0 29.207552
482.0 29.451003584
484.0 29.712626912
486.0 29.9653552128
488.0 30.2094208192
490.0 30.472936
492.0 30.7665216832
494.0 31.0807517952
496.0 31.401271488
498.0 31.7231685824
500.0 32.007992
502.0 32.2304838464
504.0 32.4187563904
506.0 32.6440694208
508.0 32.899818048
510.0 33.045192
512.0 33.010922912
514.0 32.866212768
516.0 32.7581282304
518.0 32.6905193856
520.0 32.557708
522.0 32.3159657216
524.0 32.0065980032
526.0 31.700399968
528.0 31.4062334528
530.0 31.147116
532.0 30.9422316608
534.0 30.7688118208
536.0 30.5625998656
538.0 30.32897264
540.0 30.192892
542.0 30.212557312
544.0 30.3290058304
546.0 30.4225197824
548.0 30.484635616
550.0 30.54554
552.0 30.612252704
554.0 30.6819027584
556.0 30.7649783296
558.0 30.8562685248
560.0 30.887816
562.0 30.8352755968
564.0 30.7197730048
566.0 30.5722748672
568.0 30.4110690944
570.0 30.400332
572.0 30.6387552384
574.0 31.0199801728
576.0 31.2846238272
578.0 31.447986976
580.0 31.935388
582.0 32.950267456
584.0 34.2881558848
586.0 35.5259586624
588.0 36.6465495424
590.0 37.888916
592.0 39.3446801344
594.0 40.9341352
596.0 42.5412807488
598.0 44.1416222656
600.0 45.58494
602.0 46.7834121536
604.0 47.8318968896
606.0 48.9615487488
608.0 50.1688163584
610.0 51.18582
612.0 51.8864195584
614.0 52.3946641536
616.0 52.9613902336
618.0 53.5953932544
620.0 54.14184
622.0 54.5342666944
624.0 54.8353202176
626.0 55.1559228864
628.0 55.5024472576
630.0 55.832476
632.0 56.1275054656
634.0 56.4049440192
636.0 56.6946464256
638.0 56.9948204032
640.0 57.25344
642.0 57.4455460352
644.0 57.5975580672
646.0 57.7642900416
648.0 57.9479325248
650.0 58.114316
652.0 58.2493013568
654.0 58.3659656128
656.0 58.4862808128
658.0 58.6124043328
660.0 58.747008
662.0 58.8917015488
664.0 59.0439127232
666.0 59.196903872
668.0 59.349247808
670.0 59.493792
672.0 59.626055744
674.0 59.7509844096
676.0 59.8810741824
678.0 60.0158935872
680.0 60.136856
682.0 60.2349502272
684.0 60.3199508416
686.0 60.4121869632
688.0 60.5119573056
690.0 60.603596
692.0 60.6788220416
694.0 60.7446883904
696.0 60.8167779392
698.0 60.8936635008
700.0 60.945872
702.0 60.9597953728
704.0 60.9495727296
706.0 60.9437478144
708.0 60.944544384
710.0 60.945872
712.0 60.945872
714.0 60.945872
716.0 60.945872
718.0 60.945872
720.0 60.945872
722.0 60.945872
724.0 60.945872
726.0 60.945872
728.0 60.945872
730.0 60.945872
732.0 60.945872
734.0 60.945872
736.0 60.945872
738.0 60.945872
740.0 60.945872
742.0 60.945872
744.0 60.945872
746.0 60.945872
748.0 60.945872
750.0 60.945872
