380.0 12.633096
382.0 12.6332894254
384.0 12.6335657474
386.0 12.6326538848
388.0 12.632819678
390.0 12.633096
392.0 12.635502304
394.0 12.6369460864
396.0 12.6263583488
398.0 12.6075891776
400.0 12.633096
402.0 12.7273235456
404.0 12.8660594176
406.0 12.999518016
408.0 13.1229199232
410.0 13.234672
412.0 13.3330981312
414.0 13.4204386688
416.0 13.50475888
418.0 13.588481664
420.0 13.69104
422.0 13.823884576
424.0 13.973905184
426.0 14.1095875392
428.0 14.2320269248
430.0 14.385964
432.0 14.5922257408
434.0 14.8302838848
436.0 15.058816384
438.0 15.2754335296
440.0 15.495768
442.0 15.7249974976
444.0 15.9590064128
446.0 16.1943927296
448.0 16.4293973568
450.0 16.64706
452.0 16.8385520128
454.0 17.0137641344
456.0 17.194867552
458.0 17.3824928832
460.0 17.559796
462.0 17.7192094912
464.0 17.8680352448
466.0 18.0200804672
468.0 18.1758762048
470.0 18.327324
472.0 18.4717686208
474.0 18.6113342528
476.0 18.7479957248
478.0 18.8832466048
480.0 19.03262
482.0 19.2048615808
484.0 19.3899312512
486.0 19.5644297792
488.0 19.7290209728
490.0 19.91424
492.0 20.1346076608
494.0 20.3764329152
496.0 20.6116864704
498.0 20.8393062336
500.0 21.075904
502.0 21.3273710656
504.0 21.5879820864
506.0 21.8500368896
508.0 22.1108138624
510.0 22.35166
512.0 22.5617884224
514.0 22.7520523904
516.0 22.9488714624
518.0 23.1515818304
520.0 23.326628
522.0 23.4590908864
524.0 23.5641219072
526.0 23.6709120192
528.0 23.7821164544
530.0 23.897088
532.0 24.0182661504
534.0 24.1412531776
536.0 24.2512129728
538.0 24.3504024832
540.0 24.47792
542.0 24.6532648832
544.0 24.857369248
546.0 25.0490935936
548.0 25.2275749696
550.0 25.421772
552.0 25.6435336576
554.0 25.8826704896
556.0 26.122338368
558.0 26.3600812032
560.0 26.583436
562.0 26.7879884352
564.0 26.9783519744
566.0 27.1622931712
568.0 27.3446910144
570.0 27.568776
572.0 27.8635399424
574.0 28.196572416
576.0 28.485328896
578.0 28.7386048384
580.0 29.134948
582.0 29.7595415424
584.0 30.5266380672
586.0 31.2582042688
588.0 31.9445817408
590.0 32.661428
592.0 33.4352455808
594.0 34.2440126528
596.0 35.0635832
598.0 35.8855932416
600.0 36.644276
602.0 37.3030722496
604.0 37.9007649728
606.0 38.5286775552
608.0 39.1861793792
610.0 39.77662
612.0 40.2539975232
614.0 40.6632517504
616.0 41.0958388288
618.0 41.5536174208
620.0 41.965112
622.0 42.2986589248
624.0 42.5853907904
626.0 42.88365632
628.0 43.1967413632
630.0 43.500168
632.0 43.7841284672
634.0 44.0574680064
636.0 44.3336121344
638.0 44.6132246592
640.0 44.890016
642.0 45.1603684032
644.0 45.4280987648
646.0 45.7017868032
648.0 45.9799721408
650.0 46.238376
652.0 46.4655476928
654.0 46.6728715264
656.0 46.8838794944
658.0 47.1003970688
660.0 47.317064
662.0 47.5327020288
664.0 47.7485889856
666.0 47.9642270144
668.0 48.180512256
670.0 48.406124
672.0 48.64509488
674.0 48.8934254528
676.0 49.1428347136
678.0 49.3923933312
680.0 49.640392
682.0 49.8842750592
684.0 50.1273283584
686.0 50.3796417792
688.0 50.6391243264
690.0 50.87466
692.0 51.0677783424
694.0 51.2376468096
696.0 51.4304000576
698.0 51.6422211904
700.0 51.787396
702.0 51.8260960064
704.0 51.7976186432
706.0 51.7815544896
708.0 51.783745056
710.0 51.787396
712.0 51.787396
714.0 51.787396
716.0 51.787396
718.0 51.787396
720.0 51.787396
722.0 51.787396
724.0 51.787396
726.0 51.787396
728.0 51.787396
730.0 51.787396
732.0 51.787396
734.0 51.787396
736.0 51.787396
738.0 51.787396
740.0 51.787396
742.0 51.787396
744.0 51.787396
746.0 51.787396
748.0 51.787396
750.0 51.787396
