380.0 19.074108
382.0 19.0746082381
384.0 19.0753228639
386.0 19.0729645987
388.0 19.0733933742
390.0 19.074108
392.0 19.0803312
394.0 19.08406512
396.0 19.05668304
398.0 19.00814208
400.0 19.074108
402.0 19.316231968
404.0 19.6740908608
406.0 20.0261414336
408.0 20.3575143872
410.0 20.629908
412.0 20.8214332032
414.0 20.9559372992
416.0 21.0942085056
418.0 21.2430840448
420.0 21.41818
422.0 21.6321585088
424.0 21.8685405376
426.0 22.0818386432
428.0 22.2743429632
430.0 22.517612
432.0 22.8438902272
434.0 23.2225595008
436.0 23.5937609344
438.0 23.9518189696
440.0 24.291224
442.0 24.6045911616
444.0 24.902923072
446.0 25.2193271552
448.0 25.5512477504
450.0 25.836652
452.0 26.0453698304
454.0 26.206973888
456.0 26.3836463872
458.0 26.5773123712
460.0 26.749388
462.0 26.8835767872
464.0 26.9943829376
466.0 27.106765632
468.0 27.2227494848
470.0 27.340592
472.0 27.4623011968
474.0 27.5846410112
476.0 27.695231424
478.0 27.79696
480.0 27.931796
482.0 28.121728064
484.0 28.3447343616
486.0 28.551460768
488.0 28.7422723776
490.0 28.968996
492.0 29.2558108416
494.0 29.5789027904
496.0 29.8906436224
498.0 30.1892078656
500.0 30.504052
502.0 30.8455480256
504.0 31.2042200832
506.0 31.5679204864
508.0 31.9317702464
510.0 32.25692
512.0 32.5217296064
514.0 32.7491668224
516.0 32.9933651904
518.0 33.2539928064
520.0 33.470444
522.0 33.6151873344
524.0 33.7165176256
526.0 33.8297798656
528.0 33.9582930944
530.0 34.082392
532.0 34.1961023104
534.0 34.3023447808
536.0 34.3997088192
538.0 34.4910488
540.0 34.611364
542.0 34.778643616
544.0 34.9743674048
546.0 35.1574124608
548.0 35.326949024
550.0 35.513728
552.0 35.73112512
554.0 35.9671586496
556.0 36.200105472
558.0 36.4283392576
560.0 36.654648
562.0 36.8823009536
564.0 37.1073318656
566.0 37.318953856
568.0 37.5216808192
570.0 37.774824
572.0 38.1161208832
574.0 38.5040502784
576.0 38.8357883264
578.0 39.1219559552
580.0 39.579552
582.0 40.3107531072
584.0 41.2141460096
586.0 42.0815107328
588.0 42.899172832
590.0 43.728352
592.0 44.58549408
594.0 45.4600279296
596.0 46.35827632
598.0 47.2703153216
600.0 48.084592
602.0 48.7423925376
604.0 49.3039575104
606.0 49.9054007488
608.0 50.5474192512
610.0 51.102844
612.0 51.5122641792
614.0 51.8341612736
616.0 52.185016992
618.0 52.5678516608
620.0 52.8972
622.0 53.1356564288
624.0 53.319630816
626.0 53.5161345792
628.0 53.7292501376
630.0 53.9344
632.0 54.1218095936
634.0 54.3002245888
636.0 54.4824066944
638.0 54.668488672
640.0 54.847136
642.0 55.012590144
644.0 55.1707092096
646.0 55.3339727872
648.0 55.5018498304
650.0 55.656152
652.0 55.7884489344
654.0 55.9070382336
656.0 56.0285648832
658.0 56.1539914048
660.0 56.278472
662.0 56.4005960768
664.0 56.5206125632
666.0 56.6370278912
668.0 56.7505058688
670.0 56.869676
672.0 56.9993508928
674.0 57.1351826048
676.0 57.2668489216
678.0 57.394748128
680.0 57.533484
682.0 57.68823424
684.0 57.8538211456
686.0 58.0226773056
688.0 58.19148368
690.0 58.332128
692.0 58.429126944
694.0 58.4995901632
696.0 58.5833129472
698.0 58.680129344
700.0 58.747008
702.0 58.764598912
704.0 58.751654656
706.0 58.744352768
708.0 58.74534848
710.0 58.747008
712.0 58.747008
714.0 58.747008
716.0 58.747008
718.0 58.747008
720.0 58.747008
722.0 58.747008
724.0 58.747008
726.0 58.747008
728.0 58.747008
730.0 58.747008
732.0 58.747008
734.0 58.747008
736.0 58.747008
738.0 58.747008
740.0 58.747008
742.0 58.747008
744.0 58.747008
746.0 58.747008
748.0 58.747008
750.0 58.747008
