380.0 11.709988
382.0 11.7103148222
384.0 11.7107817111
386.0 11.7092409778
388.0 11.7095211111
390.0 11.709988
392.0 11.714053824
394.0 11.7164933184
396.0 11.6985870976
398.0 11.6667409088
400.0 11.709988
402.0 11.8696172288
404.0 12.1040742144
406.0 12.3282753664
408.0 12.5337571328
410.0 12.716072
412.0 12.8703077888
414.0 13.002837056
416.0 13.1349016576
418.0 13.2691236352
420.0 13.410996
422.0 13.5655968832
424.0 13.7275162496
426.0 13.8804576128
428.0 14.026346016
430.0 14.199268
432.0 14.414756672
434.0 14.6583410176
436.0 14.9011453888
438.0 15.1401162688
440.0 15.371304
442.0 15.5905099968
444.0 15.8022315584
446.0 16.0208733184
448.0 16.2452736128
450.0 16.449992
452.0 16.6228144128
454.0 16.7759549184
456.0 16.934820768
458.0 17.1003744832
460.0 17.259008
462.0 17.4050623552
464.0 17.543034848
466.0 17.6801775808
468.0 17.8170547904
470.0 17.953932
472.0 18.0920372544
474.0 18.2296778432
476.0 18.3612445888
478.0 18.4880319168
480.0 18.628112
482.0 18.7913091968
484.0 18.968064672
486.0 19.13634
488.0 19.2967989888
490.0 19.478616
492.0 19.6953327168
494.0 19.9328764096
496.0 20.163002048
498.0 20.3842492544
500.0 20.609164
502.0 20.8415299904
504.0 21.0792894208
506.0 21.3227078144
508.0 21.5692627008
510.0 21.791572
512.0 21.9752642688
514.0 22.134511808
516.0 22.3014263296
518.0 22.4763065472
520.0 22.631704
522.0 22.7561845952
524.0 22.8604190464
526.0 22.9630769536
528.0 23.06691312
530.0 23.18142
532.0 23.313434816
534.0 23.4558548224
536.0 23.5891142784
538.0 23.7145408
540.0 23.865972
542.0 24.059969888
544.0 24.279109504
546.0 24.4866490752
548.0 24.6816924608
550.0 24.8928
552.0 25.1318372608
554.0 25.3877684352
556.0 25.641575424
558.0 25.890835328
560.0 26.127068
562.0 26.347452256
564.0 26.555141184
566.0 26.7554286528
568.0 26.9525298432
570.0 27.185012
572.0 27.4787636352
574.0 27.80484272
576.0 28.0895831616
578.0 28.3410834176
580.0 28.720068
582.0 29.3027752576
584.0 30.0132987456
586.0 30.6947142528
588.0 31.3374961344
590.0 31.99762
592.0 32.6929090944
594.0 33.4089255936
596.0 34.1356459968
598.0 34.8660339392
600.0 35.534472
602.0 36.1056953792
604.0 36.617391776
606.0 37.1560221824
608.0 37.7219516928
610.0 38.231192
612.0 38.6441469568
614.0 38.9999480448
616.0 39.377256512
618.0 39.7776654976
620.0 40.13964
622.0 40.4360800576
624.0 40.692923968
626.0 40.9583310016
628.0 41.235255104
630.0 41.508744
632.0 41.773769344
634.0 42.0336003904
636.0 42.28996304
638.0 42.5438198144
640.0 42.805244
642.0 43.0786001344
644.0 43.359689632
646.0 43.6403310592
648.0 43.9187985152
650.0 44.18472
652.0 44.4330837632
654.0 44.668967936
656.0 44.9035244928
658.0 45.1383133824
660.0 45.3775
662.0 45.6237229824
664.0 45.874775168
666.0 46.1244333568
668.0 46.3724320256
670.0 46.62214
672.0 46.8745198016
674.0 47.1281442432
676.0 47.3813372096
678.0 47.6333021312
680.0 47.877152
682.0 48.1090035392
684.0 48.3337357376
686.0 48.5626499264
688.0 48.7954805824
690.0 49.018072
692.0 49.2200687744
694.0 49.4124901184
696.0 49.6241618944
698.0 49.8497736384
700.0 50.003412
702.0 50.0446012864
704.0 50.0143150464
706.0 49.9971722048
708.0 49.999512128
710.0 50.003412
712.0 50.003412
714.0 50.003412
716.0 50.003412
718.0 50.003412
720.0 50.003412
722.0 50.003412
724.0 50.003412
726.0 50.003412
728.0 50.003412
730.0 50.003412
732.0 50.003412
734.0 50.003412
736.0 50.003412
738.0 50.003412
740.0 50.003412
742.0 50.003412
744.0 50.003412
746.0 50.003412
748.0 50.003412
750.0 50.003412
