380.0 15.309072
382.0 15.3093187841
384.0 15.3096713329
386.0 15.308507922
388.0 15.3087194513
390.0 15.309072
392.0 15.312142112
394.0 15.3139841792
396.0 15.3004590912
398.0 15.276379456
400.0 15.309072
402.0 15.429553152
404.0 15.6065077696
406.0 15.7761936896
408.0 15.931972832
410.0 16.066228
412.0 16.174428704
414.0 16.26246624
416.0 16.3465707136
418.0 16.4308577344
420.0 16.54334
422.0 16.7003637824
424.0 16.8835581952
426.0 17.04866384
428.0 17.1967428096
430.0 17.383472
432.0 17.6342752576
434.0 17.925056352
436.0 18.2083862016
438.0 18.480912576
440.0 18.752576
442.0 19.02515216
444.0 19.298226176
446.0 19.5775067968
448.0 19.8609030272
450.0 20.12168
452.0 20.3458977472
454.0 20.5472307136
456.0 20.7563966144
458.0 20.9736277824
460.0 21.169252
462.0 21.3300926784
464.0 21.4703221184
466.0 21.6170070912
468.0 21.7718734976
470.0 21.926408
472.0 22.0783868416
474.0 22.2277104512
476.0 22.3701968384
478.0 22.5072731904
480.0 22.66282
482.0 22.8493832384
484.0 23.05322208
486.0 23.2436851904
488.0 23.42080576
490.0 23.617044
492.0 23.847219424
494.0 24.0968776128
496.0 24.3377403456
498.0 24.5682144832
500.0 24.799452
502.0 25.0347055552
504.0 25.2716518208
506.0 25.5098427264
508.0 25.7472536576
510.0 25.961116
512.0 26.1388174016
514.0 26.294430592
516.0 26.4605153536
518.0 26.636374688
520.0 26.780504
522.0 26.874100928
524.0 26.9354699776
526.0 27.0004069952
528.0 27.0716999744
530.0 27.143524
532.0 27.2164101184
534.0 27.2883669056
536.0 27.3484415296
538.0 27.3997870784
540.0 27.4858
542.0 27.6273072704
544.0 27.804178912
546.0 27.9740141888
548.0 28.1338923456
550.0 28.294816
552.0 28.4598220736
554.0 28.6261723584
556.0 28.7933524032
558.0 28.9602669248
560.0 29.114204
562.0 29.2530062528
564.0 29.3787646784
566.0 29.4893882816
568.0 29.5922785216
570.0 29.76764
572.0 30.0621716096
574.0 30.4249924672
576.0 30.734808256
578.0 30.9978255808
580.0 31.406416
582.0 32.0524505408
584.0 32.8428633216
586.0 33.5855483072
588.0 34.2728385152
590.0 35.015872
592.0 35.8574311872
594.0 36.7602432576
596.0 37.6695108608
598.0 38.57388288
600.0 39.403228
602.0 40.116572672
604.0 40.7589064832
606.0 41.439542016
608.0 42.1568861312
610.0 42.7845
612.0 43.2629562112
614.0 43.6502549888
616.0 44.0634422784
618.0 44.5067996416
620.0 44.91076
622.0 45.2458668736
624.0 45.5396848896
626.0 45.8399916288
628.0 46.1498737984
630.0 46.456188
632.0 46.7528603904
634.0 47.0449691008
636.0 47.3412266112
638.0 47.639508736
640.0 47.908268
642.0 48.132137248
644.0 48.3273465856
646.0 48.5283642432
648.0 48.7369825024
650.0 48.935096
652.0 49.1160998464
654.0 49.2863997888
656.0 49.4548244736
658.0 49.6235976576
660.0 49.806344
662.0 50.0097679616
664.0 50.22703232
666.0 50.4430022528
668.0 50.6560846208
670.0 50.864288
672.0 51.0653222528
674.0 51.262074944
676.0 51.4633913152
678.0 51.6683752256
680.0 51.86
682.0 52.0301505856
684.0 52.186178656
686.0 52.3433517952
688.0 52.5025993344
690.0 52.658644
692.0 52.8066233984
694.0 52.9530262528
696.0 53.1148128576
698.0 53.2875688896
700.0 53.405428
702.0 53.4370916416
704.0 53.4137919808
706.0 53.4006485824
708.0 53.402440864
710.0 53.405428
712.0 53.405428
714.0 53.405428
716.0 53.405428
718.0 53.405428
720.0 53.405428
722.0 53.405428
724.0 53.405428
726.0 53.405428
728.0 53.405428
730.0 53.405428
732.0 53.405428
734.0 53.405428
736.0 53.405428
738.0 53.405428
740.0 53.405428
742.0 53.405428
744.0 53.405428
746.0 53.405428
748.0 53.405428
750.0 53.405428
