380.0 15.163864
382.0 15.1640707651
384.0 15.1643661438
386.0 15.1633913941
388.0 15.1635686213
390.0 15.163864
392.0 15.166436256
394.0 15.1679796096
396.0 15.1566616832
398.0 15.1365980864
400.0 15.163864
402.0 15.2649619584
404.0 15.4134889984
406.0 15.5545316032
408.0 15.6836754496
410.0 15.806928
412.0 15.9263802496
414.0 16.0412024384
416.0 16.152854944
418.0 16.263627904
420.0 16.398132
422.0 16.570390176
424.0 16.7639565888
426.0 16.94038016
428.0 17.1009221248
430.0 17.300496
432.0 17.5638452288
434.0 17.8669233664
436.0 18.1628157824
438.0 18.4473736768
440.0 18.72146
442.0 18.9824029248
444.0 19.2350316544
446.0 19.4962732928
448.0 19.7646674624
450.0 20.007588
452.0 20.2093358464
454.0 20.384879872
456.0 20.5654688384
458.0 20.752463552
460.0 20.930696
462.0 21.094075744
464.0 21.2481289856
466.0 21.401501824
468.0 21.5548912576
470.0 21.708596
472.0 21.8643917376
474.0 22.0190755968
476.0 22.162972576
478.0 22.2981736704
480.0 22.45538
482.0 22.6507386944
484.0 22.8689987648
486.0 23.0757417664
488.0 23.2714323648
490.0 23.49258
492.0 23.7560122048
494.0 24.0452333504
496.0 24.3275840832
498.0 24.601471264
500.0 24.882428
502.0 25.17450352
504.0 25.4751089728
506.0 25.7854889984
508.0 26.1012956544
510.0 26.375996
512.0 26.5847138304
514.0 26.7526904448
516.0 26.9376771392
518.0 27.139541152
520.0 27.299104
522.0 27.390128672
524.0 27.4386198464
526.0 27.4940478144
528.0 27.560395424
530.0 27.631008
532.0 27.70693104
534.0 27.7844970048
536.0 27.8472268608
538.0 27.8986056
540.0 27.994028
542.0 28.160477856
544.0 28.3707722304
546.0 28.5672428032
548.0 28.7473007232
550.0 28.93788
552.0 29.1484896832
554.0 29.3726410496
556.0 29.6041108992
558.0 29.8395470016
560.0 30.047684
562.0 30.2163410176
564.0 30.3559066496
566.0 30.484054784
568.0 30.6082864512
570.0 30.794468
572.0 31.0850665472
574.0 31.4323377024
576.0 31.7167296448
578.0 31.9487305408
580.0 32.36064
582.0 33.0612727488
584.0 33.9436395328
586.0 34.7894139008
588.0 35.5838261248
590.0 36.384976
592.0 37.2074175168
594.0 38.042670528
596.0 38.9025010304
598.0 39.7774829504
600.0 40.55452
602.0 41.1750477184
604.0 41.6995224192
606.0 42.2627801024
608.0 42.8665798592
610.0 43.396448
612.0 43.7998109312
614.0 44.1272508224
616.0 44.4773597568
618.0 44.8533240128
620.0 45.190804
622.0 45.4620359488
624.0 45.6940202496
626.0 45.9352812672
628.0 46.1886069952
630.0 46.435444
632.0 46.6683742272
634.0 46.8933221632
636.0 47.1186849792
638.0 47.3446286272
640.0 47.565992
642.0 47.7795888192
644.0 47.9888708864
646.0 48.2020528256
648.0 48.417906592
650.0 48.613564
652.0 48.778354336
654.0 48.9235789312
656.0 49.0723548992
658.0 49.226507712
660.0 49.381092
662.0 49.534929504
664.0 49.6886342464
666.0 49.8406628736
668.0 49.9914468608
670.0 50.14862
672.0 50.3160489728
674.0 50.4890373376
676.0 50.657428832
678.0 50.8210906944
680.0 50.988752
682.0 51.1630347904
684.0 51.3427110208
686.0 51.5280462144
688.0 51.7165179008
690.0 51.880744
692.0 52.0052743808
694.0 52.1057915072
696.0 52.2193856512
698.0 52.3447291968
700.0 52.43046
702.0 52.4531788288
704.0 52.4364840576
706.0 52.4270081984
708.0 52.428302624
710.0 52.43046
712.0 52.43046
714.0 52.43046
716.0 52.43046
718.0 52.43046
720.0 52.43046
722.0 52.43046
724.0 52.43046
726.0 52.43046
728.0 52.43046
730.0 52.43046
732.0 52.43046
734.0 52.43046
736.0 52.43046
738.0 52.43046
740.0 52.43046
742.0 52.43046
744.0 52.43046
746.0 52.43046
748.0 52.43046
750.0 52.43046
