380.0 14.925308
382.0 14.9252746508
384.0 14.9252270091
386.0 14.9253842268
388.0 14.9253556417
390.0 14.925308
392.0 14.92489312
394.0 14.924644192
396.0 14.9264530688
398.0 14.9295563712
400.0 14.925308
402.0 14.9102229632
404.0 14.8867905408
406.0 14.8592093184
408.0 14.8291056256
410.0 14.811216
412.0 14.8161613696
414.0 14.8318604288
416.0 14.8267822976
418.0 14.8051421568
420.0 14.842332
422.0 14.9778152128
424.0 15.1715309824
426.0 15.334213728
428.0 15.4671578752
430.0 15.672092
432.0 15.9957149952
434.0 16.39232368
436.0 16.7716567616
438.0 17.1285365376
440.0 17.497564
442.0 17.8905051456
444.0 18.2978177344
446.0 18.7104573824
448.0 19.1246071936
450.0 19.509732
452.0 19.8489046976
454.0 20.1593179136
456.0 20.4815635072
458.0 20.815276384
460.0 21.117392
462.0 21.367896544
464.0 21.5864719232
466.0 21.8123491904
468.0 22.0471214848
470.0 22.268684
472.0 22.4688884928
474.0 22.6547879232
476.0 22.8358913408
478.0 23.0149867392
480.0 23.212536
482.0 23.4410684992
484.0 23.6868931968
486.0 23.9161890752
488.0 24.1308147968
490.0 24.384572
492.0 24.7019386048
494.0 25.059000928
496.0 25.4084626496
498.0 25.7463077312
500.0 26.075208
502.0 26.3892887552
504.0 26.6982084032
506.0 27.0357879616
508.0 27.3939289728
510.0 27.651752
512.0 27.7475726848
514.0 27.7439051456
516.0 27.7781908288
518.0 27.8521888256
520.0 27.84882
522.0 27.7176017536
524.0 27.5064278336
526.0 27.3026055872
528.0 27.114731328
530.0 26.946456
532.0 26.807969056
534.0 26.6860939072
536.0 26.535807776
538.0 26.3634832192
540.0 26.282648
542.0 26.3468050432
544.0 26.5020531392
546.0 26.6373206144
548.0 26.744907296
550.0 26.853108
552.0 26.968693568
554.0 27.0887432448
556.0 27.2222018432
558.0 27.3642899456
560.0 27.454684
562.0 27.4726566016
564.0 27.4349854976
566.0 27.3635929472
568.0 27.276036672
570.0 27.340592
572.0 27.65548592
574.0 28.115089984
576.0 28.4660286784
578.0 28.7204496896
580.0 29.259412
582.0 30.2619778176
584.0 31.5523375936
586.0 32.7727983872
588.0 33.904242528
590.0 35.098848
592.0 36.407628448
594.0 37.7880005888
596.0 39.1987917312
598.0 40.6194570176
600.0 41.871764
602.0 42.8591452096
604.0 43.6838436736
606.0 44.5823243968
608.0 45.5553507584
610.0 46.373212
612.0 46.9302630784
614.0 47.3298257088
616.0 47.7748923776
618.0 48.2739930176
620.0 48.717284
622.0 49.0586970496
624.0 49.3403175936
626.0 49.6331896832
628.0 49.94159488
630.0 50.241968
632.0 50.523920448
634.0 50.797243392
636.0 51.078615008
638.0 51.366043872
640.0 51.621444
642.0 51.826477696
644.0 51.9995158464
646.0 52.1790261248
648.0 52.3668671936
650.0 52.544552
652.0 52.7052433216
654.0 52.8548490496
656.0 53.001168928
658.0 53.1460616192
660.0 53.301708
662.0 53.4740657472
664.0 53.6570776128
666.0 53.8374176512
668.0 54.0136254848
670.0 54.183328
672.0 54.3443678208
674.0 54.4993669888
676.0 54.656042272
678.0 54.8139953856
680.0 54.961228
682.0 55.0919649856
684.0 55.211981472
686.0 55.333292384
688.0 55.4563955776
690.0 55.573176
692.0 55.6781904256
694.0 55.778209696
696.0 55.8896132736
698.0 56.009712736
700.0 56.091776
702.0 56.11376464
704.0 56.09758432
706.0 56.08845696
708.0 56.0897016
710.0 56.091776
712.0 56.091776
714.0 56.091776
716.0 56.091776
718.0 56.091776
720.0 56.091776
722.0 56.091776
724.0 56.091776
726.0 56.091776
728.0 56.091776
730.0 56.091776
732.0 56.091776
734.0 56.091776
736.0 56.091776
738.0 56.091776
740.0 56.091776
742.0 56.091776
744.0 56.091776
746.0 56.091776
748.0 56.091776
750.0 56.091776
