380.0 18.399928
382.0 18.4001147556
384.0 18.4003815492
386.0 18.3995011302
388.0 18.3996612064
390.0 18.399928
392.0 18.402251328
394.0 18.4036453248
396.0 18.3934226816
398.0 18.3753007232
400.0 18.399928
402.0 18.4909692672
404.0 18.624958912
406.0 18.7535219264
408.0 18.8720448448
410.0 18.98076
412.0 19.0810613888
414.0 19.1704929216
416.0 19.2436113728
418.0 19.3061586816
420.0 19.426756
422.0 19.6424604096
424.0 19.9144557376
426.0 20.153874688
428.0 20.3619121152
430.0 20.64028
432.0 21.0350964032
434.0 21.5014713088
436.0 21.9518318464
438.0 22.3801705536
440.0 22.808028
442.0 23.2403827456
444.0 23.6754425088
446.0 24.121289152
448.0 24.5742053504
450.0 24.986148
452.0 25.3321081344
454.0 25.6371942912
456.0 25.9576144128
458.0 26.2936672128
460.0 26.593808
462.0 26.8350856128
464.0 27.0396214528
466.0 27.249401376
468.0 27.4673461376
470.0 27.682868
472.0 27.8930959936
474.0 28.0998721856
476.0 28.3019685312
478.0 28.500679456
480.0 28.709696
482.0 28.935971552
484.0 29.17311696
486.0 29.4069101376
488.0 29.6368200384
490.0 29.87136
492.0 30.1130193024
494.0 30.3592422848
496.0 30.6077885952
498.0 30.856534048
500.0 31.084884
502.0 31.279379744
504.0 31.455703744
506.0 31.6529874816
508.0 31.8673808704
510.0 32.018364
512.0 32.0655275584
514.0 32.0492476672
516.0 32.056698912
518.0 32.0889433856
520.0 32.070224
522.0 31.9684622336
524.0 31.814574944
526.0 31.6639237184
528.0 31.5230138752
530.0 31.406416
532.0 31.3281862272
534.0 31.2704515264
536.0 31.1817667776
538.0 31.06787392
540.0 31.043396
542.0 31.1616368
544.0 31.3699563456
546.0 31.5613653824
548.0 31.7274667392
550.0 31.883528
552.0 32.0296653312
554.0 32.1697786048
556.0 32.327781504
558.0 32.499126944
560.0 32.609568
562.0 32.63114176
564.0 32.5887908096
566.0 32.5220449152
568.0 32.4476320384
570.0 32.505848
572.0 32.7804487744
574.0 33.1806752128
576.0 33.4856783936
578.0 33.7066434816
580.0 34.186112
582.0 35.0855386496
584.0 36.2440993472
586.0 37.3335244416
588.0 38.3370859712
590.0 39.403228
592.0 40.5835781952
594.0 41.8361009152
596.0 43.1156240256
598.0 44.4034281408
600.0 45.543452
602.0 46.4502801088
604.0 47.2132776192
606.0 48.0409632192
608.0 48.9333369088
610.0 49.68188
612.0 50.1904233088
614.0 50.5539079744
616.0 50.9596772096
618.0 51.4154643776
620.0 51.818512
622.0 52.1256559616
624.0 52.3755796736
626.0 52.6335520576
628.0 52.9037219136
630.0 53.166872
632.0 53.4146881216
634.0 53.6556504256
636.0 53.9038482368
638.0 54.1573897024
640.0 54.380396
642.0 54.5553425984
644.0 54.6998867904
646.0 54.8514673472
648.0 55.0116442176
650.0 55.158296
652.0 55.2827268096
654.0 55.3934997696
656.0 55.5041897536
658.0 55.6167881856
660.0 55.739128
662.0 55.8753414016
664.0 56.020333664
666.0 56.162222624
668.0 56.2998466176
670.0 56.434052
672.0 56.5641251776
674.0 56.6912776
676.0 56.820388256
678.0 56.9506273856
680.0 57.066744
682.0 57.1615523776
684.0 57.2429352384
686.0 57.3271392832
688.0 57.4152266048
690.0 57.502368
692.0 57.5852444288
694.0 57.6667766464
696.0 57.7542499456
698.0 57.8452746176
700.0 57.906876
702.0 57.9234380096
704.0 57.911273728
706.0 57.9043535296
708.0 57.905299456
710.0 57.906876
712.0 57.906876
714.0 57.906876
716.0 57.906876
718.0 57.906876
720.0 57.906876
722.0 57.906876
724.0 57.906876
726.0 57.906876
728.0 57.906876
730.0 57.906876
732.0 57.906876
734.0 57.906876
736.0 57.906876
738.0 57.906876
740.0 57.906876
742.0 57.906876
744.0 57.906876
746.0 57.906876
748.0 57.906876
750.0 57.906876
