380.0 11.46106
382.0 11.4611133587
384.0 11.4611895855
386.0 11.4609380372
388.0 11.4609837732
390.0 11.46106
392.0 11.461723808
394.0 11.4621220928
396.0 11.4591681472
398.0 11.4537249216
400.0 11.46106
402.0 11.4888237696
404.0 11.5277395136
406.0 11.5578598016
408.0 11.5786867776
410.0 11.606268
412.0 11.6500461376
414.0 11.7006780928
416.0 11.7362416064
418.0 11.759856576
420.0 11.82408
422.0 11.9568416
424.0 12.12984656
426.0 12.2793527168
428.0 12.4069200192
430.0 12.591608
432.0 12.8702580032
434.0 13.2065597312
436.0 13.5275606848
438.0 13.8295767296
440.0 14.147408
442.0 14.4937996096
444.0 14.8570685376
446.0 15.2216484864
448.0 15.5839548928
450.0 15.92102
452.0 16.2195510528
454.0 16.4945998976
456.0 16.7823440704
458.0 17.082352096
460.0 17.352356
462.0 17.572574304
464.0 17.7625229632
466.0 17.9614330304
468.0 18.1708976448
470.0 18.368812
472.0 18.5466959488
474.0 18.7120671168
476.0 18.875961312
478.0 19.0406354816
480.0 19.219316
482.0 19.4198358016
484.0 19.633698144
486.0 19.840059456
488.0 20.0394175936
490.0 20.256516
492.0 20.5018428416
494.0 20.766237568
496.0 21.0332045504
498.0 21.2999557952
500.0 21.553016
502.0 21.7812995712
504.0 21.9970869568
506.0 22.2346140544
508.0 22.4888691136
510.0 22.673192
512.0 22.7440203136
514.0 22.7457462144
516.0 22.7745388864
518.0 22.8318918976
520.0 22.839144
522.0 22.7624409856
524.0 22.633114592
526.0 22.5078042368
528.0 22.3918867648
530.0 22.289428
532.0 22.2080949248
534.0 22.1369678976
536.0 22.041578688
538.0 21.9264411904
540.0 21.874548
542.0 21.9254454784
544.0 22.040417024
546.0 22.1390091072
548.0 22.2165086912
550.0 22.2998
552.0 22.3973963712
554.0 22.5035392704
556.0 22.616021536
558.0 22.7316568896
560.0 22.8184
562.0 22.8669077696
564.0 22.8834365888
566.0 22.8715710208
568.0 22.8439234176
570.0 22.932492
572.0 23.2142453056
574.0 23.6072362368
576.0 23.9151601728
578.0 24.1481401856
580.0 24.612756
582.0 25.4546802816
584.0 26.527510176
586.0 27.5303249216
588.0 28.44998112
590.0 29.446108
592.0 30.578647424
594.0 31.7966853184
596.0 33.0303558912
598.0 34.2626324672
600.0 35.378892
602.0 36.3133013312
604.0 37.1357760384
606.0 38.0149399488
608.0 38.9486688768
610.0 39.745504
612.0 40.3157814528
614.0 40.7487336256
616.0 41.223804416
618.0 41.7476650944
620.0 42.21404
622.0 42.5775910464
624.0 42.8794079488
626.0 43.1909662336
628.0 43.5166470336
630.0 43.832072
632.0 44.1266036096
634.0 44.4117091456
636.0 44.7072530624
638.0 45.0114762688
640.0 45.284152
642.0 45.5059302528
644.0 45.6954308416
646.0 45.8915197248
648.0 46.0959559936
650.0 46.290236
652.0 46.4678544256
654.0 46.634254496
656.0 46.795725792
658.0 46.9547575936
660.0 47.130368
662.0 47.3320494656
664.0 47.5508405824
666.0 47.7668105152
668.0 47.9783661248
670.0 48.188312
672.0 48.3963992128
674.0 48.6028435008
676.0 48.8114949504
678.0 49.0211587072
680.0 49.21514
682.0 49.3854233472
684.0 49.5407876096
686.0 49.6996700544
688.0 49.8631327744
690.0 50.024156
692.0 50.1770309824
694.0 50.327599232
696.0 50.4914436416
698.0 50.6640503168
700.0 50.781312
702.0 50.8128262848
704.0 50.7896593856
706.0 50.7765325824
708.0 50.778324864
710.0 50.781312
712.0 50.781312
714.0 50.781312
716.0 50.781312
718.0 50.781312
720.0 50.781312
722.0 50.781312
724.0 50.781312
726.0 50.781312
728.0 50.781312
730.0 50.781312
732.0 50.781312
734.0 50.781312
736.0 50.781312
738.0 50.781312
740.0 50.781312
742.0 50.781312
744.0 50.781312
746.0 50.781312
748.0 50.781312
750.0 50.781312
