380.0 15.485396
382.0 15.4857094825
384.0 15.4861573147
386.0 15.4846794685
388.0 15.4849481678
390.0 15.485396
392.0 15.489295872
394.0 15.4916357952
396.0 15.4744597632
398.0 15.443908
400.0 15.485396
402.0 15.639482432
404.0 15.8649448192
406.0 16.0757536448
408.0 16.2654035904
410.0 16.449992
412.0 16.6368041664
414.0 16.8197828416
416.0 16.9899334272
418.0 17.1518693888
420.0 17.362728
422.0 17.6528784768
424.0 17.990690368
426.0 18.3045553856
428.0 18.5951041472
430.0 18.939272
432.0 19.3714276032
434.0 19.8590941504
436.0 20.3400562368
438.0 20.8090365888
440.0 21.272972
442.0 21.7307339968
444.0 22.1839820992
446.0 22.6459260864
448.0 23.1136783936
450.0 23.54444
452.0 23.9164711936
454.0 24.2527729216
456.0 24.6036120448
458.0 24.9697519424
460.0 25.30768
462.0 25.5973824064
464.0 25.8584083072
466.0 26.1289266624
468.0 26.4100327552
470.0 26.676784
472.0 26.9183437312
474.0 27.1442541888
476.0 27.3715918336
478.0 27.6014187584
480.0 27.828076
482.0 28.0511486784
484.0 28.2708193408
486.0 28.4830387584
488.0 28.6905949248
490.0 28.927508
492.0 29.2089459968
494.0 29.5194089984
496.0 29.8280963136
498.0 30.1306268096
500.0 30.410704
502.0 30.6556159616
504.0 30.880928992
506.0 31.1287451136
508.0 31.395048288
510.0 31.593112
512.0 31.680153824
514.0 31.6994208512
516.0 31.7430164416
518.0 31.8132971136
520.0 31.84204
522.0 31.8005188096
524.0 31.7163645504
526.0 31.6381845632
528.0 31.5710237888
530.0 31.520508
532.0 31.4942709888
534.0 31.481758208
536.0 31.4507583744
538.0 31.4047896704
540.0 31.416788
542.0 31.5210390464
544.0 31.6827924608
546.0 31.8307718592
548.0 31.960197824
550.0 32.090968
552.0 32.228210304
554.0 32.3695516224
556.0 32.5197547776
558.0 32.6756003008
560.0 32.796264
562.0 32.8679386688
564.0 32.9021745664
566.0 32.913840992
568.0 32.9151852032
570.0 33.024448
572.0 33.3113956032
574.0 33.7000219968
576.0 34.0073485056
578.0 34.2430667264
580.0 34.69434
582.0 35.4960043264
584.0 36.5153147008
586.0 37.4821178624
588.0 38.3812789888
590.0 39.320252
592.0 40.3334553408
594.0 41.3934405504
596.0 42.4799448896
598.0 43.5773024896
600.0 44.537368
602.0 45.2817954816
604.0 45.892946912
606.0 46.5581157184
608.0 47.2798243712
610.0 47.897896
612.0 48.3389300352
614.0 48.6737713856
616.0 49.0402431872
618.0 49.4431248576
620.0 49.795972
622.0 50.0614620096
624.0 50.2756230656
626.0 50.5029939008
628.0 50.7469931264
630.0 50.97838
632.0 51.1848574784
634.0 51.377826464
636.0 51.57622208
638.0 51.7802102784
640.0 51.974092
642.0 52.1498683584
644.0 52.3149408128
646.0 52.485141184
648.0 52.6595733312
650.0 52.814224
652.0 52.9387045952
654.0 53.0429390464
656.0 53.1455803584
658.0 53.2492837632
660.0 53.36394
662.0 53.4953076032
664.0 53.6371301824
666.0 53.7737916544
668.0 53.9046282112
670.0 54.03812
672.0 54.1770384192
674.0 54.3191763072
676.0 54.46254224
678.0 54.6055430784
680.0 54.733044
682.0 54.8372950464
684.0 54.9262785088
686.0 55.0178010368
688.0 55.1125264384
690.0 55.199784
692.0 55.2738317824
694.0 55.3406108672
696.0 55.4130987008
698.0 55.4899344768
700.0 55.54206
702.0 55.5559833728
704.0 55.5457607296
706.0 55.5399358144
708.0 55.540732384
710.0 55.54206
712.0 55.54206
714.0 55.54206
716.0 55.54206
718.0 55.54206
720.0 55.54206
722.0 55.54206
724.0 55.54206
726.0 55.54206
728.0 55.54206
730.0 55.54206
732.0 55.54206
734.0 55.54206
736.0 55.54206
738.0 55.54206
740.0 55.54206
742.0 55.54206
744.0 55.54206
746.0 55.54206
748.0 55.54206
750.0 55.54206
