380.0 13.58732
382.0 13.5876268127
384.0 13.5880651165
386.0 13.5866187138
388.0 13.5868816962
390.0 13.58732
392.0 13.591136896
394.0 13.5934270336
396.0 13.5766326912
398.0 13.5468609024
400.0 13.58732
402.0 13.7372908224
404.0 13.9576584832
406.0 14.1671065024
408.0 14.3587644672
410.0 14.541544
412.0 14.7187143552
414.0 14.886973088
416.0 15.0440300608
418.0 15.1937685504
420.0 15.381676
422.0 15.6330434944
424.0 15.9211195712
426.0 16.1835892544
428.0 16.4222116352
430.0 16.719664
432.0 17.1143974272
434.0 17.5677948864
436.0 18.002307008
438.0 18.4139177536
440.0 18.835552
442.0 19.2786106496
444.0 19.735177792
446.0 20.1983664192
448.0 20.6642932544
450.0 21.096648
452.0 21.4759644864
454.0 21.8218748352
456.0 22.1796341568
458.0 22.5495411648
460.0 22.891004
462.0 23.1852203008
464.0 23.4506273344
466.0 23.7236017792
468.0 24.005205728
470.0 24.27048
472.0 24.508953024
474.0 24.7303993728
476.0 24.9517793408
478.0 25.1749184
480.0 25.401028
482.0 25.633194848
484.0 25.8680003328
486.0 26.0934129344
488.0 26.3120546944
490.0 26.562692
492.0 26.8626004544
494.0 27.1950023104
496.0 27.52687312
498.0 27.8536989888
500.0 28.15998
502.0 28.4338671808
504.0 28.6891345472
506.0 28.9634200128
508.0 29.2535372992
510.0 29.487596
512.0 29.6301653632
514.0 29.7170412352
516.0 29.824312608
518.0 29.9537053824
520.0 30.047684
522.0 30.0814054464
524.0 30.0784183104
526.0 30.0813556608
528.0 30.093569728
530.0 30.109916
532.0 30.131240832
534.0 30.154474112
536.0 30.1662069184
538.0 30.1689617216
540.0 30.203264
542.0 30.2894428736
544.0 30.4075343168
546.0 30.5141916672
548.0 30.6084524032
550.0 30.721864
552.0 30.8683332352
554.0 31.0345507584
556.0 31.1958561024
558.0 31.3509216512
560.0 31.510136
562.0 31.6819129152
564.0 31.8565442048
566.0 32.0087553792
568.0 32.1450517568
570.0 32.36064
572.0 32.7090396288
574.0 33.1335116544
576.0 33.501808928
578.0 33.8202044352
580.0 34.289832
582.0 35.0052676672
584.0 35.872101344
586.0 36.6980942336
588.0 37.4730900736
590.0 38.283052
592.0 39.1576688256
594.0 40.0717324416
596.0 40.9978109824
598.0 41.9250179968
600.0 42.763756
602.0 43.4652185088
604.0 44.0815642368
606.0 44.7339215488
608.0 45.4227883008
610.0 46.030936
612.0 46.5033847488
614.0 46.8943510656
616.0 47.3123177728
618.0 47.7600396736
620.0 48.157196
622.0 48.4684057856
624.0 48.7282534272
626.0 49.000895968
628.0 49.2898847808
630.0 49.567788
632.0 49.8228396288
634.0 50.0660422848
636.0 50.3160821632
638.0 50.5726605504
640.0 50.812428
642.0 51.0237180864
644.0 51.219093376
646.0 51.4251725696
648.0 51.6415905728
650.0 51.839256
652.0 52.0057722368
654.0 52.1513785216
656.0 52.2943959552
658.0 52.4377784832
660.0 52.596412
662.0 52.7785609152
664.0 52.9761599616
666.0 53.1695604224
668.0 53.3578329664
670.0 53.550636
672.0 53.7513051584
674.0 53.9563388544
676.0 54.161173408
678.0 54.3642820608
680.0 54.55672
682.0 54.7331933568
684.0 54.8986972864
686.0 55.0657445696
688.0 55.2339369216
690.0 55.38648
692.0 55.5135660416
694.0 55.6264299968
696.0 55.7512756864
698.0 55.885912544
700.0 55.977684
702.0 56.00216192
704.0 55.9841727232
706.0 55.9739666752
708.0 55.975360672
710.0 55.977684
712.0 55.977684
714.0 55.977684
716.0 55.977684
718.0 55.977684
720.0 55.977684
722.0 55.977684
724.0 55.977684
726.0 55.977684
728.0 55.977684
730.0 55.977684
732.0 55.977684
734.0 55.977684
736.0 55.977684
738.0 55.977684
740.0 55.977684
742.0 55.977684
744.0 55.977684
746.0 55.977684
748.0 55.977684
750.0 55.977684
