380.0 20.826976
382.0 20.8271894349
384.0 20.8274943419
386.0 20.8264881488
388.0 20.826671093
390.0 20.826976
392.0 20.829631232
394.0 20.8312243712
396.0 20.8195413504
398.0 20.7988305408
400.0 20.826976
402.0 20.9310113088
404.0 21.0841352192
406.0 21.2311189056
408.0 21.3666850944
410.0 21.490784
412.0 21.6042453824
414.0 21.7053765312
416.0 21.7913064768
418.0 21.8676443968
420.0 21.999012
422.0 22.2209562048
424.0 22.4960050496
426.0 22.7373822336
428.0 22.9470791808
430.0 23.23328
432.0 23.6446584128
434.0 24.1339678848
436.0 24.60943696
438.0 25.0633654656
440.0 25.504748
442.0 25.9320412096
444.0 26.3494768704
446.0 26.7789772416
448.0 27.2174888064
450.0 27.610264
452.0 27.9305845504
454.0 28.205367872
456.0 28.4916682624
458.0 28.79184224
460.0 29.072716
462.0 29.319320672
464.0 29.5468242688
466.0 29.7836875584
468.0 30.0298773504
470.0 30.255124
472.0 30.4469977024
474.0 30.6170321216
476.0 30.7852078784
478.0 30.9552422976
480.0 31.147116
482.0 31.3729434816
484.0 31.6194817728
486.0 31.8537562112
488.0 32.0764637952
490.0 32.329524
492.0 32.6306604992
494.0 32.9624151424
496.0 33.2929251456
498.0 33.61731152
500.0 33.91644
502.0 34.174578336
504.0 34.4102467712
506.0 34.6746249024
508.0 34.9613401728
510.0 35.150708
512.0 35.1835499008
514.0 35.1197745472
516.0 35.0874636928
518.0 35.0900691392
520.0 35.036616
522.0 34.8894331712
524.0 34.683470144
526.0 34.4784198528
528.0 34.2818165184
530.0 34.113508
532.0 33.9886623104
534.0 33.8903191552
536.0 33.7709996672
538.0 33.6333590784
540.0 33.55342
542.0 33.5668953024
544.0 33.6376738304
546.0 33.6921890624
548.0 33.7264581504
550.0 33.771232
552.0 33.8365673024
554.0 33.9152617408
556.0 34.0023865408
558.0 34.0936269504
560.0 34.144624
562.0 34.1391807744
564.0 34.0922993344
566.0 34.0275946496
568.0 33.9572807872
570.0 33.989044
572.0 34.1936794112
574.0 34.4916960128
576.0 34.6824412416
578.0 34.7855638144
580.0 35.21294
582.0 36.1615548224
584.0 37.4354189696
586.0 38.627070496
588.0 39.715798592
590.0 40.886424
592.0 42.203750976
594.0 43.6130319552
596.0 45.0521013184
598.0 46.4983232128
600.0 47.773432
602.0 48.7801632128
604.0 49.6203284032
606.0 50.5314878592
608.0 51.5149691968
610.0 52.347484
612.0 52.9253122688
614.0 53.3510455296
616.0 53.8279583872
618.0 54.3621578752
620.0 54.81602
622.0 55.1292709952
624.0 55.358600064
626.0 55.607445088
628.0 55.8811165312
630.0 56.133264
632.0 56.3447034432
634.0 56.5338223424
636.0 56.7307907712
638.0 56.9365048704
640.0 57.128976
642.0 57.2975334464
644.0 57.4528147328
646.0 57.6164434048
648.0 57.7877556544
650.0 57.937992
652.0 58.0543575424
654.0 58.1492157056
656.0 58.2463640064
658.0 58.3481921536
660.0 58.456592
662.0 58.5731400896
664.0 58.695894784
666.0 58.8187656448
668.0 58.9408233408
670.0 59.058168
672.0 59.1690903168
674.0 59.2752664064
676.0 59.3801812608
678.0 59.4846978304
680.0 59.597512
682.0 59.7217602624
684.0 59.8532108416
686.0 59.98459504
688.0 60.113290816
690.0 60.219832
692.0 60.293514688
694.0 60.3464035904
696.0 60.4065943808
698.0 60.4742862016
700.0 60.52062
702.0 60.5327842816
704.0 60.523856064
706.0 60.5187613376
708.0 60.519458336
710.0 60.52062
712.0 60.52062
714.0 60.52062
716.0 60.52062
718.0 60.52062
720.0 60.52062
722.0 60.52062
724.0 60.52062
726.0 60.52062
728.0 60.52062
730.0 60.52062
732.0 60.52062
734.0 60.52062
736.0 60.52062
738.0 60.52062
740.0 60.52062
742.0 60.52062
744.0 60.52062
746.0 60.52062
748.0 60.52062
750.0 60.52062
