380.0 13.576948
382.0 13.5771947841
384.0 13.5775473329
386.0 13.576383922
388.0 13.5765954513
390.0 13.576948
392.0 13.580018112
394.0 13.5818601792
396.0 13.5683350912
398.0 13.544255456
400.0 13.576948
402.0 13.698175936
404.0 13.875578624
406.0 14.0419786944
408.0 14.1919329216
410.0 14.334104
412.0 14.4723918016
414.0 14.6039917376
416.0 14.7258171008
418.0 14.8419503104
420.0 14.997912
422.0 15.2193251584
424.0 15.4789736576
426.0 15.7130323584
428.0 15.9238909696
430.0 16.201064
432.0 16.5854586176
434.0 17.0370637952
436.0 17.4766706432
438.0 17.8983048896
440.0 18.316952
442.0 18.7351178496
444.0 19.1524539392
446.0 19.578768032
448.0 20.0113053248
450.0 20.412096
452.0 20.7619062208
454.0 21.0796711104
456.0 21.4069450496
458.0 21.7446573696
460.0 22.061244
462.0 22.3420845696
464.0 22.6022309248
466.0 22.8712059264
468.0 23.14947424
470.0 23.409604
472.0 23.640360256
474.0 23.8528783872
476.0 24.0664254208
478.0 24.2839553024
480.0 24.519408
482.0 24.7819772544
484.0 25.0598804736
486.0 25.3234288448
488.0 25.5738836032
490.0 25.857396
492.0 26.1948759872
494.0 26.5659446592
496.0 26.9305577984
498.0 27.285329984
500.0 27.631008
502.0 27.963575808
504.0 28.2904348672
506.0 28.6357477888
508.0 28.9954985344
510.0 29.3009
512.0 29.5175835264
514.0 29.6797518208
516.0 29.8613033088
518.0 30.0638975104
520.0 30.23438
522.0 30.3499987584
524.0 30.4314811904
526.0 30.5157018304
528.0 30.6059797184
530.0 30.70112
532.0 30.8026328384
534.0 30.9087757376
536.0 31.0110519552
538.0 31.1100921088
540.0 31.21972
542.0 31.3473204928
544.0 31.4852100096
546.0 31.6161295424
548.0 31.740643328
550.0 31.883528
552.0 32.056615936
554.0 32.24737776
556.0 32.4300411264
558.0 32.6038094656
560.0 32.785892
562.0 32.9871585856
564.0 33.1965070336
566.0 33.3870199296
568.0 33.5633439296
570.0 33.802348
572.0 34.1509799616
574.0 34.5574793856
576.0 34.896635488
578.0 35.1799321472
580.0 35.658936
582.0 36.4516223232
584.0 37.4403809344
586.0 38.3848469568
588.0 39.2689562368
590.0 40.160384
592.0 41.0776670848
594.0 42.0094045888
596.0 42.962981376
598.0 43.9290377536
600.0 44.796668
602.0 45.5079050816
604.0 46.123537216
606.0 46.7799105664
608.0 47.4782199872
610.0 48.094964
612.0 48.5721755712
614.0 48.9662617856
616.0 49.3898210752
618.0 49.8449776256
620.0 50.241968
622.0 50.5410632896
624.0 50.7811294528
626.0 51.0349530368
628.0 51.3066828416
630.0 51.569584
632.0 51.8131683456
634.0 52.0452688128
636.0 52.2761412352
638.0 52.5063166592
640.0 52.731248
642.0 52.9482468352
644.0 53.1616611072
646.0 53.3810662464
648.0 53.605234208
650.0 53.809936
652.0 53.984102624
654.0 54.1378405568
656.0 54.291362752
658.0 54.4469261568
660.0 54.60858
662.0 54.7793280128
664.0 54.9563987968
666.0 55.1313785856
668.0 55.304001856
670.0 55.479828
672.0 55.661213536
674.0 55.8452045184
676.0 56.0264075072
678.0 56.2045569792
680.0 56.382192
682.0 56.5594453312
684.0 56.7373790656
686.0 56.9201585984
688.0 57.1061907904
690.0 57.274184
692.0 57.4114594944
694.0 57.5309615296
696.0 57.6640716288
698.0 57.8084000832
700.0 57.906876
702.0 57.9331130112
704.0 57.9138293888
706.0 57.902893152
708.0 57.90438672
710.0 57.906876
712.0 57.906876
714.0 57.906876
716.0 57.906876
718.0 57.906876
720.0 57.906876
722.0 57.906876
724.0 57.906876
726.0 57.906876
728.0 57.906876
730.0 57.906876
732.0 57.906876
734.0 57.906876
736.0 57.906876
738.0 57.906876
740.0 57.906876
742.0 57.906876
744.0 57.906876
746.0 57.906876
748.0 57.906876
750.0 57.906876
