380.0 13.12058
382.0 13.1208601333
384.0 13.1212603238
386.0 13.1199396952
388.0 13.1201798095
390.0 13.12058
392.0 13.124064992
394.0 13.1261559872
396.0 13.1108054272
398.0 13.083489728
400.0 13.12058
402.0 13.25832016
404.0 13.4598024832
406.0 13.6480252416
408.0 13.8170473536
410.0 13.981456
412.0 14.1476237376
414.0 14.309709056
416.0 14.4592152128
418.0 14.5998595328
420.0 14.7801
422.0 15.0266051008
424.0 15.3112791616
426.0 15.569284736
428.0 15.8028123904
430.0 16.097344
432.0 16.4920110464
434.0 16.950005376
436.0 17.3985238464
438.0 17.832123232
440.0 18.265092
442.0 18.69988624
444.0 19.1345809088
446.0 19.575034112
448.0 20.0185242368
450.0 20.43284
452.0 20.8016517248
454.0 21.1416873728
456.0 21.4897219072
458.0 21.8467842304
460.0 22.185708
462.0 22.4938310784
464.0 22.7843134592
466.0 23.0830436544
468.0 23.3901212352
470.0 23.679276
472.0 23.9395053312
474.0 24.181114848
476.0 24.4223592704
478.0 24.6659270208
480.0 24.923916
482.0 25.2044412608
484.0 25.4976286592
486.0 25.7781705152
488.0 26.0473944448
490.0 26.34488
492.0 26.6890478528
494.0 27.0624730432
496.0 27.4299903424
498.0 27.7892100416
500.0 28.149608
502.0 28.5111012416
504.0 28.8750007872
506.0 29.2529896576
508.0 29.6396246272
510.0 29.964708
512.0 30.1920788352
514.0 30.3597235456
516.0 30.5517963904
518.0 30.7693594624
520.0 30.939676
522.0 31.0308168384
524.0 31.0725869568
526.0 31.120314752
528.0 31.1784145472
530.0 31.240464
532.0 31.3071103232
534.0 31.3760135936
536.0 31.4341133888
538.0 31.483666656
540.0 31.561996
542.0 31.688036544
544.0 31.8424216896
546.0 31.9828668672
548.0 32.1088410304
550.0 32.25692
552.0 32.4434832384
554.0 32.65271552
556.0 32.8545463424
558.0 33.047349376
560.0 33.24226
562.0 33.44679584
564.0 33.65340608
566.0 33.8435704768
568.0 34.0221680192
570.0 34.258716
572.0 34.5958640832
574.0 34.9871788992
576.0 35.319647136
578.0 35.6036241984
580.0 36.063444
582.0 36.8046188224
584.0 37.7224993344
586.0 38.602675552
588.0 39.4313402688
590.0 40.274476
592.0 41.1507689408
594.0 42.0474407872
596.0 42.966466368
598.0 43.898120896
600.0 44.734436
602.0 45.418822048
604.0 46.0107230464
606.0 46.6439129024
608.0 47.319719232
610.0 47.91864
612.0 48.384882144
614.0 48.7725792064
616.0 49.1891519168
618.0 49.6367908416
620.0 50.034528
622.0 50.3464845696
624.0 50.6063488064
626.0 50.876900352
628.0 51.161591008
630.0 51.434748
632.0 51.686082304
634.0 51.9256174208
636.0 52.1689528384
638.0 52.4167191744
640.0 52.658644
642.0 52.8891845184
644.0 53.1140826688
646.0 53.3459176128
648.0 53.5833617344
650.0 53.799564
652.0 53.9823103424
654.0 54.1435493056
656.0 54.3070618112
658.0 54.4751379968
660.0 54.650068
662.0 54.8338432448
664.0 55.0232774528
666.0 55.2093428352
668.0 55.3914087744
670.0 55.573176
672.0 55.7562542464
674.0 55.9391333504
676.0 56.1192576512
678.0 56.2968594816
680.0 56.47554
682.0 56.6560625856
684.0 56.8387923328
686.0 57.0261023552
688.0 57.2163663232
690.0 57.388276
692.0 57.5289369152
694.0 57.6523388224
696.0 57.7924023104
698.0 57.9464721472
700.0 58.052084
702.0 58.0802294592
704.0 58.0595186496
706.0 58.0478356288
708.0 58.049428768
710.0 58.052084
712.0 58.052084
714.0 58.052084
716.0 58.052084
718.0 58.052084
720.0 58.052084
722.0 58.052084
724.0 58.052084
726.0 58.052084
728.0 58.052084
730.0 58.052084
732.0 58.052084
734.0 58.052084
736.0 58.052084
738.0 58.052084
740.0 58.052084
742.0 58.052084
744.0 58.052084
746.0 58.052084
748.0 58.052084
750.0 58.052084
