380.0 23.171048
382.0 23.1709679619
384.0 23.1708536218
386.0 23.1712309442
388.0 23.1711623401
390.0 23.171048
392.0 23.170052288
394.0 23.1694548608
396.0 23.1738028032
398.0 23.1813038336
400.0 23.171048
402.0 23.1335926336
404.0 23.0766876928
406.0 23.015799904
408.0 22.9533521664
410.0 22.901376
412.0 22.8708740224
414.0 22.8494164288
416.0 22.8015392768
418.0 22.7335487424
420.0 22.745796
422.0 22.8914520704
424.0 23.1160183168
426.0 23.2968894016
428.0 23.4362890816
430.0 23.679276
432.0 24.0924632896
434.0 24.6106318144
436.0 25.1047704896
438.0 25.5671791424
440.0 26.044092
442.0 26.5506106944
444.0 27.0748862528
446.0 27.6080734336
448.0 28.1447622016
450.0 28.637092
452.0 29.0591577216
454.0 29.4374287104
456.0 29.833274016
458.0 30.2468264
460.0 30.618144
462.0 30.919512832
464.0 31.1788460224
466.0 31.4513392064
468.0 31.738983808
470.0 32.007992
472.0 32.245386336
474.0 32.461953696
476.0 32.6733101632
478.0 32.8832062528
480.0 33.117796
482.0 33.3915172288
484.0 33.6890691648
486.0 33.9743738432
488.0 34.2471325504
490.0 34.53876
492.0 34.8614868544
494.0 35.2050406848
496.0 35.5535398848
498.0 35.9026697024
500.0 36.219024
502.0 36.4808464704
504.0 36.7130465088
506.0 36.9782709952
508.0 37.271242656
510.0 37.474036
512.0 37.528551232
514.0 37.4919920064
516.0 37.4860011392
518.0 37.5133002432
520.0 37.484408
522.0 37.3612052352
524.0 37.1795873664
526.0 37.0034459136
528.0 36.83885472
530.0 36.685764
532.0 36.548936576
534.0 36.4221824384
536.0 36.2821355456
538.0 36.1315507008
540.0 36.021956
542.0 35.9793727168
544.0 35.9772485312
546.0 35.9579649088
548.0 35.9209908032
550.0 35.918236
552.0 35.9732656832
554.0 36.0631784768
556.0 36.143681792
558.0 36.212551872
560.0 36.291628
562.0 36.394186336
564.0 36.5052248192
566.0 36.5900594816
568.0 36.6546977856
570.0 36.799856
572.0 37.0871686976
574.0 37.4496244608
576.0 37.7246733056
578.0 37.9278151488
580.0 38.386772
582.0 39.2589161408
584.0 40.387572288
586.0 41.4460307392
588.0 42.4191234816
590.0 43.469052
592.0 44.6553266816
594.0 45.9267347392
596.0 47.216497088
598.0 48.5065913408
600.0 49.671508
602.0 50.6397383488
604.0 51.4870726656
606.0 52.395278176
608.0 53.3622306944
610.0 54.183328
612.0 54.7613720064
614.0 55.1935939904
616.0 55.6779414976
618.0 56.2193267072
620.0 56.672608
622.0 56.9740764032
624.0 57.183823136
626.0 57.4124054208
628.0 57.6663617664
630.0 57.906876
632.0 58.1188298944
634.0 58.3155825856
636.0 58.5157372928
638.0 58.7198914432
640.0 58.91296
642.0 59.0874751232
644.0 59.2524314112
646.0 59.4264320832
648.0 59.6088133312
650.0 59.773836
652.0 59.9096013312
654.0 60.0263153728
656.0 60.1443072448
658.0 60.2650705152
660.0 60.385784
662.0 60.5061987712
664.0 60.6267960896
666.0 60.7460326016
668.0 60.8644061632
670.0 60.98736
672.0 61.1182297472
674.0 61.253381056
676.0 61.3839520896
678.0 61.5107394176
680.0 61.651168
682.0 61.8112784896
684.0 61.9859595648
686.0 62.1684569792
688.0 62.3541572672
690.0 62.501672
692.0 62.5893942272
694.0 62.63899728
696.0 62.699652736
698.0 62.7726882112
700.0 62.823204
702.0 62.8362478272
704.0 62.8266723968
706.0 62.821212576
708.0 62.82195936
710.0 62.823204
712.0 62.823204
714.0 62.823204
716.0 62.823204
718.0 62.823204
720.0 62.823204
722.0 62.823204
724.0 62.823204
726.0 62.823204
728.0 62.823204
730.0 62.823204
732.0 62.823204
734.0 62.823204
736.0 62.823204
738.0 62.823204
740.0 62.823204
742.0 62.823204
744.0 62.823204
746.0 62.823204
748.0 62.823204
750.0 62.823204
