380.0 14.894192
382.0 14.8944921429
384.0 14.8949209184
386.0 14.8935059592
388.0 14.8937632245
390.0 14.894192
392.0 14.89792592
394.0 14.900166272
396.0 14.8837204288
398.0 14.8544630912
400.0 14.894192
402.0 15.0411590912
404.0 15.2566809536
406.0 15.461001056
408.0 15.6468507008
410.0 15.8173
412.0 15.9728634048
414.0 16.1137234624
416.0 16.2448089472
418.0 16.370500992
420.0 16.532968
422.0 16.7570032
424.0 17.01588832
426.0 17.2453335552
428.0 17.4487575168
430.0 17.725748
432.0 18.1231864448
434.0 18.5953530752
436.0 19.0489994624
438.0 19.4790806656
440.0 19.924612
442.0 20.3991185536
444.0 20.890701568
446.0 21.386068288
448.0 21.8807380096
450.0 22.341288
452.0 22.7490818496
454.0 23.123917632
456.0 23.512577216
458.0 23.9148946496
460.0 24.280852
462.0 24.5873321536
464.0 24.8577509376
466.0 25.1385417216
468.0 25.4316959296
470.0 25.712188
472.0 25.9702931456
474.0 26.213943872
476.0 26.4546074624
478.0 26.6946404352
480.0 26.946456
482.0 27.2169743552
484.0 27.5003042048
486.0 27.7818085824
488.0 28.0609564416
490.0 28.346676
492.0 28.6421203456
494.0 28.9431406784
496.0 29.2434142272
498.0 29.5415138048
500.0 29.829872
502.0 30.1013528768
504.0 30.3652829376
506.0 30.6473847424
508.0 30.943243968
510.0 31.178232
512.0 31.313814784
514.0 31.389654848
516.0 31.4933582528
518.0 31.6248254272
520.0 31.696832
522.0 31.6712090112
524.0 31.583735712
526.0 31.5011579968
528.0 31.4300143744
530.0 31.3753
532.0 31.3452958784
534.0 31.3290989632
536.0 31.2915606208
538.0 31.2366305088
540.0 31.240464
542.0 31.3394377728
544.0 31.4979717184
546.0 31.6420512448
548.0 31.7675607424
550.0 31.904272
552.0 32.0618766144
554.0 32.2320106048
556.0 32.4072061312
558.0 32.583347584
560.0 32.72366
562.0 32.81534848
564.0 32.87011264
566.0 32.9051119168
568.0 32.9318633792
570.0 33.055564
572.0 33.3412669632
574.0 33.7178120512
576.0 34.0097714048
578.0 34.2300560896
580.0 34.69434
582.0 35.5502872256
584.0 36.6510966272
586.0 37.6980380096
588.0 38.6717281792
590.0 39.662528
592.0 40.6962596032
594.0 41.7558631232
596.0 42.844740576
598.0 43.9503459904
600.0 44.931504
602.0 45.7131711104
604.0 46.3743072832
606.0 47.0941240832
608.0 47.8726215104
610.0 48.530588
612.0 48.9854126464
614.0 49.3172502656
616.0 49.6840705664
618.0 50.0925780096
620.0 50.45978
622.0 50.7507436416
624.0 50.9972487424
626.0 51.25303056
628.0 51.520877088
630.0 51.777024
632.0 52.0114312
634.0 52.2341719744
636.0 52.4623725696
638.0 52.6961325568
640.0 52.917944
642.0 53.1190612288
644.0 53.3083294848
646.0 53.5044017728
648.0 53.7067802368
650.0 53.892912
652.0 54.0527071808
654.0 54.195193568
656.0 54.3377131456
658.0 54.4818922432
660.0 54.629324
662.0 54.7816845312
664.0 54.9368662464
666.0 55.0882974464
668.0 55.2359781312
670.0 55.38648
672.0 55.5424084992
674.0 55.7013905152
676.0 55.859526176
678.0 56.0158861504
680.0 56.16438
682.0 56.3012406144
684.0 56.4306001984
686.0 56.5627809664
688.0 56.6974510144
690.0 56.817816
692.0 56.9143502784
694.0 56.9986372992
696.0 57.097113216
698.0 57.2080189376
700.0 57.284556
702.0 57.3049349056
704.0 57.2899162496
706.0 57.2815024832
708.0 57.282647552
710.0 57.284556
712.0 57.284556
714.0 57.284556
716.0 57.284556
718.0 57.284556
720.0 57.284556
722.0 57.284556
724.0 57.284556
726.0 57.284556
728.0 57.284556
730.0 57.284556
732.0 57.284556
734.0 57.284556
736.0 57.284556
738.0 57.284556
740.0 57.284556
742.0 57.284556
744.0 57.284556
746.0 57.284556
748.0 57.284556
750.0 57.284556
