380.0 14.458568
382.0 14.458821454
384.0 14.4591835311
386.0 14.4579886767
388.0 14.4582059229
390.0 14.458568
392.0 14.461721088
394.0 14.4636129408
396.0 14.4497227584
398.0 14.4249959104
400.0 14.458568
402.0 14.5830651904
404.0 14.7652638912
406.0 14.936177856
408.0 15.0902310976
410.0 15.236468
412.0 15.3794024576
414.0 15.5154499072
416.0 15.6392169088
418.0 15.75548288
420.0 15.92102
422.0 16.167375744
424.0 16.460446976
426.0 16.7211077824
428.0 16.9518806336
430.0 17.259008
432.0 17.6921925056
434.0 18.2030923328
436.0 18.69407792
438.0 19.1601043264
440.0 19.644568
442.0 20.1623714304
444.0 20.7005371712
446.0 21.244843136
448.0 21.7897133376
450.0 22.289428
452.0 22.7187956096
454.0 23.1051982464
456.0 23.5125108352
458.0 23.9404678528
460.0 24.32234
462.0 24.6275091328
464.0 24.885166208
466.0 25.1526476416
468.0 25.4329073792
470.0 25.701816
472.0 25.9507605952
474.0 26.1869932672
476.0 26.4189941632
478.0 26.6492525632
480.0 26.894596
482.0 27.1637867392
484.0 27.4484608
486.0 27.7293511552
488.0 28.005395712
490.0 28.284444
492.0 28.568719776
494.0 28.8559329024
496.0 29.1445068352
498.0 29.4328484352
500.0 29.705408
502.0 29.9526930752
504.0 30.1857892544
506.0 30.431530976
508.0 30.6880595776
510.0 30.90856
512.0 31.0693342976
514.0 31.1938148928
516.0 31.3327830976
518.0 31.4861393408
520.0 31.603484
522.0 31.6624633408
524.0 31.6846013376
526.0 31.7107387776
528.0 31.7441947008
530.0 31.779808
532.0 31.8187901248
534.0 31.858303296
536.0 31.8848058304
538.0 31.9014840064
540.0 31.956132
542.0 32.0721656384
544.0 32.2259367616
546.0 32.3669959616
548.0 32.4931858624
550.0 32.630312
552.0 32.7889123264
554.0 32.9600752192
556.0 33.1296947584
558.0 33.2965428992
560.0 33.460072
562.0 33.6242980992
564.0 33.7835456384
566.0 33.9192777792
568.0 34.0393606464
570.0 34.248344
572.0 34.6042612544
574.0 35.0450629568
576.0 35.4270346752
578.0 35.755354112
580.0 36.229396
582.0 36.943155552
584.0 37.8042306944
586.0 38.6245148352
588.0 39.3952788992
590.0 40.212244
592.0 41.1100609152
594.0 42.0576634304
596.0 43.014592448
598.0 43.9691981376
600.0 44.838156
602.0 45.5737050496
604.0 46.2277882624
606.0 46.9247866624
608.0 47.6625428736
610.0 48.292032
612.0 48.7433052736
614.0 49.0854817024
616.0 49.4580771328
618.0 49.8667671232
620.0 50.231596
622.0 50.5190414592
624.0 50.7610326656
626.0 51.0122010176
628.0 51.2763634112
630.0 51.538468
632.0 51.7918932992
634.0 52.0428293184
636.0 52.3013991296
638.0 52.56571088
640.0 52.803852
642.0 53.00009024
644.0 53.1710871808
646.0 53.3524229312
648.0 53.5452923456
650.0 53.72696
652.0 53.8883151296
654.0 54.0369085504
656.0 54.1845560448
658.0 54.3332822272
660.0 54.494488
662.0 54.6738157312
664.0 54.8654902912
666.0 55.0565840192
668.0 55.2456033472
670.0 55.427968
672.0 55.6000768192
674.0 55.7668917696
676.0 55.9416226304
678.0 56.1233400704
680.0 56.288844
682.0 56.4271981824
684.0 56.5485090944
686.0 56.6734543552
688.0 56.8032620096
690.0 56.931908
692.0 57.0547622656
694.0 57.1770854848
696.0 57.3121372224
698.0 57.456067392
700.0 57.554228
702.0 57.580614368
704.0 57.561197984
706.0 57.550245152
708.0 57.55173872
710.0 57.554228
712.0 57.554228
714.0 57.554228
716.0 57.554228
718.0 57.554228
720.0 57.554228
722.0 57.554228
724.0 57.554228
726.0 57.554228
728.0 57.554228
730.0 57.554228
732.0 57.554228
734.0 57.554228
736.0 57.554228
738.0 57.554228
740.0 57.554228
742.0 57.554228
744.0 57.554228
746.0 57.554228
748.0 57.554228
750.0 57.554228
