380.0 7.6242204688
382.0 7.80740895441
384.0 7.98549524456
386.0 8.1509605649
388.0 8.30580840525
390.0 8.4613071696
392.0 8.62240740153
394.0 8.78061279438
396.0 8.91880543494
398.0 9.03564415654
400.0 9.138288854
402.0 9.23057039186
404.0 9.30996046479
406.0 9.37135111043
408.0 9.41776213141
410.0 9.4615351008
412.0 9.51001491377
414.0 9.56674045091
416.0 9.63616213328
418.0 9.72131243419
420.0 9.8127855448
422.0 9.90796023145
424.0 10.0162892721
426.0 10.1533420265
428.0 10.3219563525
430.0 10.531741012
432.0 10.7861337172
434.0 11.0770899636
436.0 11.3887543523
438.0 11.7151644161
440.0 12.042785188
442.0 12.3623002069
444.0 12.6715462078
446.0 12.9725809416
448.0 13.2635985341
450.0 13.538233128
452.0 13.793465196
454.0 14.0374217476
456.0 14.2871918077
458.0 14.5434481572
460.0 14.78986358
462.0 15.018397341
464.0 15.235364333
466.0 15.4538273153
468.0 15.6732819581
470.0 15.879689336
472.0 16.0670755725
474.0 16.2405727997
476.0 16.409606242
478.0 16.5764889204
480.0 16.744785236
482.0 16.918042127
484.0 17.0985089249
486.0 17.2868514958
488.0 17.484120884
490.0 17.704148828
492.0 17.9529517814
494.0 18.2164891542
496.0 18.4664054007
498.0 18.6997190088
500.0 18.933430344
502.0 19.173513731
504.0 19.4126597191
506.0 19.6402370817
508.0 19.8521036504
510.0 20.040683068
512.0 20.2004125182
514.0 20.3266318818
516.0 20.4143030642
518.0 20.4627600073
520.0 20.472695804
522.0 20.4472258761
524.0 20.3918426597
526.0 20.3137536446
528.0 20.2205403902
530.0 20.13545096
532.0 20.073221086
534.0 20.0339138174
536.0 20.0097303399
538.0 20.0043958549
540.0 20.0312593
542.0 20.0964825949
544.0 20.1951041077
546.0 20.3162663772
548.0 20.4569761106
550.0 20.618984296
552.0 20.8005720541
554.0 20.991560739
556.0 21.1758021501
558.0 21.3478298457
560.0 21.513321888
562.0 21.6708944598
564.0 21.8120668902
566.0 21.9291255029
568.0 22.0247695853
570.0 22.032619524
572.0 21.9349658381
574.0 21.8082525331
576.0 21.7869034049
578.0 21.9047926057
580.0 22.2303886
582.0 22.7975310783
584.0 23.5888822122
586.0 24.5548528619
588.0 25.6670032722
590.0 26.823555132
592.0 27.9594822972
594.0 29.0499799538
596.0 30.0790703374
598.0 31.0311339546
600.0 31.919692772
602.0 32.7520815784
604.0 33.5336003649
606.0 34.2771064644
608.0 34.9860908088
610.0 35.66916196
612.0 36.3316859516
614.0 36.9635171431
616.0 37.5407296157
618.0 38.064192037
620.0 38.560057856
622.0 39.0426623086
624.0 39.5047866684
626.0 39.9286416946
628.0 40.3177257781
630.0 40.702714576
632.0 41.098990479
634.0 41.495696714
636.0 41.8687236732
638.0 42.2183909721
640.0 42.55546538
642.0 42.8845446071
644.0 43.2050173689
646.0 43.5170631133
648.0 43.82181679
650.0 44.108326276
652.0 44.3726274262
654.0 44.6261495145
656.0 44.8901070873
658.0 45.1673430733
660.0 45.456585364
662.0 45.7577200897
664.0 46.0679537816
666.0 46.3796786937
668.0 46.6917513609
670.0 47.006525092
672.0 47.3246826721
674.0 47.6447538974
676.0 47.9647709891
678.0 48.2841538111
680.0 48.604614072
682.0 48.9262064495
684.0 49.247155898
686.0 49.5651632901
688.0 49.8784847285
690.0 50.1815646
692.0 50.471172829
694.0 50.7472886231
696.0 51.0111944312
698.0 51.2621044671
700.0 51.50379328
702.0 51.738747128
704.0 51.9608515182
706.0 52.1564301504
708.0 52.3261357975
710.0 52.496750304
712.0 52.6812008867
714.0 52.866820785
716.0 53.0271988306
718.0 53.1612195374
720.0 53.284175148
722.0 53.4023357053
724.0 53.5092192096
726.0 53.5940774273
728.0 53.6573124072
730.0 53.694889368
732.0 53.706143772
734.0 53.7017284385
736.0 53.7015588667
738.0 53.7087168648
740.0 53.7234808
742.0 53.7464748419
744.0 53.7728787433
746.0 53.7910876239
748.0 53.8011416599
750.0 53.805283508
752.0 53.8058993222
754.0 53.8089871329
756.0 53.824858823
758.0 53.8564457087
760.0 53.911596016
762.0 53.9941186759
764.0 54.0980329129
766.0 54.2099767766
768.0 54.3278336445
770.0 54.452752392
772.0 54.5840868837
774.0 54.7196996225
776.0 54.8577564366
778.0 54.9964524158
780.0 55.135675452
