380.0 13.092372294
382.0 13.3217498222
384.0 13.633658848
386.0 14.073662481
388.0 14.528680296
390.0 14.8912590492
392.0 15.210600442
394.0 15.5377865618
396.0 15.837913505
398.0 16.0833493059
400.0 16.260799279
402.0 16.3576287677
404.0 16.410760199
406.0 16.4608047562
408.0 16.492826614
410.0 16.4916676473
412.0 16.48524816
414.0 16.5015459743
416.0 16.521813698
418.0 16.5287342826
420.0 16.562550401
422.0 16.6615888325
424.0 16.829545165
426.0 17.0671304674
428.0 17.364238263
430.0 17.7061823917
432.0 18.08265359
434.0 18.4813909727
436.0 18.894181381
438.0 19.3125182137
440.0 19.718142259
442.0 20.095568106
444.0 20.427240309
446.0 20.6982642676
448.0 20.936916468
450.0 21.174203028
452.0 21.395845128
454.0 21.5883394065
456.0 21.766425498
458.0 21.9432686027
460.0 22.122984723
462.0 22.3093077268
464.0 22.496701005
466.0 22.6776084043
468.0 22.856044357
470.0 23.0362364078
472.0 23.201376615
474.0 23.3368535336
476.0 23.455234722
478.0 23.5698549911
480.0 23.697604536
482.0 23.8557245908
484.0 24.031307787
486.0 24.2104768345
488.0 24.401988667
490.0 24.6140234244
492.0 24.85170056
494.0 25.1182718078
496.0 25.41817492
498.0 25.7530231212
500.0 26.093622222
502.0 26.4102827854
504.0 26.697536557
506.0 26.9522517473
508.0 27.176436554
510.0 27.3727253991
512.0 27.556253793
514.0 27.7408267057
516.0 27.890952093
518.0 27.9726869428
520.0 27.981833235
522.0 27.9175984326
524.0 27.811629601
526.0 27.6991952281
528.0 27.585944447
530.0 27.4776379727
532.0 27.379808488
534.0 27.2947245351
536.0 27.242019329
538.0 27.2398331972
540.0 27.2693681
542.0 27.310556195
544.0 27.374411101
546.0 27.4716267287
548.0 27.595613509
550.0 27.7376220071
552.0 27.912300417
554.0 28.1322786839
556.0 28.349468662
558.0 28.5150038028
560.0 28.6443449
562.0 28.7542720981
564.0 28.824569381
566.0 28.8408813688
568.0 28.801281214
570.0 28.7122406614
572.0 28.596120202
574.0 28.483172914
576.0 28.450420906
578.0 28.5787518384
580.0 28.888373129
582.0 29.3878567888
584.0 30.159583405
586.0 31.2673012096
588.0 32.610037307
590.0 34.0740280794
592.0 35.606984181
594.0 37.1516140087
596.0 38.672890966
598.0 40.151213954
600.0 41.514901675
602.0 42.6974615028
604.0 43.825546167
606.0 45.0309562366
608.0 46.175007621
610.0 47.1214784105
612.0 47.953160184
614.0 48.7497819494
616.0 49.508200649
618.0 50.2313656624
620.0 50.890755903
622.0 51.4535102937
624.0 51.969167897
626.0 52.4881381686
628.0 52.973101981
630.0 53.3874658419
632.0 53.761050126
634.0 54.126136054
636.0 54.464479412
638.0 54.7539654872
640.0 55.079118164
642.0 55.5217561553
644.0 55.953133022
646.0 56.2451758988
648.0 56.470267023
650.0 56.7014468545
652.0 56.939136122
654.0 57.1903655391
656.0 57.439314086
658.0 57.6636769446
660.0 57.91124874
662.0 58.2273399299
664.0 58.54818061
666.0 58.8111450015
668.0 59.029663714
670.0 59.2198894111
672.0 59.397218733
674.0 59.5782232266
676.0 59.790072119
678.0 60.0575297394
680.0 60.327298069
682.0 60.5441599369
684.0 60.737006982
686.0 60.9350231464
688.0 61.12957894
690.0 61.3142731714
692.0 61.486268828
694.0 61.6420925827
696.0 61.782331084
698.0 61.9077062372
700.0 62.026108038
702.0 62.1451322941
704.0 62.255622623
706.0 62.3479881721
708.0 62.421825959
710.0 62.4769242061
712.0 62.513129243
714.0 62.5312173131
716.0 62.533874507
718.0 62.5225893541
720.0 62.502806866
722.0 62.4803110397
724.0 62.430007473
726.0 62.3282311255
728.0 62.197869577
730.0 62.0623279944
732.0 61.930563232
734.0 61.8124516538
736.0 61.692746521
738.0 61.554779899
740.0 61.417158152
742.0 61.297574809
744.0 61.192277078
746.0 61.0975851151
748.0 61.005117407
750.0 60.9062238512
752.0 60.806258372
754.0 60.7115695893
756.0 60.626596747
758.0 60.5571802222
760.0 60.502436744
762.0 60.4597820668
764.0 60.44852318
766.0 60.4860214194
768.0 60.545766605
770.0 60.6003758867
772.0 60.650176393
774.0 60.6957720974
776.0 60.737851266
778.0 60.7787927168
780.0 60.818942734
