380.0 11.0352
382.0 11.03914048
384.0 11.04364128
386.0 11.04796128
388.0 11.04595488
390.0 11.0352
392.0 11.0210148
394.0 11.00550408
396.0 10.99631976
398.0 11.00410624
400.0 11.0352
402.0 11.09019208
404.0 11.17268856
406.0 11.27165424
408.0 11.36878072
410.0 11.4532
412.0 11.52807216
414.0 11.59292904
416.0 11.65711712
418.0 11.7360188
420.0 11.83985
422.0 11.96643712
424.0 12.11465992
426.0 12.28746112
428.0 12.48810112
430.0 12.71765
432.0 12.97540552
434.0 13.26190272
436.0 13.56737712
438.0 13.87703152
440.0 14.18065
442.0 14.4781824
444.0 14.76820752
446.0 15.04903664
448.0 15.32008456
450.0 15.58095
452.0 15.82997768
454.0 16.06536184
456.0 16.2904632
458.0 16.51096656
460.0 16.73045
462.0 16.948646
464.0 17.1667584
466.0 17.3819448
468.0 17.5891892
470.0 17.7859
472.0 17.97384952
474.0 18.1536564
476.0 18.32970128
478.0 18.50858856
480.0 18.69505
482.0 18.88863416
484.0 19.08862208
486.0 19.2991436
488.0 19.52579992
490.0 19.7714
492.0 20.03392072
494.0 20.3116232
496.0 20.59994288
498.0 20.89219176
500.0 21.18215
502.0 21.46787808
504.0 21.74860688
506.0 22.01119448
508.0 22.23741608
510.0 22.41525
512.0 22.54571616
514.0 22.62933288
516.0 22.6657156
518.0 22.65603472
520.0 22.60335
522.0 22.50981832
524.0 22.3762924
526.0 22.22027808
528.0 22.06702256
530.0 21.93455
532.0 21.8236964
534.0 21.73606688
536.0 21.67995456
538.0 21.66438824
540.0 21.6942
542.0 21.76888824
544.0 21.88853656
546.0 22.04287888
548.0 22.2157804
550.0 22.39435
552.0 22.58099536
554.0 22.78248808
556.0 22.9704376
558.0 23.10287672
560.0 23.1572
562.0 23.14389088
564.0 23.0669956
566.0 22.96033872
568.0 22.87600304
570.0 22.85415
572.0 22.89429472
574.0 22.99152152
576.0 23.20018712
578.0 23.59603312
580.0 24.2231
582.0 25.07371328
584.0 26.15218672
586.0 27.40379576
588.0 28.7396736
590.0 30.096
592.0 31.4735608
594.0 32.86672136
596.0 34.23914912
598.0 35.54779008
600.0 36.7631
602.0 37.87586616
604.0 38.87292992
606.0 39.76908848
608.0 40.59519024
610.0 41.37155
612.0 42.0916804
614.0 42.75419368
616.0 43.36470776
618.0 43.92957624
620.0 44.4543
622.0 44.9422732
624.0 45.39668936
626.0 45.82234712
628.0 46.22442968
630.0 46.607
632.0 46.97254936
634.0 47.32380312
636.0 47.66101208
638.0 47.98300584
640.0 48.28945
642.0 48.5826352
644.0 48.86476848
646.0 49.13536496
648.0 49.39300344
650.0 49.6375
652.0 49.87029256
654.0 50.09183256
656.0 50.30710256
658.0 50.52329216
660.0 50.7452
662.0 50.9726756
664.0 51.20613696
666.0 51.44536672
668.0 51.68919448
670.0 51.9365
672.0 52.18743376
674.0 52.44221312
676.0 52.69741048
678.0 52.94800984
680.0 53.1905
682.0 53.4236604
684.0 53.64484928
686.0 53.85642416
688.0 54.06315024
690.0 54.26685
692.0 54.466236
694.0 54.66333136
696.0 54.84521152
698.0 54.99206328
700.0 55.0924
702.0 55.14862936
704.0 55.15879512
706.0 55.13794528
708.0 55.11049104
710.0 55.0924
712.0 55.08183296
714.0 55.08051208
716.0 55.0857956
718.0 55.09107912
720.0 55.0924
722.0 55.0924
724.0 55.0924
726.0 55.0924
728.0 55.0924
730.0 55.0924
732.0 55.0924
734.0 55.0924
736.0 55.0924
738.0 55.0924
740.0 55.0924
742.0 55.0924
744.0 55.0924
746.0 55.0924
748.0 55.0924
750.0 55.0924
