380.0 7.9002
382.0 7.90302464
384.0 7.9062072
386.0 7.90917816
388.0 7.90772352
390.0 7.9002
392.0 7.89020976
394.0 7.87914216
396.0 7.87250016
398.0 7.87798016
400.0 7.9002
402.0 7.93942512
404.0 7.99789496
406.0 8.0684868
408.0 8.13932944
410.0 8.20325
412.0 8.26230504
414.0 8.3164444
416.0 8.37033296
418.0 8.43182912
420.0 8.5063
422.0 8.59275912
424.0 8.69068816
426.0 8.8027456
428.0 8.93227544
430.0 9.08105
432.0 9.24861784
434.0 9.4350124
436.0 9.63653856
438.0 9.84742792
440.0 10.06335
442.0 10.28393696
444.0 10.50857016
446.0 10.73387216
448.0 10.95566296
450.0 11.17105
452.0 11.37926416
454.0 11.57915176
456.0 11.77168256
458.0 11.95911376
460.0 12.1429
462.0 12.32250624
464.0 12.49791576
466.0 12.66922888
468.0 12.8364456
470.0 12.9998
472.0 13.15999432
474.0 13.31779768
476.0 13.47384544
478.0 13.6288064
480.0 13.78355
482.0 13.93827688
484.0 14.09231824
486.0 14.2499544
488.0 14.41753896
490.0 14.59865
492.0 14.791766
494.0 14.9960844
496.0 15.2080104
498.0 15.4219428
500.0 15.6332
502.0 15.8410296
504.0 16.0450972
506.0 16.2379624
508.0 16.409426
510.0 16.5528
512.0 16.66851912
514.0 16.7566168
516.0 16.81762808
518.0 16.85339216
520.0 16.8663
522.0 16.8574384
524.0 16.82749288
526.0 16.78517456
528.0 16.74285624
530.0 16.70955
532.0 16.68615872
534.0 16.67390296
536.0 16.6775312
538.0 16.70231024
540.0 16.75135
542.0 16.82476752
544.0 16.9228972
546.0 17.04167608
548.0 17.17441616
550.0 17.31565
552.0 17.46693256
554.0 17.63222648
556.0 17.7969352
558.0 17.93915552
560.0 18.04715
562.0 18.12718864
564.0 18.182582
566.0 18.22953176
568.0 18.29269992
570.0 18.392
572.0 18.52778312
574.0 18.69668856
576.0 18.9329756
578.0 19.28521584
580.0 19.78185
582.0 20.41747752
584.0 21.1941884
586.0 22.07983008
588.0 23.02198536
590.0 23.98275
592.0 24.96242496
594.0 25.95778328
596.0 26.945116
598.0 27.89566472
600.0 28.78975
602.0 29.62177064
604.0 30.3832496
606.0 31.08370056
608.0 31.74302032
610.0 32.3741
612.0 32.97257568
614.0 33.53769496
616.0 34.07121344
618.0 34.57446872
620.0 35.0493
622.0 35.49801464
624.0 35.92228464
626.0 36.32665784
628.0 36.71698624
630.0 37.0975
632.0 37.46931936
634.0 37.83396584
636.0 38.19175712
638.0 38.5420244
640.0 38.88445
642.0 39.22072264
644.0 39.55293232
646.0 39.878454
648.0 40.19277328
650.0 40.49375
652.0 40.7827552
654.0 41.0595548
656.0 41.3308368
658.0 41.6068004
660.0 41.89405
662.0 42.19164928
664.0 42.4996484
666.0 42.81717792
668.0 43.14198064
670.0 43.472
672.0 43.80752024
674.0 44.14926032
676.0 44.4912512
678.0 44.82471488
680.0 45.144
682.0 45.44741784
684.0 45.7301196
686.0 46.00044856
688.0 46.27295112
690.0 46.55475
692.0 46.84315328
694.0 47.14200656
696.0 47.42698224
698.0 47.66020952
700.0 47.8192
702.0 47.90836776
704.0 47.92431864
706.0 47.89086192
708.0 47.8472896
710.0 47.8192
712.0 47.80301504
714.0 47.80099192
716.0 47.8090844
718.0 47.81717688
720.0 47.8192
722.0 47.8192
724.0 47.8192
726.0 47.8192
728.0 47.8192
730.0 47.8192
732.0 47.8192
734.0 47.8192
736.0 47.8192
738.0 47.8192
740.0 47.8192
742.0 47.8192
744.0 47.8192
746.0 47.8192
748.0 47.8192
750.0 47.8192
