380.0 12.54
382.0 12.54190592
384.0 12.54399552
386.0 12.54583392
388.0 12.54483072
390.0 12.54
392.0 12.5336644
394.0 12.52694312
396.0 12.52306344
398.0 12.52645696
400.0 12.54
402.0 12.56451152
404.0 12.60206464
406.0 12.64906456
408.0 12.69915768
410.0 12.749
412.0 12.8009156
414.0 12.85597456
416.0 12.91880832
418.0 12.99635568
420.0 13.09385
422.0 13.21085656
424.0 13.34608792
426.0 13.50673368
428.0 13.70299304
430.0 13.9403
432.0 14.21669832
434.0 14.53217128
436.0 14.87640264
438.0 15.2333412
440.0 15.5914
442.0 15.95041184
444.0 16.30939024
446.0 16.66151344
448.0 16.99867224
450.0 17.31565
452.0 17.61094192
454.0 17.88173904
456.0 18.13406056
458.0 18.37852368
460.0 18.6219
462.0 18.86305256
464.0 19.10306816
466.0 19.33923816
468.0 19.56637936
470.0 19.78185
472.0 19.98790728
474.0 20.18568816
476.0 20.37912184
478.0 20.57397672
480.0 20.7746
482.0 20.98099168
484.0 21.19271704
486.0 21.4147252
488.0 21.65378776
490.0 21.91365
492.0 22.19208816
494.0 22.486728
496.0 22.79524544
498.0 23.11429648
500.0 23.43935
502.0 23.7678144
504.0 24.09923824
506.0 24.41594848
508.0 24.69269792
510.0 24.9128
512.0 25.07764248
514.0 25.18732568
516.0 25.24166568
518.0 25.24291968
520.0 25.19495
522.0 25.09952896
524.0 24.95734208
526.0 24.7871492
528.0 24.61603672
530.0 24.46345
532.0 24.330526
534.0 24.2192544
536.0 24.1389984
538.0 24.1000408
540.0 24.10815
542.0 24.16334272
544.0 24.2664048
546.0 24.40675248
548.0 24.56741496
550.0 24.73515
552.0 24.91283344
554.0 25.10732048
556.0 25.29152472
558.0 25.42540176
560.0 25.48755
562.0 25.48851976
564.0 25.43289232
566.0 25.35318808
568.0 25.29923264
570.0 25.3099
572.0 25.38483904
574.0 25.51838168
576.0 25.76745952
578.0 26.21199416
580.0 26.8983
582.0 27.81763248
584.0 28.97410472
586.0 30.30964816
588.0 31.7302128
590.0 33.1683
592.0 34.62457856
594.0 36.09284536
596.0 37.53544696
598.0 38.90807536
600.0 40.18025
602.0 41.34225656
604.0 42.38056856
606.0 43.30994976
608.0 44.16149936
610.0 44.9559
612.0 45.6867312
614.0 46.35257176
616.0 46.96081192
618.0 47.52039688
620.0 48.03865
622.0 48.5190992
624.0 48.96528912
626.0 49.38238624
628.0 49.77574096
630.0 50.14955
632.0 50.50665576
634.0 50.85015144
636.0 51.17976952
638.0 51.49342
640.0 51.7902
642.0 52.07263424
644.0 52.34306352
646.0 52.6010364
648.0 52.84521528
650.0 53.07555
652.0 53.29361224
654.0 53.4999872
656.0 53.70009216
658.0 53.90170192
660.0 54.1101
662.0 54.3251192
664.0 54.54696016
666.0 54.77649232
668.0 55.01413368
670.0 55.2596
672.0 55.51280768
674.0 55.77417472
676.0 56.03830056
678.0 56.297076
680.0 56.54495
682.0 56.78098624
684.0 57.00254296
686.0 57.21189408
688.0 57.413972
690.0 57.61085
692.0 57.80109016
694.0 57.98636448
696.0 58.155504
698.0 58.29137072
700.0 58.38415
702.0 58.43608232
704.0 58.4455124
706.0 58.42635128
708.0 58.40100376
710.0 58.38415
712.0 58.37425176
714.0 58.37301448
716.0 58.3779636
718.0 58.38291272
720.0 58.38415
722.0 58.38415
724.0 58.38415
726.0 58.38415
728.0 58.38415
730.0 58.38415
732.0 58.38415
734.0 58.38415
736.0 58.38415
738.0 58.38415
740.0 58.38415
742.0 58.38415
744.0 58.38415
746.0 58.38415
748.0 58.38415
750.0 58.38415
