380.0 10.050468
382.0 10.0505480381
384.0 10.0506623782
386.0 10.0502850558
388.0 10.0503536599
390.0 10.050468
392.0 10.051463712
394.0 10.0520611392
396.0 10.0476634112
398.0 10.039764096
400.0 10.050468
402.0 10.090628384
404.0 10.1485290368
406.0 10.1991443968
408.0 10.2413128
410.0 10.289024
412.0 10.349928384
414.0 10.4160768512
416.0 10.4700444416
418.0 10.5141876736
420.0 10.589812
422.0 10.7176448256
424.0 10.87732384
426.0 11.0247390016
428.0 11.159193312
430.0 11.315852
432.0 11.510513696
434.0 11.727910816
436.0 11.93900176
438.0 12.142458912
440.0 12.353052
442.0 12.576340416
444.0 12.8074617664
446.0 13.0396618048
448.0 13.2714801536
450.0 13.493972
452.0 13.7017936896
454.0 13.9007535424
456.0 14.1051400256
458.0 14.3145548544
460.0 14.510428
462.0 14.6840469824
464.0 14.8440247104
466.0 15.007786144
468.0 15.1761278528
470.0 15.340188
472.0 15.4969960448
474.0 15.6489582912
476.0 15.7984312576
478.0 15.9467757504
480.0 16.107716
482.0 16.2878900864
484.0 16.47986336
486.0 16.6677708096
488.0 16.8504175808
490.0 17.030824
492.0 17.2085419968
494.0 17.3855795904
496.0 17.569836096
498.0 17.7592868992
500.0 17.922816
502.0 18.0422350592
504.0 18.137060032
506.0 18.2536910976
508.0 18.3889419776
510.0 18.46216
512.0 18.4338319936
514.0 18.3437698432
516.0 18.2760614272
518.0 18.2326981696
520.0 18.151
522.0 18.0055928576
524.0 17.819759808
526.0 17.6321344768
528.0 17.4490894208
530.0 17.300496
532.0 17.2055548608
534.0 17.1429079808
536.0 17.0578575808
538.0 16.9525610368
540.0 16.90636
542.0 16.9560460288
544.0 17.0646616128
546.0 17.1579598272
548.0 17.2313272064
550.0 17.310868
552.0 17.4035024064
554.0 17.5047995072
556.0 17.6172651776
558.0 17.735456192
560.0 17.798352
562.0 17.782254656
564.0 17.70873792
566.0 17.614394208
568.0 17.513163488
570.0 17.518308
572.0 17.703095552
574.0 17.9863258304
576.0 18.1635127808
578.0 18.2524464576
580.0 18.648856
582.0 19.5428062336
584.0 20.7441991424
586.0 21.8569238976
588.0 22.8633232064
590.0 23.969692
592.0 25.2537787904
594.0 26.647493472
596.0 28.0556127872
598.0 29.4571604032
600.0 30.721864
602.0 31.7754268672
604.0 32.6974893696
606.0 33.6797758528
608.0 34.721888032
610.0 35.62782
612.0 36.305982848
614.0 36.8466046784
616.0 37.43005872
618.0 38.0622860544
620.0 38.625328
622.0 39.0674573184
624.0 39.4387085376
626.0 39.8305709952
628.0 40.2469943488
630.0 40.637496
632.0 40.9805021888
634.0 41.2962590592
636.0 41.6199982208
638.0 41.9531800512
640.0 42.276272
642.0 42.5798148032
644.0 42.873201344
646.0 43.1752007936
648.0 43.4846182976
650.0 43.76984
652.0 44.0165774336
654.0 44.2387539712
656.0 44.4637848832
658.0 44.6943254016
660.0 44.931504
662.0 45.1772457216
664.0 45.4289617152
666.0 45.67787312
668.0 45.9238803648
670.0 46.176144
672.0 46.4379166848
674.0 46.7056802368
676.0 46.9742237632
678.0 47.2415890304
680.0 47.493388
682.0 47.7220200704
684.0 47.9354177472
686.0 48.1517693696
688.0 48.371605984
690.0 48.582448
692.0 48.775284224
694.0 48.9602875136
696.0 49.1633131904
698.0 49.3792831232
700.0 49.5263
702.0 49.5657301952
704.0 49.5367383808
706.0 49.520325728
708.0 49.52256608
710.0 49.5263
712.0 49.5263
714.0 49.5263
716.0 49.5263
718.0 49.5263
720.0 49.5263
722.0 49.5263
724.0 49.5263
726.0 49.5263
728.0 49.5263
730.0 49.5263
732.0 49.5263
734.0 49.5263
736.0 49.5263
738.0 49.5263
740.0 49.5263
742.0 49.5263
744.0 49.5263
746.0 49.5263
748.0 49.5263
750.0 49.5263
