380.0 18.04715
382.0 18.04240792
384.0 18.03710696
386.0 18.03224
388.0 18.03469784
390.0 18.04715
392.0 18.064404
394.0 18.0855484
396.0 18.099368
398.0 18.0896124
400.0 18.04715
402.0 17.97495304
404.0 17.8735128
406.0 17.75468376
408.0 17.63719232
410.0 17.5351
412.0 17.4497444
414.0 17.38358336
416.0 17.34701672
418.0 17.35266808
420.0 17.4097
422.0 17.51928288
424.0 17.68141672
426.0 17.90165256
428.0 18.1865948
430.0 18.5383
432.0 18.95432704
434.0 19.43445856
436.0 19.96023568
438.0 20.5040704
440.0 21.0463
442.0 21.58545312
444.0 22.11778448
446.0 22.63707424
448.0 23.1381392
450.0 23.617
452.0 24.07017888
454.0 24.49449904
456.0 24.8919
458.0 25.26706336
460.0 25.6234
462.0 25.96012408
464.0 26.2770684
466.0 26.57779432
468.0 26.86723424
470.0 27.1491
472.0 27.42451184
474.0 27.69510832
476.0 27.9619428
478.0 28.22551688
480.0 28.4867
482.0 28.74572624
484.0 29.0010908
486.0 29.25887976
488.0 29.52828912
490.0 29.81385
492.0 30.11210136
494.0 30.42091976
496.0 30.73149376
498.0 31.03078176
500.0 31.3082
502.0 31.5621768
504.0 31.79212696
506.0 31.98320312
508.0 32.11525768
510.0 32.17555
512.0 32.16605304
514.0 32.08820472
516.0 31.944814
518.0 31.74164928
520.0 31.48585
522.0 31.18106112
524.0 30.8293392
526.0 30.45462728
528.0 30.09069976
530.0 29.7616
532.0 29.4691672
534.0 29.21651128
536.0 29.01242696
538.0 28.86527424
540.0 28.7793
542.0 28.7548052
544.0 28.79255896
546.0 28.87955312
548.0 28.99538928
550.0 29.12415
552.0 29.2685272
554.0 29.43557672
556.0 29.59468424
558.0 29.70095656
560.0 29.73025
562.0 29.69390072
564.0 29.59669064
566.0 29.47456776
568.0 29.38279168
570.0 29.3645
572.0 29.41919112
574.0 29.54044456
576.0 29.7918632
578.0 30.26281544
580.0 31.00515
582.0 32.00895192
584.0 33.2784848
586.0 34.74982808
588.0 36.31940136
590.0 37.9126
592.0 39.52972496
594.0 41.16362008
596.0 42.7711812
598.0 44.30132872
600.0 45.71875
602.0 47.01227608
604.0 48.1663908
606.0 49.19644312
608.0 50.13578944
610.0 51.00645
612.0 51.8009844
614.0 52.51770392
616.0 53.16378144
618.0 53.74782776
620.0 54.2773
622.0 54.75637816
624.0 55.18907504
626.0 55.58264712
628.0 55.9453708
630.0 56.2837
632.0 56.60107904
634.0 56.90135352
636.0 57.1856604
638.0 57.45341448
640.0 57.7049
642.0 57.94326032
644.0 58.171388
646.0 58.38931648
648.0 58.59604256
650.0 58.7917
652.0 58.97789392
654.0 59.15509248
656.0 59.32844544
658.0 59.5053096
660.0 59.6904
662.0 59.88363304
664.0 60.08594504
666.0 60.29477784
668.0 60.50536624
670.0 60.7145
672.0 60.92251352
674.0 61.12877144
676.0 61.33327376
678.0 61.53660568
680.0 61.7386
682.0 61.93766832
684.0 62.13240616
686.0 62.3207904
688.0 62.50031304
690.0 62.66865
692.0 62.8255672
694.0 62.972118
696.0 63.1016144
698.0 63.2042752
700.0 63.27475
702.0 63.31424264
704.0 63.3214824
706.0 63.30706976
708.0 63.28780832
710.0 63.27475
712.0 63.26699192
714.0 63.26602216
716.0 63.2699012
718.0 63.27378024
720.0 63.27475
722.0 63.27475
724.0 63.27475
726.0 63.27475
728.0 63.27475
730.0 63.27475
732.0 63.27475
734.0 63.27475
736.0 63.27475
738.0 63.27475
740.0 63.27475
742.0 63.27475
744.0 63.27475
746.0 63.27475
748.0 63.27475
750.0 63.27475
