380.0 25.0591
382.0 25.051292
384.0 25.0424728
386.0 25.0341976
388.0 25.0382104
390.0 25.0591
392.0 25.08767256
394.0 25.1217644
396.0 25.14356824
398.0 25.12750128
400.0 25.0591
402.0 24.9418928
404.0 24.77472624
406.0 24.57855048
408.0 24.38680552
410.0 24.2231
412.0 24.08778504
414.0 23.98473968
416.0 23.92157152
418.0 23.90505216
420.0 23.94095
422.0 24.03127144
424.0 24.17446152
426.0 24.3813548
428.0 24.66716648
430.0 25.0382
432.0 25.49010816
434.0 26.023844
436.0 26.60824144
438.0 27.19606648
440.0 27.7552
442.0 28.28607672
444.0 28.78426584
446.0 29.24809536
448.0 29.68107648
450.0 30.08555
452.0 30.45653336
454.0 30.78934496
456.0 31.09364896
458.0 31.38516216
460.0 31.67395
462.0 31.95971152
464.0 32.24582416
466.0 32.5254996
468.0 32.78636504
470.0 33.022
472.0 33.23698576
474.0 33.4330612
476.0 33.62035864
478.0 33.81409328
480.0 34.0252
482.0 34.25329424
484.0 34.49790784
486.0 34.76701624
488.0 35.07090224
490.0 35.41505
492.0 35.79706856
494.0 36.21521904
496.0 36.66129192
498.0 37.1227472
500.0 37.58865
502.0 38.05619136
504.0 38.52356552
506.0 38.97221328
508.0 39.37688744
510.0 39.72045
512.0 40.00286752
514.0 40.22345448
516.0 40.38017104
518.0 40.4729336
520.0 40.5042
522.0 40.47574256
524.0 40.38794584
526.0 40.26127512
528.0 40.1256592
530.0 40.0026
532.0 39.89318432
534.0 39.79955232
536.0 39.73242152
538.0 39.70374672
540.0 39.72045
542.0 39.78294936
544.0 39.89268272
546.0 40.03836408
548.0 40.20160144
550.0 40.36835
552.0 40.54250552
554.0 40.73216048
556.0 40.90927544
558.0 41.032134
560.0 41.07895
562.0 41.06117664
564.0 40.98317784
566.0 40.88335944
568.0 40.82032504
570.0 40.8386
572.0 40.9360776
574.0 41.10515024
576.0 41.40463888
578.0 41.91697312
580.0 42.68825
582.0 43.70793592
584.0 44.98079608
586.0 46.43289464
588.0 47.9466064
590.0 49.43895
592.0 50.91158072
594.0 52.35679064
596.0 53.73955136
598.0 55.02215928
600.0 56.1792
602.0 57.19983896
604.0 58.06986416
606.0 58.81181416
608.0 59.46790696
610.0 60.0666
612.0 60.60235896
614.0 61.07578576
616.0 61.49462176
618.0 61.86655816
620.0 62.1984
622.0 62.49564816
624.0 62.76350256
626.0 63.00636056
628.0 63.22790056
630.0 63.4315
632.0 63.62063664
634.0 63.79838696
636.0 63.96652328
638.0 64.1260488
640.0 64.27795
642.0 64.42418312
644.0 64.56677128
646.0 64.70459424
648.0 64.835144
650.0 64.9572
652.0 65.07193264
654.0 65.17969304
656.0 65.28302264
658.0 65.38568344
660.0 65.49015
662.0 65.59638888
664.0 65.70486824
666.0 65.8148524
668.0 65.92475296
670.0 66.03355
672.0 66.14134384
674.0 66.2476496
676.0 66.35320296
678.0 66.45934152
680.0 66.5665
682.0 66.67390928
684.0 66.78140216
686.0 66.88580184
688.0 66.98242672
690.0 67.0681
692.0 67.14310592
694.0 67.20757824
696.0 67.26059736
698.0 67.30124368
700.0 67.32935
702.0 67.34508352
704.0 67.34804296
706.0 67.3424752
708.0 67.33481744
710.0 67.32935
712.0 67.326006
714.0 67.325588
716.0 67.32726
718.0 67.328932
720.0 67.32935
722.0 67.32935
724.0 67.32935
726.0 67.32935
728.0 67.32935
730.0 67.32935
732.0 67.32935
734.0 67.32935
736.0 67.32935
738.0 67.32935
740.0 67.32935
742.0 67.32935
744.0 67.32935
746.0 67.32935
748.0 67.32935
750.0 67.32935
