380.0 12.477516
382.0 12.477769454
384.0 12.4781315311
386.0 12.4769366767
388.0 12.4771539229
390.0 12.477516
392.0 12.480669088
394.0 12.4825609408
396.0 12.4686873536
398.0 12.4440932672
400.0 12.477516
402.0 12.6010008832
404.0 12.7828012992
406.0 12.957615136
408.0 13.1192025984
410.0 13.265788
412.0 13.3957616064
414.0 13.5112973888
416.0 13.6206597568
418.0 13.7278315584
420.0 13.867364
422.0 14.0587398464
424.0 14.2812150976
426.0 14.4857343424
428.0 14.6733596736
430.0 14.904564
432.0 15.2073102336
434.0 15.5541333184
436.0 15.8902690944
438.0 16.2125644736
440.0 16.54334
442.0 16.8898145856
444.0 17.2455990784
446.0 17.604934944
448.0 17.964635904
450.0 18.296208
452.0 18.584881504
454.0 18.8466873792
456.0 19.117587424
458.0 19.3986437312
460.0 19.665312
462.0 19.9067057792
464.0 20.1325166656
466.0 20.3605844992
468.0 20.5917058496
470.0 20.816604
472.0 21.0318935296
474.0 21.2412253824
476.0 21.4499100224
478.0 21.6591091136
480.0 21.874548
482.0 22.0993797696
484.0 22.330252192
486.0 22.5591497856
488.0 22.785707456
490.0 23.015468
492.0 23.249128416
494.0 23.4860580864
496.0 23.7284973632
498.0 23.9735254912
500.0 24.187504
502.0 24.3504854592
504.0 24.4847406272
506.0 24.6435898816
508.0 24.8235814208
510.0 24.934288
512.0 24.9315331968
514.0 24.859028768
516.0 24.8088946688
518.0 24.783520608
520.0 24.716476
522.0 24.58122512
524.0 24.4026773632
526.0 24.22152416
528.0 24.0448018752
530.0 23.90746
532.0 23.8313046272
534.0 23.791542528
536.0 23.725908512
538.0 23.6363940032
540.0 23.606672
542.0 23.6752267712
544.0 23.805067616
546.0 23.9226612032
548.0 24.022962592
550.0 24.125272
552.0 24.233306752
554.0 24.345075424
556.0 24.4681620224
558.0 24.5977871296
560.0 24.674988
562.0 24.6779419456
564.0 24.6267125632
566.0 24.5529966848
568.0 24.471530848
570.0 24.509036
572.0 24.744853792
574.0 25.09111264
576.0 25.3300171392
578.0 25.4779301568
580.0 25.93
582.0 26.8740013568
584.0 28.1229892992
586.0 29.29135776
588.0 30.359424832
590.0 31.499764
592.0 32.7734456
594.0 34.130020224
596.0 35.5120518848
598.0 36.8998586752
600.0 38.137844
602.0 39.1406255552
604.0 39.9983982528
606.0 40.92210368
608.0 41.912173312
610.0 42.763756
612.0 43.382093152
614.0 43.8593545088
616.0 44.3776392
618.0 44.9438508288
620.0 45.450104
622.0 45.8500317248
624.0 46.1880759488
626.0 46.5429643008
628.0 46.9185136768
630.0 47.275576
632.0 47.5972573568
634.0 47.8994559488
636.0 48.20988576
638.0 48.5288123136
640.0 48.831376
642.0 49.1054125376
644.0 49.3631193984
646.0 49.6297378816
648.0 49.9048697024
650.0 50.158992
652.0 50.3793264704
654.0 50.5780539904
656.0 50.7778104128
658.0 50.98128416
660.0 51.196192
662.0 51.427114208
664.0 51.6682756544
666.0 51.90522192
668.0 52.1369241024
670.0 52.368228
672.0 52.6002620864
674.0 52.8324289344
676.0 53.065973184
678.0 53.2996999808
680.0 53.51952
682.0 53.7185628288
684.0 53.9037652608
686.0 54.08998
688.0 54.2781363776
690.0 54.463372
692.0 54.6404925696
694.0 54.8157876672
696.0 55.0067320384
698.0 55.2081147904
700.0 55.344992
702.0 55.3817835584
704.0 55.3547333824
706.0 55.3394160128
708.0 55.341507008
710.0 55.344992
712.0 55.344992
714.0 55.344992
716.0 55.344992
718.0 55.344992
720.0 55.344992
722.0 55.344992
724.0 55.344992
726.0 55.344992
728.0 55.344992
730.0 55.344992
732.0 55.344992
734.0 55.344992
736.0 55.344992
738.0 55.344992
740.0 55.344992
742.0 55.344992
744.0 55.344992
746.0 55.344992
748.0 55.344992
750.0 55.344992
