380.0 13.2506
382.0 13.25656128
384.0 13.26330512
386.0 13.26965336
388.0 13.2665936
390.0 13.2506
392.0 13.22934408
394.0 13.20570976
396.0 13.19148344
398.0 13.20317312
400.0 13.2506
402.0 13.3341164
404.0 13.45829584
406.0 13.60755528
408.0 13.75606232
410.0 13.88805
412.0 14.00753112
414.0 14.11392048
416.0 14.21688224
418.0 14.3329692
420.0 14.47325
422.0 14.63489896
424.0 14.81604344
426.0 15.02168272
428.0 15.258254
430.0 15.5287
432.0 15.8319172
434.0 16.16867472
436.0 16.52716824
438.0 16.88925656
440.0 17.2425
442.0 17.58706576
444.0 17.92128184
446.0 18.24354312
448.0 18.553766
450.0 18.8518
452.0 19.1357892
454.0 19.40407832
456.0 19.65932584
458.0 19.90612976
460.0 20.1476
462.0 20.383352
464.0 20.61361984
466.0 20.83895528
468.0 21.05969272
470.0 21.2762
472.0 21.48936328
474.0 21.70028608
476.0 21.90828288
478.0 22.11193248
480.0 22.31075
482.0 22.50481904
484.0 22.69278528
486.0 22.88008272
488.0 23.07515496
490.0 23.2826
492.0 23.4992912
494.0 23.72260352
496.0 23.94900904
498.0 24.17340816
500.0 24.3903
502.0 24.59767816
504.0 24.79562624
506.0 24.96715672
508.0 25.0880256
510.0 25.1427
512.0 25.13377152
514.0 25.06279512
516.0 24.93129232
518.0 24.74344312
520.0 24.50525
522.0 24.22004024
524.0 23.88946912
526.0 23.5374964
528.0 23.19823088
530.0 22.89595
532.0 22.63162352
534.0 22.40689
536.0 22.23298528
538.0 22.12228216
540.0 22.08085
542.0 22.10736792
544.0 22.20205328
546.0 22.34639704
548.0 22.511808
550.0 22.6765
552.0 22.84333216
554.0 23.01954424
556.0 23.17050912
558.0 23.246234
560.0 23.2199
562.0 23.10408056
564.0 22.90449392
566.0 22.66143528
568.0 22.43676864
570.0 22.2794
572.0 22.19091776
574.0 22.16702488
576.0 22.2794
578.0 22.62786152
580.0 23.27215
582.0 24.20288552
584.0 25.4234288
586.0 26.87855368
588.0 28.47646736
590.0 30.14825
592.0 31.89253056
594.0 33.70415928
596.0 35.5201352
598.0 37.25853032
600.0 38.86355
602.0 40.32534616
604.0 41.6259448
606.0 42.78258424
608.0 43.83505808
610.0 44.8096
612.0 45.69587704
614.0 46.49032784
616.0 47.20418824
618.0 47.85225544
620.0 48.4462
622.0 48.9901016
624.0 49.48847464
626.0 49.94897688
628.0 50.37971752
630.0 50.787
632.0 51.17468664
634.0 51.54690728
636.0 51.90374552
638.0 52.24294416
640.0 52.5635
642.0 52.86840592
644.0 53.16033712
646.0 53.43813992
648.0 53.69930632
650.0 53.9429
652.0 54.17042576
654.0 54.38231832
656.0 54.58325928
658.0 54.78010384
660.0 54.97745
662.0 55.17538136
664.0 55.37478408
666.0 55.5749392
668.0 55.77384032
670.0 55.9702
672.0 56.1644864
674.0 56.3565156
676.0 56.5464548
678.0 56.734722
680.0 56.92115
682.0 57.10466872
684.0 57.2843084
686.0 57.45809608
688.0 57.62344016
690.0 57.77805
692.0 57.921842
694.0 58.05583608
696.0 58.17402976
698.0 58.26764504
700.0 58.3319
702.0 58.36789816
704.0 58.37450256
706.0 58.36137736
708.0 58.34382136
710.0 58.3319
712.0 58.32481072
714.0 58.32392456
716.0 58.3274692
718.0 58.33101384
720.0 58.3319
722.0 58.3319
724.0 58.3319
726.0 58.3319
728.0 58.3319
730.0 58.3319
732.0 58.3319
734.0 58.3319
736.0 58.3319
738.0 58.3319
740.0 58.3319
742.0 58.3319
744.0 58.3319
746.0 58.3319
748.0 58.3319
750.0 58.3319
