380.0 12.124868
382.0 12.1250881048
384.0 12.1254025401
386.0 12.1243649034
388.0 12.1245535646
390.0 12.124868
392.0 12.127606208
394.0 12.1292491328
396.0 12.1172010176
398.0 12.0958429952
400.0 12.124868
402.0 12.2321725632
404.0 12.3900924864
406.0 12.5416066624
408.0 12.6814046272
410.0 12.80942
412.0 12.9256029952
414.0 13.0302357312
416.0 13.1260398208
418.0 13.2172968256
420.0 13.348764
422.0 13.5438903616
424.0 13.7776005632
426.0 13.9934377344
428.0 14.1905057344
430.0 14.41708
432.0 14.6943360064
434.0 15.0020276096
436.0 15.3025666816
438.0 15.5931320384
440.0 15.879532
442.0 16.1626793024
444.0 16.4432875392
446.0 16.7272314112
448.0 17.0138471104
450.0 17.290124
452.0 17.5496231424
454.0 17.7981196672
456.0 18.0480101888
458.0 18.2995934208
460.0 18.545136
462.0 18.7810201728
464.0 19.010797312
466.0 19.2414208064
468.0 19.4727578944
470.0 19.696428
472.0 19.9087137984
474.0 20.1131998528
476.0 20.316756576
478.0 20.5201473472
480.0 20.723256
482.0 20.9263148672
484.0 21.1296890432
486.0 21.3333619328
488.0 21.5373003456
490.0 21.739712
492.0 21.9381574016
494.0 22.1357066624
496.0 22.3414207616
498.0 22.5529099904
500.0 22.735424
502.0 22.8677209344
504.0 22.972901312
506.0 23.107073504
508.0 23.2650929984
510.0 23.337
512.0 23.2684120384
514.0 23.1136120128
516.0 22.9884344192
518.0 22.895401728
520.0 22.745796
522.0 22.503837984
524.0 22.203049984
526.0 21.8991752768
528.0 21.6017395072
530.0 21.355948
532.0 21.1907593792
534.0 21.073995552
536.0 20.9234438976
538.0 20.7425562176
540.0 20.650652
542.0 20.7023128576
544.0 20.8441188416
546.0 20.9700930048
548.0 21.0720373184
550.0 21.169252
552.0 21.2622183104
554.0 21.3536080768
556.0 21.467384768
558.0 21.5960141632
560.0 21.635992
562.0 21.5452328512
564.0 21.3629013888
566.0 21.1589131904
568.0 20.9524854976
570.0 20.878836
572.0 21.0281596096
574.0 21.3003374848
576.0 21.4390235712
578.0 21.4678162432
580.0 21.895292
582.0 22.9666117312
584.0 24.436183072
586.0 25.7904675584
588.0 27.0075927168
590.0 28.36742
592.0 29.9758931648
594.0 31.73914976
596.0 33.5232831168
598.0 35.29882016
600.0 36.882832
602.0 38.170951424
604.0 39.2758100544
606.0 40.4683411264
608.0 41.747880832
610.0 42.83636
612.0 43.604136928
614.0 44.1780653248
616.0 44.8111888
618.0 45.5124023808
620.0 46.124284
622.0 46.5787269568
624.0 46.9409171968
626.0 47.3276517376
628.0 47.744639328
630.0 48.136452
632.0 48.479474784
634.0 48.795032512
636.0 49.1192529344
638.0 49.4526670976
640.0 49.764856
642.0 50.0410499136
644.0 50.2967487552
646.0 50.563748928
648.0 50.8416189568
650.0 51.092472
652.0 51.2990656448
654.0 51.4782108288
656.0 51.662849024
658.0 51.8552371776
660.0 52.046696
662.0 52.2338566656
664.0 52.4196565248
666.0 52.6077963072
668.0 52.7976453952
670.0 52.980176
672.0 53.1511231552
674.0 53.313988448
676.0 53.4760239808
678.0 53.6377939904
680.0 53.799564
682.0 53.9607365824
684.0 54.122174688
686.0 54.2866497152
688.0 54.4524357632
690.0 54.598208
692.0 54.7118187392
694.0 54.8062122368
696.0 54.9118904704
698.0 55.0274926336
700.0 55.106436
702.0 55.1273957376
704.0 55.111995392
706.0 55.1032497216
708.0 55.104444576
710.0 55.106436
712.0 55.106436
714.0 55.106436
716.0 55.106436
718.0 55.106436
720.0 55.106436
722.0 55.106436
724.0 55.106436
726.0 55.106436
728.0 55.106436
730.0 55.106436
732.0 55.106436
734.0 55.106436
736.0 55.106436
738.0 55.106436
740.0 55.106436
742.0 55.106436
744.0 55.106436
746.0 55.106436
748.0 55.106436
750.0 55.106436
