380.0 12.84305
382.0 12.85240648
384.0 12.86309048
386.0 12.87333968
388.0 12.86857448
390.0 12.84305
392.0 12.80907856
394.0 12.77104728
396.0 12.7480304
398.0 12.76681352
400.0 12.84305
402.0 12.97662608
404.0 13.1742732
406.0 13.40954032
408.0 13.63903904
410.0 13.8358
412.0 14.00554144
414.0 14.14664152
416.0 14.27261
418.0 14.40752368
420.0 14.5673
422.0 14.7475416
424.0 14.946008
426.0 15.1681332
428.0 15.4205216
430.0 15.70635
432.0 16.02499976
434.0 16.3775744
436.0 16.75255384
438.0 17.13204768
440.0 17.50375
442.0 17.86787816
444.0 18.22282704
446.0 18.56657352
448.0 18.8983652
450.0 19.21755
452.0 19.52222184
454.0 19.81062512
456.0 20.0850672
458.0 20.34972808
460.0 20.6074
462.0 20.85781544
464.0 21.1015596
466.0 21.33836496
468.0 21.56731192
470.0 21.78825
472.0 22.00253352
474.0 22.21131616
476.0 22.4162532
478.0 22.61943464
480.0 22.8228
482.0 23.02651648
484.0 23.2296812
486.0 23.43794552
488.0 23.65958584
490.0 23.89915
492.0 24.1542972
494.0 24.42342232
496.0 24.70174344
498.0 24.98198736
500.0 25.25765
502.0 25.52719312
504.0 25.79013184
506.0 26.03359176
508.0 26.23968248
510.0 26.3967
512.0 26.50568096
514.0 26.56695976
516.0 26.58117176
518.0 26.55099216
520.0 26.4803
522.0 26.37101808
524.0 26.22411616
526.0 26.05556184
528.0 25.88817792
530.0 25.73835
532.0 25.60721504
534.0 25.49661224
536.0 25.41409904
538.0 25.36778464
540.0 25.36215
542.0 25.39712824
544.0 25.47312064
546.0 25.58146624
548.0 25.70837104
550.0 25.84285
552.0 25.98702656
554.0 26.14660224
556.0 26.29765072
558.0 26.4048092
560.0 26.44895
562.0 26.4395868
564.0 26.38166872
566.0 26.30076064
568.0 26.23598736
570.0 26.21905
572.0 26.2514032
574.0 26.32943544
576.0 26.50586488
578.0 26.85484472
580.0 27.4208
582.0 28.19649096
584.0 29.18440888
586.0 30.3442084
588.0 31.60875872
590.0 32.92795
592.0 34.30092952
594.0 35.723534
596.0 37.15257568
598.0 38.53246056
600.0 39.82495
602.0 41.02213544
604.0 42.11072448
606.0 43.10133432
608.0 44.01979736
610.0 44.88275
612.0 45.68256792
614.0 46.41665952
616.0 47.08997392
618.0 47.70886472
620.0 48.279
622.0 48.80323888
624.0 49.28413952
626.0 49.72917576
628.0 50.1477108
630.0 50.54665
632.0 50.92833416
634.0 51.29575616
636.0 51.64955136
638.0 51.98863296
640.0 52.3127
642.0 52.62447784
644.0 52.92670856
646.0 53.21773688
648.0 53.4942188
650.0 53.7548
652.0 54.00120264
654.0 54.23381128
656.0 54.45839432
658.0 54.68347896
660.0 54.91475
662.0 55.15197336
664.0 55.39571752
666.0 55.64564808
668.0 55.90026024
670.0 56.1583
672.0 56.41991784
674.0 56.68496328
676.0 56.95117912
678.0 57.21538856
680.0 57.475
682.0 57.72852536
684.0 57.97377432
686.0 58.21016168
688.0 58.43785464
690.0 58.65585
692.0 58.86329504
694.0 59.06179488
696.0 59.24056512
698.0 59.38347096
700.0 59.4814
702.0 59.53629176
704.0 59.54629032
706.0 59.52610928
708.0 59.49932384
710.0 59.4814
712.0 59.47083296
714.0 59.46951208
716.0 59.4747956
718.0 59.48007912
720.0 59.4814
722.0 59.4814
724.0 59.4814
726.0 59.4814
728.0 59.4814
730.0 59.4814
732.0 59.4814
734.0 59.4814
736.0 59.4814
738.0 59.4814
740.0 59.4814
742.0 59.4814
744.0 59.4814
746.0 59.4814
748.0 59.4814
750.0 59.4814
