380.0 12.000404
382.0 12.0006774635
384.0 12.0010681256
386.0 11.9997789406
388.0 12.0000133379
390.0 12.000404
392.0 12.003806016
394.0 12.0058472256
396.0 11.9908783552
398.0 11.9643426304
400.0 12.000404
402.0 12.1336966464
404.0 12.3298851008
406.0 12.5182406208
408.0 12.6921251264
410.0 12.850908
412.0 12.9929131264
414.0 13.1206463808
416.0 13.2442640256
418.0 13.3669855296
420.0 13.514716
422.0 13.7022085696
424.0 13.9129510144
426.0 14.1078118528
428.0 14.2874880832
430.0 14.500056
432.0 14.7675042432
434.0 15.0683420288
436.0 15.3602184064
438.0 15.6404449536
440.0 15.92102
442.0 16.2051796096
444.0 16.4915795712
446.0 16.7829580928
448.0 17.077456512
450.0 17.352356
452.0 17.596471392
454.0 17.8203904256
456.0 18.0469978816
458.0 18.277621376
460.0 18.503648
462.0 18.721377024
464.0 18.9350070336
466.0 19.151856512
468.0 19.3716267456
470.0 19.582336
472.0 19.7787899776
474.0 19.9659506432
476.0 20.153127904
478.0 20.3415498048
480.0 20.53656
482.0 20.7417430528
484.0 20.9523195456
486.0 21.156224768
488.0 21.3539897664
490.0 21.563388
492.0 21.7917711424
494.0 22.0330155648
496.0 22.2764339584
498.0 22.5195038528
500.0 22.745796
502.0 22.9427644288
504.0 23.1241499648
506.0 23.3271424512
508.0 23.5464646144
510.0 23.689648
512.0 23.7102592384
514.0 23.6555946496
516.0 23.6280300224
518.0 23.6292912576
520.0 23.575556
522.0 23.4322232576
524.0 23.2314047424
526.0 23.0283126848
528.0 22.8312778752
530.0 22.673192
532.0 22.5761266752
534.0 22.51595248
536.0 22.4291097984
538.0 22.3186189568
540.0 22.279056
542.0 22.3536348288
544.0 22.5000708736
546.0 22.6344753984
548.0 22.750110752
550.0 22.859888
552.0 22.96277824
554.0 23.062266464
556.0 23.1806898112
558.0 23.3118416768
560.0 23.368116
562.0 23.3147458368
564.0 23.1836769472
566.0 23.030071776
568.0 22.871421664
570.0 22.839144
572.0 23.019118944
574.0 23.3166044992
576.0 23.4912689792
578.0 23.564188288
580.0 24.000808
582.0 25.02473184
584.0 26.4122897024
586.0 27.6972892288
588.0 28.8590196096
590.0 30.141032
592.0 31.6341519296
594.0 33.2593364608
596.0 34.9085176512
598.0 36.5551763712
600.0 38.023752
602.0 39.2151380032
604.0 40.2344151872
606.0 41.3328514752
608.0 42.5099490112
610.0 43.51054
612.0 44.2163504512
614.0 44.7434969792
616.0 45.32232096
618.0 45.9618501824
620.0 46.528792
622.0 46.9659427584
624.0 47.3271538816
626.0 47.7071839616
628.0 48.1105137024
630.0 48.4891
632.0 48.8224477824
634.0 49.1304878848
636.0 49.4477715136
638.0 49.7751948096
640.0 50.086388
642.0 50.3681413056
644.0 50.6337972672
646.0 50.911252416
648.0 51.1990795648
650.0 51.455492
652.0 51.6616707648
654.0 51.8351735808
656.0 52.0103027264
658.0 52.1905100032
660.0 52.3786
662.0 52.5771781632
664.0 52.7837386176
666.0 52.9896020736
668.0 53.1939387712
670.0 53.395056
672.0 53.5910619072
674.0 53.7843130112
676.0 53.981862272
678.0 54.1827803584
680.0 54.370024
682.0 54.5347645504
684.0 54.6860961792
686.0 54.8441156736
688.0 55.008690272
690.0 55.158296
692.0 55.280934528
694.0 55.3892348032
696.0 55.5119729024
698.0 55.6467591168
700.0 55.739128
702.0 55.7637552768
704.0 55.7456333184
706.0 55.7354106752
708.0 55.736804672
710.0 55.739128
712.0 55.739128
714.0 55.739128
716.0 55.739128
718.0 55.739128
720.0 55.739128
722.0 55.739128
724.0 55.739128
726.0 55.739128
728.0 55.739128
730.0 55.739128
732.0 55.739128
734.0 55.739128
736.0 55.739128
738.0 55.739128
740.0 55.739128
742.0 55.739128
744.0 55.739128
746.0 55.739128
748.0 55.739128
750.0 55.739128
