380.0 10.959848164
382.0 11.1521082824
384.0 11.3579846522
386.0 11.5922552569
388.0 11.8506014538
390.0 12.09678254
392.0 12.3127880696
394.0 12.4919520826
396.0 12.6226763096
398.0 12.7063147384
400.0 12.794975973
402.0 12.9148370387
404.0 13.0509952759
406.0 13.1703393073
408.0 13.2729495662
410.0 13.358685351
412.0 13.4278760884
414.0 13.4858255015
416.0 13.5437307622
418.0 13.6066937004
420.0 13.678632889
422.0 13.7640006663
424.0 13.8717260366
426.0 14.0143504899
428.0 14.1936332902
430.0 14.4100905
432.0 14.6612019457
434.0 14.9389349055
436.0 15.2306192542
438.0 15.5289864189
440.0 15.807034131
442.0 16.0502563746
444.0 16.2658816843
446.0 16.4734832451
448.0 16.6742527851
450.0 16.871123399
452.0 17.0670744234
454.0 17.2616018462
456.0 17.4503429623
458.0 17.6342058937
460.0 17.823191549
462.0 18.0218611577
464.0 18.2246912384
466.0 18.4204445646
468.0 18.6078641999
470.0 18.790403707
472.0 18.9699757336
474.0 19.1427272553
476.0 19.3008054642
478.0 19.4458231081
480.0 19.596822133
482.0 19.7632751241
484.0 19.9405948723
486.0 20.1183585099
488.0 20.2960433987
490.0 20.472481879
492.0 20.6460679084
494.0 20.81686527
496.0 20.9869744782
498.0 21.1547411593
500.0 21.314391543
502.0 21.4611382115
504.0 21.5953759455
506.0 21.721168328
508.0 21.8322715895
510.0 21.914452614
512.0 21.9585284799
514.0 21.9508781482
516.0 21.8691747349
518.0 21.7129285785
520.0 21.500472529
522.0 21.2458998433
524.0 20.9563466695
526.0 20.6384508287
528.0 20.3053684634
530.0 20.000476758
532.0 19.7492663984
534.0 19.5475311728
536.0 19.3756007641
538.0 19.237859322
540.0 19.143635669
542.0 19.0966883372
544.0 19.0993124455
546.0 19.1560270794
548.0 19.2610836706
550.0 19.409718724
552.0 19.5939087174
554.0 19.7867208829
556.0 19.9431296877
558.0 20.0510844208
560.0 20.120343201
562.0 20.1542627339
564.0 20.1396027349
566.0 20.056184696
568.0 19.915222083
570.0 19.729291711
572.0 19.5201701453
574.0 19.3359836828
576.0 19.2488738749
578.0 19.29636861
580.0 19.531002387
582.0 19.9873653188
584.0 20.6921332435
586.0 21.6720408259
588.0 22.9145246617
590.0 24.393676544
592.0 26.0749950699
594.0 27.8662365317
596.0 29.6158571575
598.0 31.2783158542
600.0 32.839578888
602.0 34.2827245875
604.0 35.6003271409
606.0 36.8070929673
608.0 37.9043140854
610.0 38.910018052
612.0 39.8372470001
614.0 40.691613461
616.0 41.4768781049
618.0 42.2005359687
620.0 42.874174729
622.0 43.5059948904
624.0 44.0994775986
626.0 44.6558949991
628.0 45.1798151401
630.0 45.670208067
632.0 46.1285059333
634.0 46.5644022971
636.0 46.9935193445
638.0 47.4179833914
640.0 47.837360153
642.0 48.2477494236
644.0 48.6463153866
646.0 49.0335408847
648.0 49.4064299311
650.0 49.680475009
652.0 49.8162540791
654.0 49.8874180727
656.0 50.044720957
658.0 50.2936127608
660.0 50.54636606
662.0 50.7607487188
664.0 50.941676126
666.0 51.0968272654
668.0 51.2229183654
670.0 51.30245293
672.0 51.3292959514
674.0 51.3326649182
676.0 51.3693640812
678.0 51.4430099914
680.0 51.526657134
682.0 51.6063299383
684.0 51.6769439694
686.0 51.728371158
688.0 51.756794404
690.0 51.751853392
692.0 51.7097690198
694.0 51.6427170699
696.0 51.5747921124
698.0 51.5097289351
700.0 51.454996417
702.0 51.4145972733
704.0 51.3798776508
706.0 51.3310246197
708.0 51.2661893152
710.0 51.188984223
712.0 51.1007617597
714.0 51.0028675393
716.0 50.8995499013
718.0 50.7922138859
720.0 50.678056167
722.0 50.5553211897
724.0 50.4304114681
726.0 50.3170266444
728.0 50.2151690508
730.0 50.092967013
732.0 49.935666623
734.0 49.7625431256
736.0 49.6124523038
738.0 49.4876514085
740.0 49.369091529
742.0 49.2481366934
744.0 49.1305870731
746.0 49.0265355743
748.0 48.9351878089
750.0 48.843201679
752.0 48.7446456573
754.0 48.6450578832
756.0 48.5552828271
758.0 48.477202557
760.0 48.410068878
762.0 48.3534880783
764.0 48.3131971291
766.0 48.3002299225
768.0 48.3120879723
770.0 48.327566428
772.0 48.3356287784
774.0 48.3337510343
776.0 48.3192844361
778.0 48.2950438886
780.0 48.264905058
