380.0 9.87525
382.0 9.8821892
384.0 9.89004024
386.0 9.89743248
388.0 9.89387112
390.0 9.87525
392.0 9.8504176
394.0 9.82256168
396.0 9.80565936
398.0 9.81935464
400.0 9.87525
402.0 9.97332952
404.0 10.11840896
406.0 10.2922468
408.0 10.46474704
410.0 10.6172
412.0 10.75368536
414.0 10.8731832
416.0 10.98482264
418.0 11.10490568
420.0 11.2442
422.0 11.399696
424.0 11.56985544
426.0 11.75832328
428.0 11.96953032
430.0 12.2056
432.0 12.46604744
434.0 12.75149128
436.0 13.05432392
438.0 13.36275776
440.0 13.6686
442.0 13.97178376
444.0 14.27103832
446.0 14.56469168
448.0 14.85182424
450.0 15.1316
452.0 15.40251416
454.0 15.66319568
456.0 15.914514
458.0 16.15839192
460.0 16.39605
462.0 16.62715384
464.0 16.8519208
466.0 17.06991616
468.0 17.28030392
470.0 17.48285
472.0 17.67829008
474.0 17.86712576
476.0 18.05102904
478.0 18.23234072
480.0 18.4129
482.0 18.59250624
484.0 18.77032344
486.0 18.94989624
488.0 19.13640784
490.0 19.3325
492.0 19.5362332
494.0 19.74610264
496.0 19.95822928
498.0 20.16692832
500.0 20.36705
502.0 20.55724
504.0 20.73713048
506.0 20.89620456
508.0 21.01983224
510.0 21.09855
512.0 21.13386264
514.0 21.12710776
516.0 21.07805128
518.0 20.9874456
520.0 20.8582
522.0 20.6931736
524.0 20.49377088
526.0 20.27739736
528.0 20.06896584
530.0 19.88635
532.0 19.73020192
534.0 19.60140776
536.0 19.5098156
538.0 19.46696224
540.0 19.4788
542.0 19.54397456
544.0 19.6625528
546.0 19.82017224
548.0 19.99451168
550.0 20.1685
552.0 20.34484584
554.0 20.53018704
556.0 20.69546424
558.0 20.79837584
560.0 20.8164
562.0 20.76035456
564.0 20.63477064
566.0 20.47541232
568.0 20.3371212
570.0 20.26255
572.0 20.25203312
574.0 20.30110632
576.0 20.46872432
578.0 20.83689872
580.0 21.45385
582.0 22.31126832
584.0 23.41253112
586.0 24.70448552
588.0 26.10018752
590.0 27.53575
592.0 29.01085528
594.0 30.52053752
596.0 32.01676016
598.0 33.4389968
600.0 34.74625
602.0 35.93004272
604.0 36.97599576
606.0 37.9011468
608.0 38.74169464
610.0 39.5219
612.0 40.23412184
614.0 40.8761364
616.0 41.45896216
618.0 41.99672752
620.0 42.50015
622.0 42.97295816
624.0 43.41971656
626.0 43.84381936
628.0 44.24718936
630.0 44.63195
632.0 45.0016292
634.0 45.35915296
636.0 45.70564152
638.0 46.04134568
640.0 46.36665
642.0 46.6833268
644.0 46.99333232
646.0 47.29489424
648.0 47.58466856
650.0 47.861
652.0 48.1252596
654.0 48.37793224
656.0 48.62232848
658.0 48.86338072
660.0 49.10455
662.0 49.34571928
664.0 49.58690528
666.0 49.82976328
668.0 50.07621608
670.0 50.3272
672.0 50.582598
674.0 50.84274448
676.0 51.10431216
678.0 51.36211784
680.0 51.61255
682.0 51.854572
684.0 52.08560896
686.0 52.30786792
688.0 52.52586328
690.0 52.74115
692.0 52.95242392
694.0 53.16184192
696.0 53.35545952
698.0 53.51195872
700.0 53.61895
702.0 53.67894136
704.0 53.68977592
706.0 53.66750488
708.0 53.63821144
710.0 53.61895
712.0 53.60771416
714.0 53.60630968
716.0 53.6119276
718.0 53.61754552
720.0 53.61895
722.0 53.61895
724.0 53.61895
726.0 53.61895
728.0 53.61895
730.0 53.61895
732.0 53.61895
734.0 53.61895
736.0 53.61895
738.0 53.61895
740.0 53.61895
742.0 53.61895
744.0 53.61895
746.0 53.61895
748.0 53.61895
750.0 53.61895
