380.0 10.6172
382.0 10.62142368
384.0 10.6262312
386.0 10.63081352
388.0 10.62865664
390.0 10.6172
392.0 10.60205336
394.0 10.58540672
396.0 10.57549928
398.0 10.58381664
400.0 10.6172
402.0 10.67617144
404.0 10.76440288
406.0 10.87035752
408.0 10.97489096
410.0 11.06655
412.0 11.14859504
414.0 11.22064152
416.0 11.2916012
418.0 11.37627128
420.0 11.48455
422.0 11.61411328
424.0 11.763356
426.0 11.93650832
428.0 12.13892064
430.0 12.3728
432.0 12.63727696
434.0 12.93352192
436.0 13.24899488
438.0 13.56446784
440.0 13.86715
442.0 14.15739248
444.0 14.43293808
446.0 14.69594368
448.0 14.95209408
450.0 15.20475
452.0 15.4515372
454.0 15.69136888
456.0 15.92384376
458.0 16.14837664
460.0 16.3647
462.0 16.57313152
464.0 16.77397216
466.0 16.9677068
468.0 17.15500424
470.0 17.33655
472.0 17.51296272
474.0 17.6849948
476.0 17.85343208
478.0 18.01911056
480.0 18.183
482.0 18.34506696
484.0 18.50417448
486.0 18.6652048
488.0 18.83551472
490.0 19.019
492.0 19.21337
494.0 19.4172704
496.0 19.6252672
498.0 19.8291676
500.0 20.0222
502.0 20.20339464
504.0 20.3725676
506.0 20.51908496
508.0 20.62831672
510.0 20.691
512.0 20.70848912
514.0 20.68151976
516.0 20.612416
518.0 20.50585944
520.0 20.36705
522.0 20.19832848
524.0 20.0013836
526.0 19.79089552
528.0 19.58734624
530.0 19.40565
532.0 19.2469772
534.0 19.11239792
536.0 19.01100784
538.0 18.95359136
540.0 18.94585
542.0 18.98654648
544.0 19.07563064
546.0 19.2009972
548.0 19.34375256
550.0 19.48925
552.0 19.63971328
554.0 19.8009944
556.0 19.94655872
558.0 20.03769944
560.0 20.05355
562.0 20.004226
564.0 19.89481032
566.0 19.75454624
568.0 19.62824336
570.0 19.55195
572.0 19.52733816
574.0 19.55089664
576.0 19.68004192
578.0 19.9951972
580.0 20.5447
582.0 21.32097616
584.0 22.32665072
586.0 23.51917128
588.0 24.82747784
590.0 26.19815
592.0 27.63025144
594.0 29.11995328
596.0 30.61759712
598.0 32.05839296
600.0 33.3982
602.0 34.62921
604.0 35.73701032
606.0 36.73529464
608.0 37.65566376
610.0 38.5187
612.0 39.3159096
614.0 40.04443344
616.0 40.71126048
618.0 41.32533592
620.0 41.89405
622.0 42.42061296
624.0 42.90826848
626.0 43.3634036
628.0 43.79329152
630.0 44.2035
632.0 44.59680456
634.0 44.9762984
636.0 45.34258344
638.0 45.69465648
640.0 46.03225
642.0 46.35788872
644.0 46.67408064
646.0 46.97940456
648.0 47.27093448
650.0 47.5475
652.0 47.8106728
654.0 48.06085416
656.0 48.30309352
658.0 48.54483128
660.0 48.79105
662.0 49.04148216
664.0 49.29642872
666.0 49.55605688
668.0 49.81978144
670.0 50.08685
672.0 50.357296
674.0 50.63123648
676.0 50.90526056
678.0 51.17435224
680.0 51.4349
682.0 51.6857
684.0 51.92434456
686.0 52.15203752
688.0 52.37178848
690.0 52.5844
692.0 52.78878528
694.0 52.98678352
696.0 53.16680776
698.0 53.3112184
700.0 53.40995
702.0 53.46524304
704.0 53.47529176
706.0 53.45491008
708.0 53.427924
710.0 53.40995
712.0 53.39938296
714.0 53.39806208
716.0 53.4033456
718.0 53.40862912
720.0 53.40995
722.0 53.40995
724.0 53.40995
726.0 53.40995
728.0 53.40995
730.0 53.40995
732.0 53.40995
734.0 53.40995
736.0 53.40995
738.0 53.40995
740.0 53.40995
742.0 53.40995
744.0 53.40995
746.0 53.40995
748.0 53.40995
750.0 53.40995
