380.0 15.43465
382.0 15.43944808
384.0 15.4450228
386.0 15.45055432
388.0 15.44814664
390.0 15.43465
392.0 15.41698144
394.0 15.39793792
396.0 15.3868336
398.0 15.39654568
400.0 15.43465
402.0 15.50214864
404.0 15.6041072
406.0 15.72537736
408.0 15.84096272
410.0 15.93625
412.0 16.01578704
414.0 16.07900536
416.0 16.14038448
418.0 16.223416
420.0 16.3438
422.0 16.4982092
424.0 16.68445328
426.0 16.90840096
428.0 17.17715824
430.0 17.4933
432.0 17.8555388
434.0 18.26564696
436.0 18.70367752
438.0 19.13920008
440.0 19.55195
442.0 19.9425292
444.0 20.30762712
446.0 20.65015304
448.0 20.97829976
450.0 21.2971
452.0 21.6032432
454.0 21.89520784
456.0 22.17396368
458.0 22.44093192
460.0 22.6974
462.0 22.94422064
464.0 23.18251408
466.0 23.41336712
468.0 23.63786656
470.0 23.85735
472.0 24.0731216
474.0 24.28615112
476.0 24.49968224
478.0 24.71797856
480.0 24.94415
482.0 25.1779792
484.0 25.41852984
486.0 25.66936328
488.0 25.93549552
490.0 26.21905
492.0 26.51751872
494.0 26.82897888
496.0 27.14687624
498.0 27.461764
500.0 27.76565
502.0 28.05687896
504.0 28.33491584
506.0 28.58670232
508.0 28.794348
510.0 28.9465
512.0 29.04432872
514.0 29.08788432
516.0 29.08111272
518.0 29.03162152
520.0 28.9465
522.0 28.8275372
524.0 28.67623792
526.0 28.50746624
528.0 28.34178776
530.0 28.1941
532.0 28.0660248
534.0 27.95955184
536.0 27.88175368
538.0 27.84015432
540.0 27.8388
542.0 27.87760712
544.0 27.95707728
546.0 28.06806464
548.0 28.1961064
550.0 28.32995
552.0 28.47168544
554.0 28.62651264
556.0 28.77264544
558.0 28.87806504
560.0 28.9256
562.0 28.92466368
564.0 28.88115824
566.0 28.817338
568.0 28.76689376
570.0 28.7584
572.0 28.79419752
574.0 28.8702568
576.0 29.04329208
578.0 29.39389376
580.0 29.9706
582.0 30.76515112
584.0 31.77960368
586.0 32.97346184
588.0 34.278926
590.0 35.64495
592.0 37.07048048
594.0 38.55158824
596.0 40.040638
598.0 41.47551496
600.0 42.81365
602.0 44.04723488
604.0 45.162392
606.0 46.17037392
608.0 47.09876864
610.0 47.9655
612.0 48.76247552
614.0 49.48678592
616.0 50.14521952
618.0 50.74680512
620.0 51.29905
622.0 51.8049972
624.0 52.26773992
626.0 52.69453464
628.0 53.09399216
630.0 53.47265
632.0 53.83331712
634.0 54.17918704
636.0 54.51143016
638.0 54.82971208
640.0 55.1342
642.0 55.42743536
644.0 55.71192616
646.0 55.98613416
648.0 56.24688256
650.0 56.4927
652.0 56.725108
654.0 56.94460816
656.0 57.15499592
658.0 57.36187248
660.0 57.56905
662.0 57.77649504
664.0 57.98464232
666.0 58.1937928
668.0 58.40369568
670.0 58.61405
672.0 58.82492264
674.0 59.0361464
676.0 59.24661776
678.0 59.45474832
680.0 59.65905
682.0 59.85855304
684.0 60.05210376
686.0 60.23796328
688.0 60.4141252
690.0 60.57865
692.0 60.73127016
694.0 60.87298888
696.0 60.9976532
698.0 61.09623432
700.0 61.16385
702.0 61.20170408
704.0 61.2086596
706.0 61.19488232
708.0 61.17642344
710.0 61.16385
712.0 61.15635944
714.0 61.15542312
716.0 61.1591684
718.0 61.16291368
720.0 61.16385
722.0 61.16385
724.0 61.16385
726.0 61.16385
728.0 61.16385
730.0 61.16385
732.0 61.16385
734.0 61.16385
736.0 61.16385
738.0 61.16385
740.0 61.16385
742.0 61.16385
744.0 61.16385
746.0 61.16385
748.0 61.16385
750.0 61.16385
