380.0 7.6418506754
382.0 7.78879836326
384.0 7.94249252034
386.0 8.10850308375
388.0 8.28848552412
390.0 8.477081184
392.0 8.67007365554
394.0 8.8589151561
396.0 9.02858145465
398.0 9.17703714792
400.0 9.3009152192
402.0 9.39820024075
404.0 9.48270972046
406.0 9.58451203763
408.0 9.70569888264
410.0 9.8077829399
412.0 9.8735794192
414.0 9.92389079884
416.0 9.99902093843
418.0 10.1029780309
420.0 10.214137369
422.0 10.3249666584
424.0 10.4498996726
426.0 10.6124031761
428.0 10.8151902591
430.0 11.059083933
432.0 11.3425368574
434.0 11.6620268034
436.0 12.0121610303
438.0 12.3849819529
440.0 12.749128906
442.0 13.0868911747
444.0 13.3980140482
446.0 13.6886077855
448.0 13.9578166123
450.0 14.215151889
452.0 14.466711403
454.0 14.7123712326
456.0 14.9493258329
458.0 15.1797762195
460.0 15.412085286
462.0 15.6504882689
464.0 15.8933267132
466.0 16.1361996566
468.0 16.3781324406
470.0 16.619182175
472.0 16.8598547507
474.0 17.0936164111
476.0 17.3064858515
478.0 17.4996956484
480.0 17.706058316
482.0 17.9429895119
484.0 18.1954279129
486.0 18.4292782345
488.0 18.6464862308
490.0 18.885235971
492.0 19.1631915234
494.0 19.4685698778
496.0 19.7779955372
498.0 20.0894281583
500.0 20.400638948
502.0 20.7068783567
504.0 21.0107218052
506.0 21.3240901382
508.0 21.639619416
510.0 21.920354323
512.0 22.144716381
514.0 22.3120106177
516.0 22.4291568243
518.0 22.4929317729
520.0 22.487080355
522.0 22.407938498
524.0 22.2686402844
526.0 22.0906305849
528.0 21.886380709
530.0 21.687596184
532.0 21.5157002583
534.0 21.3768125363
536.0 21.2699777308
538.0 21.2025146251
540.0 21.181557537
542.0 21.2100207891
544.0 21.2916705262
546.0 21.432917474
548.0 21.6277707603
550.0 21.853603261
552.0 22.0943124577
554.0 22.3368538526
556.0 22.5639731243
558.0 22.7644928286
560.0 22.939750546
562.0 23.0876151014
564.0 23.1897230166
566.0 23.2176163681
568.0 23.1810728726
570.0 23.065812265
572.0 22.8850156146
574.0 22.7149364677
576.0 22.6782768087
578.0 22.8178303002
580.0 23.231525775
582.0 23.9650862489
584.0 24.996759128
586.0 26.2684726809
588.0 27.7379198294
590.0 29.268397071
592.0 30.7701037262
594.0 32.1856689315
596.0 33.4493200413
598.0 34.5377556264
600.0 35.494608959
602.0 36.3434012912
604.0 37.1016475834
606.0 37.8071182548
608.0 38.4717140015
610.0 39.084852385
612.0 39.6449180337
614.0 40.1621699035
616.0 40.649010775
618.0 41.1093744946
620.0 41.538809307
622.0 41.936710035
624.0 42.3100325563
626.0 42.669694081
628.0 43.01847398
630.0 43.34850814
632.0 43.6572338223
634.0 43.9532485961
636.0 44.2513258866
638.0 44.5519565864
640.0 44.852421512
642.0 45.150415227
644.0 45.4385045826
646.0 45.7030337166
648.0 45.9431487337
650.0 46.151455487
652.0 46.3249055281
654.0 46.4825693419
656.0 46.6632077982
658.0 46.8683030661
660.0 47.069793801
662.0 47.2541691506
664.0 47.4213332298
666.0 47.570529891
668.0 47.7013234404
670.0 47.820333267
672.0 47.9309497661
674.0 48.0378250636
676.0 48.150179285
678.0 48.2678620592
680.0 48.372664393
682.0 48.4557074436
684.0 48.5215766384
686.0 48.5800234553
688.0 48.6315672608
690.0 48.676961773
692.0 48.7171747993
694.0 48.7527743453
696.0 48.7836410082
698.0 48.8102481556
700.0 48.831955026
702.0 48.8487833392
704.0 48.861758045
706.0 48.8723704637
708.0 48.8813587159
710.0 48.890719041
712.0 48.9010761334
714.0 48.9129981281
716.0 48.9279263138
718.0 48.9444016825
720.0 48.95270217
722.0 48.9471394276
724.0 48.928969906
726.0 48.903156094
728.0 48.8702527321
730.0 48.816375729
732.0 48.7362580634
734.0 48.6470755834
736.0 48.581727715
738.0 48.5429955135
740.0 48.515256971
742.0 48.4912683602
744.0 48.4719919007
746.0 48.4579050254
748.0 48.4475895103
750.0 48.438818198
752.0 48.4311083754
754.0 48.4238772331
756.0 48.41534288
758.0 48.40743361
760.0 48.413662543
762.0 48.4406037656
764.0 48.4870881281
766.0 48.5499696936
768.0 48.6278887408
770.0 48.708950453
772.0 48.7866942001
774.0 48.8626437442
776.0 48.9418845884
778.0 49.0255585994
780.0 49.110712077
