380.0 9.1626866665
382.0 9.34215787708
384.0 9.51468530681
386.0 9.66956724151
388.0 9.81164855355
390.0 9.9652968199
392.0 10.1405611213
394.0 10.3256640959
396.0 10.4982199489
398.0 10.6546429161
400.0 10.770558187
402.0 10.8345226009
404.0 10.8644526449
406.0 10.8983226918
408.0 10.9408860195
410.0 10.988860682
412.0 11.0434664277
414.0 11.104111944
416.0 11.1636569525
418.0 11.2267869283
420.0 11.304313608
422.0 11.4041380011
424.0 11.5391209013
426.0 11.7299592114
428.0 11.9791817378
430.0 12.282246023
432.0 12.6333362335
434.0 13.0232756998
436.0 13.4380519547
438.0 13.8673676559
440.0 14.27839027
442.0 14.6526415644
444.0 14.9936270935
446.0 15.3159330476
448.0 15.6194086343
450.0 15.911827427
452.0 16.1990765574
454.0 16.4785090636
456.0 16.7406916214
458.0 16.9878000442
460.0 17.244641853
462.0 17.522983942
464.0 17.8110879557
466.0 18.0845038204
468.0 18.3417779056
470.0 18.588176536
472.0 18.8261708251
474.0 19.0551990678
476.0 19.2750684088
478.0 19.4882044486
480.0 19.70259736
482.0 19.9232095997
484.0 20.1521091264
486.0 20.391015101
488.0 20.6408007901
490.0 20.901626218
492.0 21.1726637769
494.0 21.4513637504
496.0 21.7335421973
498.0 22.0158687962
500.0 22.2948952
502.0 22.5661752412
504.0 22.82465615
506.0 23.0650380742
508.0 23.2807997286
510.0 23.462643988
512.0 23.602835196
514.0 23.6929185583
516.0 23.7228313592
518.0 23.6901538617
520.0 23.58416048
522.0 23.4039696061
524.0 23.1638767462
526.0 22.887728287
528.0 22.5897512709
530.0 22.300017438
532.0 22.0396494725
534.0 21.8200848256
536.0 21.6501498303
538.0 21.5380065074
540.0 21.479538165
542.0 21.4724069569
544.0 21.5256450611
546.0 21.6557748493
548.0 21.8556033228
550.0 22.101495285
552.0 22.3754566255
554.0 22.6555180858
556.0 22.9084036318
558.0 23.1193561647
560.0 23.292739556
562.0 23.4276129335
564.0 23.5030178647
566.0 23.4869509793
568.0 23.3921446787
570.0 23.210783748
572.0 22.9618141671
574.0 22.7310004539
576.0 22.6557712094
578.0 22.7846389592
580.0 23.214023108
582.0 23.9899465067
584.0 25.0980376375
586.0 26.4917726662
588.0 28.1262019744
590.0 29.855176766
592.0 31.5803224722
594.0 33.2305900804
596.0 34.7191423587
598.0 36.0146855021
600.0 37.148494576
602.0 38.1371306949
604.0 39.0027930794
606.0 39.7968876843
608.0 40.5332328092
610.0 41.207341795
612.0 41.8221611148
614.0 42.3860830596
616.0 42.904265549
618.0 43.3824064227
620.0 43.827872682
622.0 44.2463292386
624.0 44.6421378097
626.0 45.0195724394
628.0 45.3823284599
630.0 45.726350225
632.0 46.0501318371
634.0 46.3640429573
636.0 46.6878488808
638.0 47.0216520362
640.0 47.339075724
642.0 47.6253045046
644.0 47.8907412263
646.0 48.1605949449
648.0 48.4330308546
650.0 48.654508959
652.0 48.8000970704
654.0 48.9040362605
656.0 49.0358670367
658.0 49.1982722369
660.0 49.355223019
662.0 49.4901844099
664.0 49.6071709647
666.0 49.7116172442
668.0 49.8016654756
670.0 49.877094038
672.0 49.9384718278
674.0 49.9841425602
676.0 50.0098160107
678.0 50.0163953776
680.0 50.019787846
682.0 50.0282698996
684.0 50.0332003351
686.0 50.0155697782
688.0 49.9764508457
690.0 49.931241965
692.0 49.8877954743
694.0 49.8459298399
696.0 49.8045267537
698.0 49.7649479455
700.0 49.724975717
702.0 49.683652805
704.0 49.6431965189
706.0 49.6076673156
708.0 49.5768076012
710.0 49.549564373
712.0 49.525322671
714.0 49.5004327731
716.0 49.467446516
718.0 49.4253359536
720.0 49.385389559
722.0 49.3525245349
724.0 49.3187604427
726.0 49.269007485
728.0 49.2038132432
730.0 49.125015876
732.0 49.034836078
734.0 48.9436396555
736.0 48.8705760365
738.0 48.8184199595
740.0 48.785652424
742.0 48.7711615034
744.0 48.7692239126
746.0 48.7678161191
748.0 48.7648511977
750.0 48.757287778
752.0 48.7436938038
754.0 48.7286665747
756.0 48.7223497579
758.0 48.7263211809
760.0 48.740159662
762.0 48.7636214395
764.0 48.7975158026
766.0 48.8429110922
768.0 48.897923491
770.0 48.954949476
772.0 49.0096614231
774.0 49.0590720543
776.0 49.0988604397
778.0 49.1298898146
780.0 49.156295946
