380.0 4.9553937509
382.0 5.03365618809
384.0 5.12716937971
386.0 5.25402171208
388.0 5.41005423235
390.0 5.5614780069
392.0 5.69133304885
394.0 5.80173519627
396.0 5.89917383961
398.0 5.98386446757
400.0 6.0743496789
402.0 6.17997555683
404.0 6.29481742043
406.0 6.40563829724
408.0 6.51193606055
410.0 6.6088056115
412.0 6.69444199167
414.0 6.77339450641
416.0 6.85466272948
418.0 6.94149918239
420.0 7.0408734729
422.0 7.15787840457
424.0 7.29340356234
426.0 7.44533209571
428.0 7.61477914466
430.0 7.8109189476
432.0 8.03661823286
434.0 8.28533335556
436.0 8.54570265084
438.0 8.8131998193
440.0 9.0755742023
442.0 9.32532260795
444.0 9.56217675409
446.0 9.78969863285
448.0 10.0077476593
450.0 10.217052793
452.0 10.4186530247
454.0 10.6168346676
456.0 10.8192069603
458.0 11.0266782097
460.0 11.234110603
462.0 11.438776429
464.0 11.6416049872
466.0 11.8445976351
468.0 12.04652983
470.0 12.242624601
472.0 12.4311462504
474.0 12.6101781299
476.0 12.7751947078
478.0 12.9280830085
480.0 13.088360759
482.0 13.2667159848
484.0 13.4580723657
486.0 13.6490577913
488.0 13.8396947428
490.0 14.047261934
492.0 14.2792258467
494.0 14.5204244135
496.0 14.7409747004
498.0 14.9383893649
500.0 15.135929846
502.0 15.3434579705
504.0 15.5495153284
506.0 15.7332939392
508.0 15.8918048457
510.0 16.03756521
512.0 16.1747383225
514.0 16.2900686573
516.0 16.3604163807
518.0 16.3844170743
520.0 16.370287974
522.0 16.3240287632
524.0 16.2489871262
526.0 16.1496470336
528.0 16.0335028096
530.0 15.919996688
532.0 15.8223574376
534.0 15.7444910786
536.0 15.6861681997
538.0 15.6526771531
540.0 15.655401714
542.0 15.7001247069
544.0 15.7852522208
546.0 15.9052315717
548.0 16.0560998237
550.0 16.239610167
552.0 16.4526252652
554.0 16.6756435071
556.0 16.8758390163
558.0 17.0450622757
560.0 17.19199213
562.0 17.3184625591
564.0 17.4157392603
566.0 17.473519838
568.0 17.4995475287
570.0 17.465829403
572.0 17.3738370373
574.0 17.2862819794
576.0 17.3064819319
578.0 17.4656687307
580.0 17.836948706
582.0 18.45365701
584.0 19.2933021832
586.0 20.3009382175
588.0 21.4428312924
590.0 22.616330819
592.0 23.7545081536
594.0 24.8161352165
596.0 25.7553694595
598.0 26.5564248659
600.0 27.265359061
602.0 27.9075321197
604.0 28.4861431368
606.0 29.0062383873
608.0 29.4774881381
610.0 29.924306733
612.0 30.3610105397
614.0 30.7808966906
616.0 31.1636208065
618.0 31.5117892439
620.0 31.838100375
622.0 32.1499819552
624.0 32.4487280764
626.0 32.7345002044
628.0 33.0101653349
630.0 33.286610568
632.0 33.569520851
634.0 33.8537586886
636.0 34.1273568968
638.0 34.3906102575
640.0 34.647192383
642.0 34.8970288814
644.0 35.1459890034
646.0 35.4094595956
648.0 35.6851969152
650.0 35.924968058
652.0 36.1054704288
654.0 36.2494898801
656.0 36.4048693134
658.0 36.5737701592
660.0 36.73818914
662.0 36.8901218457
664.0 37.0343863545
666.0 37.178616429
668.0 37.3212025931
670.0 37.448165745
672.0 37.552695924
674.0 37.6388611345
676.0 37.7155832705
678.0 37.7835330415
680.0 37.842547702
682.0 37.8931026929
684.0 37.9364928835
686.0 37.9742298402
688.0 38.0071090202
690.0 38.031665588
692.0 38.047045632
694.0 38.0571087038
696.0 38.0683030249
698.0 38.0822536851
700.0 38.102293759
702.0 38.1306206503
704.0 38.1653190063
706.0 38.2008363374
708.0 38.2367093501
710.0 38.280893848
712.0 38.3368779738
714.0 38.3969730418
716.0 38.4459986985
718.0 38.4831144593
720.0 38.521446697
722.0 38.5666140653
724.0 38.6141115052
726.0 38.6563376642
728.0 38.6935704469
730.0 38.717559576
732.0 38.7248109158
734.0 38.727489008
736.0 38.7499730819
738.0 38.7938666204
740.0 38.845372574
742.0 38.8978762343
744.0 38.9524386212
746.0 39.0105845015
748.0 39.0713322844
750.0 39.131661137
752.0 39.1905764463
754.0 39.2497388378
756.0 39.312038679
758.0 39.3787061817
760.0 39.455394677
762.0 39.5446217468
764.0 39.6454908821
766.0 39.7560251663
768.0 39.8745788748
770.0 39.992075645
772.0 40.1036658421
774.0 40.2094607938
776.0 40.3112483933
778.0 40.4106206315
780.0 40.508267661
