380.0 14.91215
382.0 14.90894648
384.0 14.90535176
386.0 14.90202464
388.0 14.90367992
390.0 14.91215
392.0 14.92388384
394.0 14.93827304
396.0 14.94767984
398.0 14.94103544
400.0 14.91215
402.0 14.86309352
404.0 14.79422384
406.0 14.71381736
408.0 14.63491568
410.0 14.5673
412.0 14.51234136
414.0 14.47263136
416.0 14.45398856
418.0 14.46285016
420.0 14.5046
422.0 14.58096024
424.0 14.69199776
426.0 14.84575488
428.0 15.0530996
430.0 15.3197
432.0 15.64329888
434.0 16.02334448
436.0 16.44845048
438.0 16.90106088
440.0 17.3679
442.0 17.8475132
444.0 18.33772688
446.0 18.82802416
448.0 19.30544704
450.0 19.76095
452.0 20.19200832
454.0 20.59499376
456.0 20.9723976
458.0 21.33048984
460.0 21.6733
462.0 21.99920624
464.0 22.3081584
466.0 22.60047416
468.0 22.87623712
470.0 23.1363
472.0 23.38211744
474.0 23.61454216
476.0 23.83843968
478.0 24.0605816
480.0 24.2858
482.0 24.51376048
484.0 24.74357688
486.0 24.97932888
488.0 25.22653408
490.0 25.48755
492.0 25.7600024
494.0 26.04230288
496.0 26.32652616
498.0 26.60105184
500.0 26.8565
502.0 27.09129896
504.0 27.30456256
506.0 27.48405176
508.0 27.61338096
510.0 27.68205
512.0 27.69159712
514.0 27.64356056
516.0 27.538676
518.0 27.37928424
520.0 27.17
522.0 26.91420072
524.0 26.613224
526.0 26.28984248
528.0 25.97666016
530.0 25.69655
532.0 25.4508496
534.0 25.24283608
536.0 25.07812736
538.0 24.96056904
540.0 24.8919
542.0 24.87297296
544.0 24.90415576
546.0 24.97680416
548.0 25.07745856
550.0 25.19495
552.0 25.33128488
554.0 25.49311776
556.0 25.65202464
558.0 25.76578752
560.0 25.8115
562.0 25.79986288
564.0 25.73545744
566.0 25.650152
568.0 25.59301976
570.0 25.6025
572.0 25.67835864
574.0 25.8150948
576.0 26.06995776
578.0 26.52337072
580.0 27.22225
582.0 28.15768384
584.0 29.33294936
586.0 30.69338888
588.0 32.1501356
590.0 33.63855
592.0 35.15833112
594.0 36.70339288
596.0 38.23156744
598.0 39.6914408
600.0 41.0476
602.0 42.29019696
604.0 43.40465184
606.0 44.40515992
608.0 45.3229876
610.0 46.17855
612.0 46.96444016
614.0 47.67893592
616.0 48.32730408
618.0 48.91556384
620.0 49.4494
622.0 49.93270832
624.0 50.36889968
626.0 50.76571544
628.0 51.1326024
630.0 51.4767
632.0 51.80093424
634.0 52.10883304
636.0 52.40151664
638.0 52.67839984
640.0 52.9397
642.0 53.18854376
644.0 53.42795744
646.0 53.65725552
648.0 53.874348
650.0 54.07875
652.0 54.27230072
654.0 54.45555192
656.0 54.63428872
658.0 54.81687112
660.0 55.0088
662.0 55.209858
664.0 55.42063032
666.0 55.64009704
668.0 55.86575016
670.0 56.0956
672.0 56.32979704
674.0 56.56822424
676.0 56.80798904
678.0 57.04507864
680.0 57.27645
682.0 57.50071536
684.0 57.71563424
686.0 57.92152432
688.0 58.119974
690.0 58.311
692.0 58.49363256
694.0 58.66932632
696.0 58.82821648
698.0 58.95542224
700.0 59.0425
702.0 59.09128896
704.0 59.10016728
706.0 59.08221
708.0 59.05840072
710.0 59.0425
712.0 59.0331368
714.0 59.0319664
716.0 59.036648
718.0 59.0413296
720.0 59.0425
722.0 59.0425
724.0 59.0425
726.0 59.0425
728.0 59.0425
730.0 59.0425
732.0 59.0425
734.0 59.0425
736.0 59.0425
738.0 59.0425
740.0 59.0425
742.0 59.0425
744.0 59.0425
746.0 59.0425
748.0 59.0425
750.0 59.0425
