380.0 20.775116
382.0 20.7750693111
384.0 20.7750026127
386.0 20.7752227175
388.0 20.7751826984
390.0 20.775116
392.0 20.774535168
394.0 20.7741866688
396.0 20.7767423296
398.0 20.7812728192
400.0 20.775116
402.0 20.7521482432
404.0 20.718526368
406.0 20.6872942016
408.0 20.6592483136
410.0 20.629908
412.0 20.6027416576
414.0 20.571990752
416.0 20.5157994048
418.0 20.4425315968
420.0 20.463956
422.0 20.6391017408
424.0 20.9066495552
426.0 21.1284941888
428.0 21.3054322112
430.0 21.584132
432.0 22.0309743552
434.0 22.5814371392
436.0 23.110226592
438.0 23.6091114944
440.0 24.1149
442.0 24.6378479424
444.0 25.1710849088
446.0 25.7167184896
448.0 26.2693386496
450.0 26.770132
452.0 27.1885467776
454.0 27.5554334592
456.0 27.9400604096
458.0 28.3436224832
460.0 28.709696
462.0 29.0124090432
464.0 29.2777331008
466.0 29.556217152
468.0 29.849288384
470.0 30.120288
472.0 30.354612224
474.0 30.565537216
476.0 30.7744541888
478.0 30.9852464192
480.0 31.21972
482.0 31.4903213312
484.0 31.7829444928
486.0 32.0637020864
488.0 32.3322290176
490.0 32.61994
492.0 32.9392814336
494.0 33.278935392
496.0 33.620464608
498.0 33.9597202816
500.0 34.269088
502.0 34.5288526656
504.0 34.7621811776
506.0 35.0293638976
508.0 35.3237627456
510.0 35.513728
512.0 35.5339409536
514.0 35.4498530752
516.0 35.4016772096
518.0 35.3925996352
520.0 35.31666
522.0 35.1297316672
524.0 34.873651136
526.0 34.6210224064
528.0 34.3808400768
530.0 34.17574
532.0 34.0242092288
534.0 33.9043752896
536.0 33.7546699904
538.0 33.579640416
540.0 33.491188
542.0 33.541969312
544.0 33.6790290688
546.0 33.7940338048
548.0 33.880511392
550.0 33.978672
552.0 34.10064672
554.0 34.2375239296
556.0 34.3861007552
558.0 34.5398718784
560.0 34.632108
562.0 34.6380324864
564.0 34.579667168
566.0 34.4920611072
568.0 34.3927388352
570.0 34.43504
572.0 34.7141878592
574.0 35.1258649856
576.0 35.4121487808
578.0 35.591891392
580.0 36.125676
582.0 37.228510016
584.0 38.6879084992
586.0 40.0723132736
588.0 41.3528818816
590.0 42.649664
592.0 43.9941739136
594.0 45.36754288
596.0 46.7881251904
598.0 48.2372014592
600.0 49.495184
602.0 50.4486778112
604.0 51.2138990784
606.0 52.0499154688
608.0 52.9612408768
610.0 53.737332
612.0 54.2823847488
614.0 54.6902449792
616.0 55.1419165376
618.0 55.6437387904
620.0 56.081404
622.0 56.4049606144
624.0 56.661904096
626.0 56.9383137472
628.0 57.2377741312
630.0 57.51274
632.0 57.7424341632
634.0 57.9465717184
636.0 58.1604672512
638.0 58.3846849984
640.0 58.591428
642.0 58.7674532864
644.0 58.9251408768
646.0 59.0893835712
648.0 59.260048608
650.0 59.410816
652.0 59.530550368
654.0 59.6304866624
656.0 59.7310701696
658.0 59.8350556928
660.0 59.95016
662.0 60.0804157248
664.0 60.2215579008
666.0 60.363214528
668.0 60.5036597056
670.0 60.634712
672.0 60.7525877056
674.0 60.861070528
676.0 60.9683419008
678.0 61.0761277248
680.0 61.1948
682.0 61.3282088128
684.0 61.4729023616
686.0 61.6230723264
688.0 61.775300096
690.0 61.900096
692.0 61.981661408
694.0 62.0357949504
696.0 62.0990060672
698.0 62.1716930432
700.0 62.221628
702.0 62.2346718272
704.0 62.2250963968
706.0 62.219636576
708.0 62.22038336
710.0 62.221628
712.0 62.221628
714.0 62.221628
716.0 62.221628
718.0 62.221628
720.0 62.221628
722.0 62.221628
724.0 62.221628
726.0 62.221628
728.0 62.221628
730.0 62.221628
732.0 62.221628
734.0 62.221628
736.0 62.221628
738.0 62.221628
740.0 62.221628
742.0 62.221628
744.0 62.221628
746.0 62.221628
748.0 62.221628
750.0 62.221628
