380.0 12.51895558
382.0 12.7461521374
384.0 12.9609724768
386.0 13.1448153572
388.0 13.3012227161
390.0 13.447766956
392.0 13.5934479411
394.0 13.7146752446
396.0 13.7616518838
398.0 13.7368146088
400.0 13.702208692
402.0 13.6898735999
404.0 13.6883172817
406.0 13.670258365
408.0 13.6412125593
410.0 13.613213108
412.0 13.5933505422
414.0 13.5906323833
416.0 13.6210607898
418.0 13.6900356807
420.0 13.776388352
422.0 13.8728925542
424.0 14.0009928299
426.0 14.1983927823
428.0 14.468209882
430.0 14.809701512
432.0 15.2189513385
434.0 15.6837776427
436.0 16.1830988753
438.0 16.7035779277
440.0 17.212572276
442.0 17.6901523997
444.0 18.1298281997
446.0 18.5290588521
448.0 18.88631661
450.0 19.221255428
452.0 19.5451163446
454.0 19.8573904203
456.0 20.1541780318
458.0 20.4379834446
460.0 20.716813412
462.0 20.9943646281
464.0 21.2672421194
466.0 21.5281518336
468.0 21.7761271761
470.0 22.009060104
472.0 22.2267157394
474.0 22.4282295767
476.0 22.6111224166
478.0 22.77906792
480.0 22.950496528
482.0 23.1361339693
484.0 23.3372897274
486.0 23.5524960635
488.0 23.7830862787
490.0 24.03105858
492.0 24.2958036037
494.0 24.5726988615
496.0 24.8543318857
498.0 25.1360689194
500.0 25.409779848
502.0 25.6684505069
504.0 25.9087475633
506.0 26.1298508652
508.0 26.3254831189
510.0 26.485029776
512.0 26.6008881168
514.0 26.6648934047
516.0 26.6662005193
518.0 26.6036933665
520.0 26.476146224
522.0 26.287813465
524.0 26.0495634351
526.0 25.7767378845
528.0 25.483114258
530.0 25.20847936
532.0 24.977927224
534.0 24.7941643082
536.0 24.6492116624
538.0 24.5490973286
540.0 24.502687156
542.0 24.5127188631
544.0 24.5789853111
546.0 24.7017440749
548.0 24.8734106821
550.0 25.072384944
552.0 25.2834572752
554.0 25.4910434765
556.0 25.6723987576
558.0 25.8174849929
560.0 25.947464836
562.0 26.0686691864
564.0 26.1551611293
566.0 26.1643979105
568.0 26.103602226
570.0 25.939211536
572.0 25.675751154
574.0 25.4005115822
576.0 25.2592684675
578.0 25.3007031948
580.0 25.627066728
582.0 26.290104237
584.0 27.276098685
586.0 28.5350508326
588.0 30.0283994692
590.0 31.634288656
592.0 33.2683692589
594.0 34.8614094202
596.0 36.324663976
598.0 37.628022615
600.0 38.802394752
602.0 39.8629998484
604.0 40.8245117394
606.0 41.7243902989
608.0 42.5730880583
610.0 43.376113508
612.0 44.1389044544
614.0 44.8611970319
616.0 45.5349821982
618.0 46.1620043308
620.0 46.740808848
622.0 47.2722570543
624.0 47.762592502
626.0 48.2220256898
628.0 48.6548999223
630.0 49.06826946
632.0 49.4670601765
634.0 49.8528764253
636.0 50.2252929003
638.0 50.5855476646
640.0 50.932044672
642.0 51.2630192649
644.0 51.5811518911
646.0 51.8937196682
648.0 52.200764533
650.0 52.47082994
652.0 52.6896658554
654.0 52.88319991
656.0 53.1034867575
658.0 53.3532111193
660.0 53.603212712
662.0 53.8406147228
664.0 54.0686747264
666.0 54.2909363154
668.0 54.5070857647
670.0 54.727372196
672.0 54.9569582817
674.0 55.1908121539
676.0 55.418028364
678.0 55.6379727386
680.0 55.855593304
682.0 56.0725287315
684.0 56.286823295
686.0 56.4959150423
688.0 56.6986288474
690.0 56.891857644
692.0 57.073282729
694.0 57.2426710332
696.0 57.4013335929
698.0 57.5487514805
700.0 57.677421744
702.0 57.7836945401
704.0 57.874483097
706.0 57.9642106537
708.0 58.0529574022
710.0 58.129012308
712.0 58.1867597017
714.0 58.2276011838
716.0 58.2542021559
718.0 58.2660561116
720.0 58.265766988
722.0 58.2545441487
724.0 58.2299063295
726.0 58.1871700098
728.0 58.1279313158
730.0 58.04680944
732.0 57.942595211
734.0 57.8311493865
736.0 57.7425647988
738.0 57.6794698909
740.0 57.624310508
742.0 57.5690002007
744.0 57.5141504616
746.0 57.4595728473
748.0 57.4049137444
750.0 57.35283196
752.0 57.3048021157
754.0 57.2632759279
756.0 57.2331500744
758.0 57.2154693249
760.0 57.19952066
762.0 57.17974272
764.0 57.1665591607
766.0 57.1818580938
768.0 57.2246541014
770.0 57.266737536
772.0 57.2948034
774.0 57.3151091491
776.0 57.3408593516
778.0 57.3767340019
780.0 57.415767124
