380.0 10.144876328
382.0 10.3302633982
384.0 10.5299161409
386.0 10.7700479902
388.0 11.0290924155
390.0 11.238663668
392.0 11.3632432239
394.0 11.4310665664
396.0 11.5096267939
398.0 11.6002714213
400.0 11.66431386
402.0 11.6865572818
404.0 11.682378491
406.0 11.6766632618
408.0 11.6734760354
410.0 11.68352154
412.0 11.714633932
414.0 11.7602362936
416.0 11.801061001
418.0 11.8403966329
420.0 11.902419064
422.0 12.0012176556
424.0 12.1347600592
426.0 12.2940376008
428.0 12.4824667823
430.0 12.726118412
432.0 13.0354714958
434.0 13.3977372401
436.0 13.7886422916
438.0 14.1996142947
440.0 14.618214948
442.0 15.0346725844
444.0 15.4352069581
446.0 15.8002938625
448.0 16.1271470315
450.0 16.437282284
452.0 16.7418138399
454.0 17.0384511994
456.0 17.3218469764
458.0 17.5935384896
460.0 17.862051964
462.0 18.1310310806
464.0 18.3948129512
466.0 18.6421996103
468.0 18.8720649116
470.0 19.085060972
472.0 19.2827339936
474.0 19.4644520918
476.0 19.6276081921
478.0 19.7773133622
480.0 19.93592118
482.0 20.1160012632
484.0 20.3207799099
486.0 20.5523660434
488.0 20.8110004958
490.0 21.08753164
492.0 21.3755265359
494.0 21.6704686576
496.0 21.9662562213
498.0 22.2581669549
500.0 22.543123644
502.0 22.8172635441
504.0 23.0759986928
506.0 23.3148380783
508.0 23.529555499
510.0 23.713361552
512.0 23.861548323
514.0 23.9716119789
516.0 24.0420307911
518.0 24.0724463125
520.0 24.0598701
522.0 24.0062368793
524.0 23.9165446167
526.0 23.7960340318
528.0 23.6540851949
530.0 23.524295956
532.0 23.4268276082
534.0 23.3631217041
536.0 23.3270968199
538.0 23.3230961322
540.0 23.350856608
542.0 23.4096530612
544.0 23.5039783922
546.0 23.6427491903
548.0 23.8214555243
550.0 24.028767664
552.0 24.2558604168
554.0 24.4857623568
556.0 24.6896752653
558.0 24.8594635055
560.0 25.017883152
562.0 25.1721187576
564.0 25.3023727583
566.0 25.3779868639
568.0 25.4045911974
570.0 25.33778106
572.0 25.1739824307
574.0 24.9933790023
576.0 24.9319339221
578.0 25.0315166992
580.0 25.383929512
582.0 26.0354171389
584.0 26.9674389665
586.0 28.1232532354
588.0 29.4696397506
590.0 30.904396816
592.0 32.357302674
594.0 33.7765239115
596.0 35.0999203224
598.0 36.303628189
600.0 37.416290532
602.0 38.4514262447
604.0 39.4137978875
606.0 40.3195367261
608.0 41.1743773417
610.0 41.987468272
612.0 42.7647125014
614.0 43.500765957
616.0 44.1807305541
618.0 44.8062949678
620.0 45.384076372
622.0 45.9185342457
624.0 46.4168403204
626.0 46.8916709447
628.0 47.3470241652
630.0 47.775562584
632.0 48.1752269138
634.0 48.5544411629
636.0 48.9270813433
638.0 49.2948203481
640.0 49.652192936
642.0 49.9960673748
644.0 50.327502856
646.0 50.6492786988
648.0 50.9614162559
650.0 51.241168272
652.0 51.4787505469
654.0 51.6960157222
656.0 51.9361844553
658.0 52.2024182342
660.0 52.473691084
662.0 52.7405950989
664.0 53.0055880457
666.0 53.2713230652
668.0 53.5369645913
670.0 53.801632048
672.0 54.0646595849
674.0 54.3278337245
676.0 54.5953722171
678.0 54.8667980721
680.0 55.13284432
682.0 55.3884138349
684.0 55.6378282328
686.0 55.8911096969
688.0 56.146967183
690.0 56.393078212
692.0 56.6230191276
694.0 56.8385427266
696.0 57.0442757709
698.0 57.2392955556
700.0 57.4219596
702.0 57.5918537225
704.0 57.7475530333
706.0 57.8855930912
708.0 58.0064093344
710.0 58.121399264
712.0 58.2361098179
714.0 58.3450145143
716.0 58.4363759243
718.0 58.5092298222
720.0 58.571049052
722.0 58.6246470106
724.0 58.6643943592
726.0 58.680647898
728.0 58.6742604481
730.0 58.642037436
732.0 58.5839737878
734.0 58.5138917182
736.0 58.4575726396
738.0 58.4177462834
740.0 58.389026272
742.0 58.3698284039
744.0 58.3513478627
746.0 58.3128003858
748.0 58.2543219638
750.0 58.20657332
752.0 58.1854712345
754.0 58.1802224799
756.0 58.1667457473
758.0 58.1472981954
760.0 58.145979092
762.0 58.1736363265
764.0 58.2265497874
766.0 58.297887431
768.0 58.3854512586
770.0 58.47332998
772.0 58.5529191307
774.0 58.6259459808
776.0 58.6987148999
778.0 58.7735183131
780.0 58.848349928
