380.0 17.9322
382.0 17.93123392
384.0 17.93029008
386.0 17.92968984
388.0 17.9302416
390.0 17.9322
392.0 17.93534736
394.0 17.94024264
396.0 17.94398592
398.0 17.942128
400.0 17.9322
402.0 17.9162324
404.0 17.89651952
406.0 17.87321184
408.0 17.84622576
410.0 17.81725
412.0 17.78929416
414.0 17.76428104
416.0 17.75297832
418.0 17.770434
420.0 17.8277
422.0 17.92482648
424.0 18.06079352
426.0 18.24575016
428.0 18.4932396
430.0 18.81
432.0 19.19337288
434.0 19.64354216
436.0 20.14236664
438.0 20.66192392
440.0 21.18215
442.0 21.70229248
444.0 22.21974304
446.0 22.7248208
448.0 23.20690856
450.0 23.6588
452.0 24.07735176
454.0 24.4582668
456.0 24.80783184
458.0 25.13791808
460.0 25.4562
462.0 25.76115608
464.0 26.05380624
466.0 26.3324952
468.0 26.59354456
470.0 26.8356
472.0 27.06116952
474.0 27.2714068
476.0 27.47253168
478.0 27.67348936
480.0 27.8806
482.0 28.09346232
484.0 28.31137408
486.0 28.53864904
488.0 28.7808884
490.0 29.04055
492.0 29.31507568
494.0 29.60220824
496.0 29.8952764
498.0 30.18466616
500.0 30.46175
502.0 30.72427072
504.0 30.9716264
506.0 31.18671248
508.0 31.34578656
510.0 31.4336
512.0 31.45220936
514.0 31.40281848
516.0 31.2873836
518.0 31.11083712
520.0 30.87975
522.0 30.5975164
524.0 30.2659588
526.0 29.9094048
528.0 29.5623812
530.0 29.24955
532.0 28.97234912
534.0 28.7330692
536.0 28.54277888
538.0 28.41334936
540.0 28.35085
542.0 28.35482936
544.0 28.42624048
546.0 28.5479788
548.0 28.69329232
550.0 28.842
552.0 28.99746256
554.0 29.1671204
556.0 29.31905504
558.0 29.40695208
560.0 29.4063
562.0 29.32878608
564.0 29.17885784
566.0 28.9976632
568.0 28.84832016
570.0 28.7793
572.0 28.7896664
574.0 28.8730156
576.0 29.0942212
578.0 29.5437384
580.0 30.27365
582.0 31.27395744
584.0 32.5493256
586.0 34.03110216
588.0 35.60851712
590.0 37.202
592.0 38.81220288
594.0 40.43201976
596.0 42.01639024
598.0 43.51206112
600.0 44.88275
602.0 46.11738824
604.0 47.19992464
606.0 48.15045664
608.0 49.00969744
610.0 49.8047
612.0 50.52782328
614.0 51.17786344
616.0 51.7628628
618.0 52.29185016
620.0 52.7725
622.0 53.2095608
624.0 53.607664
626.0 53.9723272
628.0 54.3089844
630.0 54.62215
632.0 54.91536864
634.0 55.1922184
636.0 55.45360216
638.0 55.69893472
640.0 55.9284
642.0 56.1445896
644.0 56.34979416
646.0 56.54429792
648.0 56.72768288
650.0 56.90025
652.0 57.06348736
654.0 57.21836472
656.0 57.36764088
658.0 57.51499424
660.0 57.6631
662.0 57.81239288
664.0 57.96337448
666.0 58.11711488
668.0 58.27461728
670.0 58.4364
672.0 58.60212864
674.0 58.77111768
676.0 58.94303272
678.0 59.11745576
680.0 59.2933
682.0 59.46962912
684.0 59.64635952
686.0 59.81723792
688.0 59.97323552
690.0 60.1084
692.0 60.22313264
694.0 60.31716592
696.0 60.390968
698.0 60.44621088
700.0 60.4846
702.0 60.50606848
704.0 60.5101816
706.0 60.50275792
708.0 60.49232464
710.0 60.4846
712.0 60.47978464
714.0 60.47918272
716.0 60.4815904
718.0 60.48399808
720.0 60.4846
722.0 60.4846
724.0 60.4846
726.0 60.4846
728.0 60.4846
730.0 60.4846
732.0 60.4846
734.0 60.4846
736.0 60.4846
738.0 60.4846
740.0 60.4846
742.0 60.4846
744.0 60.4846
746.0 60.4846
748.0 60.4846
750.0 60.4846
