380.0 11.336596
382.0 11.3366893778
384.0 11.3368227746
386.0 11.3363825651
388.0 11.3364626032
390.0 11.336596
392.0 11.337757664
394.0 11.3384546624
396.0 11.3333267456
398.0 11.3241330048
400.0 11.336596
402.0 11.3828800128
404.0 11.4501237632
406.0 11.5116089792
408.0 11.5653442368
410.0 11.61664
412.0 11.6688982848
414.0 11.7192149312
416.0 11.7609850496
418.0 11.7972289664
420.0 11.865568
422.0 11.9869121024
424.0 12.1391564672
426.0 12.2709555456
428.0 12.384168
430.0 12.55012
432.0 12.803030848
434.0 13.1087476224
436.0 13.3967075328
438.0 13.6647863936
440.0 13.960712
442.0 14.3039505216
444.0 14.6765957376
446.0 15.048859264
448.0 15.4166254912
450.0 15.76544
452.0 16.0855780032
454.0 16.3880255232
456.0 16.7017245888
458.0 17.0256462976
460.0 17.32124
462.0 17.5701348096
464.0 17.7898718528
466.0 18.0164793088
468.0 18.2512847936
470.0 18.472532
472.0 18.6713922816
474.0 18.8566942848
476.0 19.043157952
478.0 19.2323764224
480.0 19.426756
482.0 19.6279230144
484.0 19.833255424
486.0 20.0359160064
488.0 20.235274144
490.0 20.43284
492.0 20.627252768
494.0 20.8207362048
496.0 21.0216874816
498.0 21.2271858432
500.0 21.397436
502.0 21.5093872192
504.0 21.5877165632
506.0 21.6909387072
508.0 21.8155686592
510.0 21.864176
512.0 21.7894312192
514.0 21.6395931584
516.0 21.515759776
518.0 21.4207190656
520.0 21.283344
522.0 21.0755389056
524.0 20.8219808448
526.0 20.5615191808
528.0 20.3021196096
530.0 20.090564
532.0 19.9546990976
534.0 19.8650186368
536.0 19.748619904
538.0 19.6070960384
540.0 19.530476
542.0 19.5602145984
544.0 19.6549234048
546.0 19.7323732032
548.0 19.787784576
550.0 19.852008
552.0 19.933988288
554.0 20.0281328576
556.0 20.1351055168
558.0 20.2491975168
560.0 20.308376
562.0 20.2886940928
564.0 20.2111447232
566.0 20.1108267392
568.0 20.0023439168
570.0 20.007588
572.0 20.2053861888
574.0 20.5091447296
576.0 20.7006367424
578.0 20.799344992
580.0 21.231484
582.0 22.202054272
584.0 23.5058893504
586.0 24.7148828608
588.0 25.8103154176
590.0 27.01906
592.0 28.4272954816
594.0 29.9591652032
596.0 31.506485056
598.0 33.0465859968
600.0 34.445412
602.0 35.6248162688
604.0 36.668422016
606.0 37.7802838208
608.0 38.958144736
610.0 39.973688
612.0 40.719310336
614.0 41.302216736
616.0 41.9391239168
618.0 42.6369022912
620.0 43.25124
622.0 43.7182455232
624.0 44.099088768
626.0 44.5067996416
628.0 44.9454937536
630.0 45.346384
632.0 45.6793334976
634.0 45.973018752
636.0 46.2794159296
638.0 46.60015136
640.0 46.902184
642.0 47.169947552
644.0 47.4180126016
646.0 47.6749892736
648.0 47.94021376
650.0 48.17794
652.0 48.372767648
654.0 48.5400970496
656.0 48.708654496
658.0 48.8821241216
660.0 49.069932
662.0 49.2779196416
664.0 49.499581728
666.0 49.7178583936
668.0 49.931720736
670.0 50.14862
672.0 50.370912704
674.0 50.5960431872
676.0 50.8212898368
678.0 51.0454577984
680.0 51.258424
682.0 51.4544465024
684.0 51.6403957184
686.0 51.8323523968
688.0 52.030017824
690.0 52.212648
692.0 52.36781312
694.0 52.5089055104
696.0 52.6677547648
698.0 52.8409090816
700.0 52.959432
702.0 52.9910956416
704.0 52.9677959808
706.0 52.9546525824
708.0 52.956444864
710.0 52.959432
712.0 52.959432
714.0 52.959432
716.0 52.959432
718.0 52.959432
720.0 52.959432
722.0 52.959432
724.0 52.959432
726.0 52.959432
728.0 52.959432
730.0 52.959432
732.0 52.959432
734.0 52.959432
736.0 52.959432
738.0 52.959432
740.0 52.959432
742.0 52.959432
744.0 52.959432
746.0 52.959432
748.0 52.959432
750.0 52.959432
