380.0 13.3133
382.0 13.31798288
384.0 13.3232696
386.0 13.32822512
388.0 13.32581744
390.0 13.3133
392.0 13.29673696
394.0 13.27854432
396.0 13.26771488
398.0 13.27678224
400.0 13.3133
402.0 13.37795624
404.0 13.47479848
406.0 13.59187192
408.0 13.70919616
410.0 13.8149
412.0 13.91241104
414.0 14.00109392
416.0 14.091198
418.0 14.19961048
420.0 14.3374
422.0 14.50174088
424.0 14.6908608
426.0 14.90765232
428.0 15.15537584
430.0 15.43465
432.0 15.74443816
434.0 16.08565992
436.0 16.44443768
438.0 16.79987144
440.0 17.138
442.0 17.45899056
444.0 17.76038528
446.0 18.044224
448.0 18.31627512
450.0 18.5801
452.0 18.83319064
454.0 19.0740924
456.0 19.30420976
458.0 19.52571632
460.0 19.74005
462.0 19.94777928
464.0 20.15040896
466.0 20.34576544
468.0 20.53000312
470.0 20.70145
472.0 20.86157744
474.0 21.01038544
476.0 21.15442824
478.0 21.30357064
480.0 21.4643
482.0 21.63564656
484.0 21.81720904
486.0 22.00955592
488.0 22.2126872
490.0 22.4257
492.0 22.64724
494.0 22.87590272
496.0 23.10632104
498.0 23.33105456
500.0 23.54385
502.0 23.74320256
504.0 23.92844344
506.0 24.09010912
508.0 24.2154088
510.0 24.29625
512.0 24.33383656
514.0 24.32903792
516.0 24.28369328
518.0 24.20156464
520.0 24.08725
522.0 23.94305672
524.0 23.77030568
526.0 23.58417864
528.0 23.4060772
530.0 23.25125
532.0 23.12048288
534.0 23.01494624
536.0 22.941512
538.0 22.90762056
540.0 22.91685
542.0 22.96829744
544.0 23.061896
546.0 23.18617576
548.0 23.32349712
550.0 23.46025
552.0 23.5984408
554.0 23.74345336
556.0 23.87124432
558.0 23.94678528
560.0 23.9514
562.0 23.89491984
564.0 23.78287912
566.0 23.6419964
568.0 23.51290128
570.0 23.4289
572.0 23.39231664
574.0 23.3999744
576.0 23.50870456
578.0 23.79834512
580.0 24.31715
582.0 25.05771224
584.0 26.02247296
586.0 27.17165528
588.0 28.4383792
590.0 29.77205
592.0 31.17171464
594.0 32.63399568
596.0 34.10915112
598.0 35.53172216
600.0 36.85715
602.0 38.07782704
604.0 39.17915672
606.0 40.1750668
608.0 41.09757608
610.0 41.9672
612.0 42.77501008
614.0 43.5181472
616.0 44.20092512
618.0 44.82835984
620.0 45.40525
622.0 45.934856
624.0 46.42000352
626.0 46.86769824
628.0 47.28663456
630.0 47.68335
632.0 48.06033584
634.0 48.42065184
636.0 48.76541824
638.0 49.09430064
640.0 49.4076
642.0 49.70787448
644.0 49.99743144
646.0 50.2761204
648.0 50.54285456
650.0 50.79745
652.0 51.04142824
654.0 51.2758092
656.0 51.50291696
658.0 51.72584472
660.0 51.94695
662.0 52.16660064
664.0 52.38498056
666.0 52.60419648
668.0 52.8269236
670.0 53.05465
672.0 53.28692424
674.0 53.52346208
676.0 53.76234072
678.0 54.00055056
680.0 54.2355
682.0 54.46621928
684.0 54.69155472
686.0 54.90836296
688.0 55.1127148
690.0 55.3014
692.0 55.4741176
694.0 55.63167016
696.0 55.76823912
698.0 55.87554808
700.0 55.9493
702.0 55.9905984
704.0 55.99822272
706.0 55.98327504
708.0 55.96314416
710.0 55.9493
712.0 55.94100688
714.0 55.93997024
716.0 55.9441168
718.0 55.94826336
720.0 55.9493
722.0 55.9493
724.0 55.9493
726.0 55.9493
728.0 55.9493
730.0 55.9493
732.0 55.9493
734.0 55.9493
736.0 55.9493
738.0 55.9493
740.0 55.9493
742.0 55.9493
744.0 55.9493
746.0 55.9493
748.0 55.9493
750.0 55.9493
