380.0 10.68890178
382.0 10.7837851257
384.0 10.94250852
386.0 11.1973944422
388.0 11.42799114
390.0 11.5315671209
392.0 11.62927173
394.0 11.8443943938
396.0 12.09720558
398.0 12.3106701496
400.0 12.4726332
402.0 12.5694257909
404.0 12.62715042
406.0 12.6768100421
408.0 12.72744054
410.0 12.788503908
412.0 12.84459909
414.0 12.8807043993
416.0 12.904639095
418.0 12.9222236641
420.0 12.97596474
422.0 13.108916417
424.0 13.2594264
426.0 13.3668773252
428.0 13.4723328
430.0 13.6154652289
432.0 13.821477285
434.0 14.1152809884
436.0 14.459616195
438.0 14.8131318489
440.0 15.1785855
442.0 15.556572954
444.0 15.94752978
446.0 16.3531621823
448.0 16.746559095
450.0 17.1028236617
452.0 17.41844487
454.0 17.6921147616
456.0 17.947699365
458.0 18.2112217635
460.0 18.47241159
462.0 18.7207710592
464.0 18.963807165
466.0 19.2067271971
468.0 19.45758393
470.0 19.7233613226
472.0 19.98710856
474.0 20.2315737784
476.0 20.45280129
478.0 20.6486028919
480.0 20.82486723
482.0 20.9901026971
484.0 21.155422425
486.0 21.3325240956
488.0 21.527528385
490.0 21.7457146111
492.0 21.989919465
494.0 22.2589683754
496.0 22.56493683
498.0 22.9192363131
500.0 23.273380875
502.0 23.5779677798
504.0 23.874641355
506.0 24.2047808735
508.0 24.536091915
510.0 24.8370743232
512.0 25.10412579
514.0 25.3309751736
516.0 25.518923085
518.0 25.6712654681
520.0 25.75911312
522.0 25.757120679
524.0 25.67617167
526.0 25.5312195427
528.0 25.345896615
530.0 25.1469641125
532.0 24.946096815
534.0 24.7533436897
536.0 24.58514643
538.0 24.4559534674
540.0 24.359803815
542.0 24.2895099356
544.0 24.26116452
546.0 24.2889681023
548.0 24.375131475
550.0 24.5183532845
552.0 24.71265015
554.0 24.948993966
556.0 25.195781595
558.0 25.4200324925
560.0 25.62514617
562.0 25.8153620116
564.0 25.967047035
566.0 26.0600927924
568.0 26.08539618
570.0 26.0405481813
572.0 25.931729385
574.0 25.776919636
576.0 25.617272235
578.0 25.5027974481
580.0 25.514680965
582.0 25.7258578288
584.0 26.213990445
586.0 27.0382405672
588.0 28.10332464
590.0 29.2979997259
592.0 30.57954213
594.0 31.8996013219
596.0 33.23202771
598.0 34.5574925331
600.0 35.82144177
602.0 36.9784601463
604.0 38.01321711
606.0 38.9186268933
608.0 39.73555785
610.0 40.5097463914
612.0 41.24599269
614.0 41.9495791121
616.0 42.614006355
618.0 43.2271296775
620.0 43.826252175
622.0 44.4481102143
624.0 45.03266508
626.0 45.5201759402
628.0 45.955396215
630.0 46.3837612671
632.0 46.79190426
634.0 47.1705465334
636.0 47.522579415
638.0 47.8456383247
640.0 48.183389655
642.0 48.5790086938
644.0 48.95300427
646.0 49.2258707132
648.0 49.44819174
650.0 49.673487652
652.0 49.886900985
654.0 50.0751004283
656.0 50.277676275
658.0 50.5307468095
660.0 50.788591605
662.0 51.0054493938
664.0 51.199897155
666.0 51.3906234471
668.0 51.58545984
670.0 51.794062644
672.0 52.013143575
674.0 52.238177481
676.0 52.46880129
678.0 52.7035164796
680.0 52.947070305
682.0 53.2038204519
684.0 53.465089185
686.0 53.7218931087
688.0 53.972973
690.0 54.217105005
692.0 54.4530129
694.0 54.6797210803
696.0 54.89699478
698.0 55.1049790717
700.0 55.29729483
702.0 55.468247881
704.0 55.62295758
706.0 55.7662861225
708.0 55.903847955
710.0 56.0413668363
712.0 56.16520857
714.0 56.2617046455
716.0 56.340005925
718.0 56.4087528985
720.0 56.471211495
722.0 56.5314144721
724.0 56.573942835
726.0 56.5828581107
728.0 56.575123425
730.0 56.5680276914
732.0 56.55052113
734.0 56.5128857983
736.0 56.458345065
738.0 56.3897077166
740.0 56.320656255
742.0 56.2646093784
744.0 56.21383287
746.0 56.1604563122
748.0 56.099485725
750.0 56.0255836753
752.0 55.953612825
754.0 55.8989436291
756.0 55.85357283
758.0 55.8099806151
760.0 55.7692707
762.0 55.7317666839
764.0 55.709710935
766.0 55.7153389429
768.0 55.73771493
770.0 55.7639840346
772.0 55.80212712
774.0 55.8590369367
776.0 55.912372215
778.0 55.9393645187
780.0 55.949290665
