380.0 14.095548
382.0 14.0957747746
384.0 14.0960987383
386.0 14.0950296581
388.0 14.0952240363
390.0 14.095548
392.0 14.098369184
394.0 14.1000618944
396.0 14.0876320896
398.0 14.0654940928
400.0 14.095548
402.0 14.2072171008
404.0 14.3703811072
406.0 14.522127616
408.0 14.6577104
410.0 14.790472
412.0 14.928046208
414.0 15.0625337088
416.0 15.1775384448
418.0 15.278868736
420.0 15.443908
422.0 15.713497024
424.0 16.0459652608
426.0 16.3473672832
428.0 16.6182341376
430.0 16.95822
432.0 17.4120655296
434.0 17.9356938752
436.0 18.4441210176
438.0 18.9312399232
440.0 19.416384
442.0 19.9036356672
444.0 20.3920324032
446.0 20.8910998528
448.0 21.3974857856
450.0 21.864176
452.0 22.2670742656
454.0 22.6309406208
456.0 23.0104396544
458.0 23.406367936
460.0 23.772624
462.0 24.088098752
464.0 24.37337024
466.0 24.6684163008
468.0 24.9744649792
470.0 25.266192
472.0 25.5336402432
474.0 25.785040928
476.0 26.0328736448
478.0 26.2796940544
480.0 26.541948
482.0 26.8285802944
484.0 27.1301482688
486.0 27.424480736
488.0 27.7110134592
490.0 28.0044
492.0 28.3096023232
494.0 28.6232847936
496.0 28.9424768704
498.0 29.2642577984
500.0 29.5602
502.0 29.8123142784
504.0 30.0396519232
506.0 30.289890944
508.0 30.5587829696
510.0 30.75298
512.0 30.8262146176
514.0 30.826081856
516.0 30.8541775296
518.0 30.912459872
520.0 30.918932
522.0 30.839109088
524.0 30.7052853952
526.0 30.5742662912
528.0 30.452855808
530.0 30.358844
532.0 30.305822336
534.0 30.2771790208
536.0 30.227410016
538.0 30.1587722688
540.0 30.141032
542.0 30.2073962048
544.0 30.3255540288
546.0 30.4290085056
548.0 30.51483888
550.0 30.618144
552.0 30.751486432
554.0 30.9034652736
556.0 31.0593771776
558.0 31.214575488
560.0 31.333812
562.0 31.405420288
564.0 31.4398387328
566.0 31.4511566592
568.0 31.4518536576
570.0 31.561996
572.0 31.8556978496
574.0 32.2512112512
576.0 32.5477176896
578.0 32.7603519872
580.0 33.252632
582.0 34.1947580992
584.0 35.419052384
586.0 36.5839690432
588.0 37.667204128
590.0 38.770536
592.0 39.922159904
594.0 41.1025432896
596.0 42.3165485504
598.0 43.5488085312
600.0 44.630716
602.0 45.4743495872
604.0 46.17075056
606.0 46.9244049728
608.0 47.7382003904
610.0 48.43724
612.0 48.9416013184
614.0 49.3298792128
616.0 49.7546831424
618.0 50.2214563328
620.0 50.636104
622.0 50.9575364288
624.0 51.2240553408
626.0 51.5047299584
628.0 51.8023482752
630.0 52.077812
632.0 52.3143931712
634.0 52.5285542272
636.0 52.7493035776
638.0 52.9778360768
640.0 53.197988
642.0 53.4024242688
644.0 53.5974842496
646.0 53.794917344
648.0 53.9945907904
650.0 54.183328
652.0 54.3554534144
654.0 54.5171072576
656.0 54.6797900032
658.0 54.8447960768
660.0 55.013088
662.0 55.1849147008
664.0 55.3600604416
666.0 55.5379443904
668.0 55.71713936
670.0 55.884336
672.0 56.033775776
674.0 56.1702547008
676.0 56.3030163008
678.0 56.434217952
680.0 56.57926
682.0 56.745046048
684.0 56.9248052544
686.0 57.104664032
688.0 57.2819339584
690.0 57.440136
692.0 57.5684500864
694.0 57.679687712
696.0 57.806226112
698.0 57.9459079104
700.0 58.041712
702.0 58.0672188224
704.0 58.0484496512
706.0 58.0378619136
708.0 58.039305696
710.0 58.041712
712.0 58.041712
714.0 58.041712
716.0 58.041712
718.0 58.041712
720.0 58.041712
722.0 58.041712
724.0 58.041712
726.0 58.041712
728.0 58.041712
730.0 58.041712
732.0 58.041712
734.0 58.041712
736.0 58.041712
738.0 58.041712
740.0 58.041712
742.0 58.041712
744.0 58.041712
746.0 58.041712
748.0 58.041712
750.0 58.041712
