380.0 13.92985
382.0 13.93362952
384.0 13.93786168
386.0 13.94176144
388.0 13.9398052
390.0 13.92985
392.0 13.91681872
394.0 13.90295704
396.0 13.89495136
398.0 13.90199368
400.0 13.92985
402.0 13.9799264
404.0 14.05638696
406.0 14.15040352
408.0 14.24684448
410.0 14.3374
412.0 14.42611632
414.0 14.51364552
416.0 14.61129032
418.0 14.73660672
420.0 14.9017
422.0 15.1045972
424.0 15.34329192
426.0 15.62537504
428.0 15.96087856
430.0 16.35425
432.0 16.80321544
434.0 17.30841024
436.0 17.85130864
438.0 18.40365384
440.0 18.94585
442.0 19.47749584
444.0 19.99531424
446.0 20.49616184
448.0 20.97920264
450.0 21.4434
452.0 21.88540992
454.0 22.30259064
456.0 22.69661416
458.0 23.07115888
460.0 23.4289
462.0 23.76935264
464.0 24.09248336
466.0 24.40081688
468.0 24.6977808
470.0 24.98595
472.0 25.26622736
474.0 25.53995048
476.0 25.8074872
478.0 26.06858672
480.0 26.32355
482.0 26.57266128
484.0 26.8147836
486.0 27.05498312
488.0 27.30095104
490.0 27.55665
492.0 27.81938808
494.0 28.08744312
496.0 28.35474576
498.0 28.6122672
500.0 28.85245
502.0 29.07402344
504.0 29.27668656
506.0 29.44816688
508.0 29.5715772
510.0 29.6362
512.0 29.64404168
514.0 29.59689128
516.0 29.49581888
518.0 29.34358328
520.0 29.14505
522.0 28.90381384
524.0 28.62169728
526.0 28.32051992
528.0 28.03129736
530.0 27.7761
532.0 27.5560648
534.0 27.37316472
536.0 27.23682984
538.0 27.15700856
540.0 27.13865
542.0 27.18101848
544.0 27.28431464
546.0 27.4339252
548.0 27.60719456
550.0 27.78655
552.0 27.9745664
554.0 28.178216
556.0 28.3657308
558.0 28.4907964
560.0 28.5285
562.0 28.4897096
564.0 28.3779364
566.0 28.2324724
568.0 28.1140112
570.0 28.0687
572.0 28.0952848
574.0 28.188248
576.0 28.4055244
578.0 28.8274536
580.0 29.50035
582.0 30.41587032
584.0 31.5787296
586.0 32.92734808
588.0 34.36224176
590.0 35.81215
592.0 37.2778252
594.0 38.75267968
596.0 40.19810696
598.0 41.56904664
600.0 42.83455
602.0 43.98435096
604.0 45.00418736
606.0 45.91041136
608.0 46.73679736
610.0 47.5057
612.0 48.21051488
614.0 48.85028896
616.0 49.43112504
618.0 49.95971112
620.0 50.44215
622.0 50.88268856
624.0 51.28512224
626.0 51.65620592
628.0 52.0037144
630.0 52.3336
632.0 52.64867168
634.0 52.95200592
636.0 53.24463936
638.0 53.526154
640.0 53.7966
642.0 54.05863584
644.0 54.31522096
646.0 54.56369688
648.0 54.7991312
650.0 55.01925
652.0 55.22587576
654.0 55.41900848
656.0 55.6059548
658.0 55.79774992
660.0 56.00155
662.0 56.21668624
664.0 56.443794
666.0 56.68110096
668.0 56.92476152
670.0 57.17195
672.0 57.42295064
674.0 57.67744576
676.0 57.93311128
678.0 58.1869376
680.0 58.4364
682.0 58.67982648
684.0 58.91499328
686.0 59.14113128
688.0 59.35815688
690.0 59.565
692.0 59.76082464
694.0 59.94703528
696.0 60.11393432
698.0 60.24705896
700.0 60.3383
702.0 60.38942976
704.0 60.39875952
706.0 60.37999968
708.0 60.35505344
710.0 60.3383
712.0 60.32840176
714.0 60.32716448
716.0 60.3321136
718.0 60.33706272
720.0 60.3383
722.0 60.3383
724.0 60.3383
726.0 60.3383
728.0 60.3383
730.0 60.3383
732.0 60.3383
734.0 60.3383
736.0 60.3383
738.0 60.3383
740.0 60.3383
742.0 60.3383
744.0 60.3383
746.0 60.3383
748.0 60.3383
750.0 60.3383
