380.0 9.562317
382.0 9.56687591212
384.0 9.57197620683
386.0 9.57666693384
388.0 9.57430556424
390.0 9.562317
392.0 9.54634370302
394.0 9.5285348837
396.0 9.51777816099
398.0 9.52653553428
400.0 9.562317
402.0 9.6254344416
404.0 9.7192332896
406.0 9.8328742016
408.0 9.9482369456
410.0 10.054269
412.0 10.1539384752
414.0 10.2470157936
416.0 10.34001112
418.0 10.4440753664
420.0 10.566719
422.0 10.7062037904
424.0 10.86148024
426.0 11.0360248096
428.0 11.2342650672
430.0 11.458382
432.0 11.7074900944
434.0 11.9814745616
436.0 12.2743991808
438.0 12.57716284
440.0 12.882993
442.0 13.1914960992
444.0 13.5020653968
446.0 13.8093550144
448.0 14.106641608
450.0 14.389596
452.0 14.6573490752
454.0 14.9079658224
456.0 15.1456278336
458.0 15.3777963808
460.0 15.609227
462.0 15.8390997712
464.0 16.0682018176
466.0 16.294598128
468.0 16.5145990624
470.0 16.726368
472.0 16.9314791872
474.0 17.13058856
476.0 17.3270741888
478.0 17.5259375856
480.0 17.73077
482.0 17.9415386352
484.0 18.1582270928
486.0 18.3831967424
488.0 18.619399296
490.0 18.868409
492.0 19.1295371216
494.0 19.4021933184
496.0 19.6841146112
498.0 19.971857336
500.0 20.262273
502.0 20.5543613008
504.0 20.8474990992
506.0 21.1356353856
508.0 21.410488968
510.0 21.666386
512.0 21.9032936848
514.0 22.1210152416
516.0 22.3184027824
518.0 22.4947183792
520.0 22.65029
522.0 22.7857735808
524.0 22.9013659024
526.0 23.003593528
528.0 23.1020495216
530.0 23.203736
532.0 23.3089645328
534.0 23.41814508
536.0 23.5360167792
538.0 23.6684010624
540.0 23.818676
542.0 23.9870383728
544.0 24.1747344592
546.0 24.3757952416
548.0 24.580463672
550.0 24.782082
552.0 24.9830279936
554.0 25.1864501456
556.0 25.3854447296
558.0 25.5698447376
560.0 25.735239
562.0 25.8858091088
564.0 26.0235064736
566.0 26.1634996144
568.0 26.3282543392
570.0 26.534661
572.0 26.7828999792
574.0 27.0718889824
576.0 27.4197482416
578.0 27.8509933648
580.0 28.379481
582.0 29.002046256
584.0 29.7189679056
586.0 30.5107482512
588.0 31.3463123248
590.0 32.202358
592.0 33.0770158592
594.0 33.9666290592
596.0 34.8534545312
598.0 35.7156824032
600.0 36.537685
602.0 37.3148215744
604.0 38.0411395072
606.0 38.71744232
608.0 39.3493054688
610.0 39.940353
612.0 40.4878627792
614.0 40.990834504
616.0 41.4521542928
618.0 41.8761677216
620.0 42.266876
622.0 42.6257713824
624.0 42.9540017568
626.0 43.2588644112
628.0 43.5501983856
630.0 43.834973
632.0 44.1145165248
634.0 44.3910099472
636.0 44.6646336496
638.0 44.933911776
640.0 45.19809
642.0 45.4591033328
644.0 45.7187228016
646.0 45.9753085664
648.0 46.2259089152
650.0 46.468966
652.0 46.705184952
654.0 46.9342869984
656.0 47.1595354208
658.0 47.3860137232
660.0 47.616854
662.0 47.8513347216
664.0 48.0894066928
666.0 48.329528464
668.0 48.5689942992
670.0 48.805738
672.0 49.0400055424
674.0 49.272190488
676.0 49.4992919296
678.0 49.7170462832
680.0 49.922879
682.0 50.1157733792
684.0 50.2927285136
686.0 50.460172576
688.0 50.6288465184
690.0 50.804293
692.0 50.9849705712
694.0 51.17366696
696.0 51.3545741088
698.0 51.5028484416
700.0 51.603715
702.0 51.6602238864
704.0 51.6703253008
706.0 51.6491057712
708.0 51.6214908656
710.0 51.603715
712.0 51.5934823984
714.0 51.5922033232
716.0 51.597319624
718.0 51.6024359248
720.0 51.603715
722.0 51.603715
724.0 51.603715
726.0 51.603715
728.0 51.603715
730.0 51.603715
732.0 51.603715
734.0 51.603715
736.0 51.603715
738.0 51.603715
740.0 51.603715
742.0 51.603715
744.0 51.603715
746.0 51.603715
748.0 51.603715
750.0 51.603715
