380.0 14.133371
382.0 14.1416238675
384.0 14.150973937
386.0 14.1598022393
388.0 14.1555714521
390.0 14.133371
392.0 14.1038508985
394.0 14.0709676342
396.0 14.0511434593
398.0 14.0673957645
400.0 14.133371
402.0 14.2494224768
404.0 14.4217696608
406.0 14.6285534848
408.0 14.8336154768
410.0 15.014785
412.0 15.1775719168
414.0 15.3212219008
416.0 15.4583945168
418.0 15.6109816288
420.0 15.793709
422.0 16.0028049984
424.0 16.2356786768
426.0 16.4998732992
428.0 16.8053098976
430.0 17.156826
432.0 17.5528637584
434.0 17.9944234752
436.0 18.466074256
438.0 18.9439564288
440.0 19.411606
442.0 19.869203352
444.0 20.314583896
446.0 20.744713928
448.0 21.158117592
450.0 21.553647
452.0 21.9288259936
454.0 22.281326
456.0 22.6144758944
458.0 22.9342610928
460.0 23.244732
462.0 23.5456590384
464.0 23.8380425104
466.0 24.1216528384
468.0 24.3953421344
470.0 24.659094
472.0 24.9147614544
474.0 25.1636071744
476.0 25.4092552064
478.0 25.6566250704
480.0 25.909472
482.0 26.1681731584
484.0 26.4326793504
486.0 26.7069425904
488.0 26.9962103664
490.0 27.303336
492.0 27.626876432
494.0 27.9655197904
496.0 28.3162159728
498.0 28.6743734272
500.0 29.035417
502.0 29.3975920624
504.0 29.7600950928
506.0 30.1118571712
508.0 30.4374638016
510.0 30.726502
512.0 30.979283336
514.0 31.1956274272
516.0 31.3741732064
518.0 31.5145927056
520.0 31.618165
522.0 31.686136368
524.0 31.7190315584
526.0 31.7285590288
528.0 31.7317731152
530.0 31.741153
532.0 31.757305424
534.0 31.7808699248
536.0 31.8205868496
538.0 31.8872791424
540.0 31.987129
542.0 32.1202676096
544.0 32.2888431616
546.0 32.4812783856
548.0 32.6787971136
550.0 32.868543
552.0 33.0539597088
554.0 33.2390484496
556.0 33.4133142464
558.0 33.5619165472
560.0 33.678214
562.0 33.7674048976
564.0 33.8314734464
566.0 33.8925082912
568.0 33.983552208
570.0 34.12917
572.0 34.328984504
574.0 34.5809951152
576.0 34.9104061744
578.0 35.3513263536
580.0 35.922745
582.0 36.6200213664
584.0 37.4437129984
586.0 38.3641551904
588.0 39.3343665264
590.0 40.319566
592.0 41.3179333888
594.0 42.3251887104
596.0 43.316291608
598.0 44.2604950816
600.0 45.136596
602.0 45.9391008992
604.0 46.659925368
606.0 47.3063011008
608.0 47.8948724736
610.0 48.436774
612.0 48.92831604
614.0 49.3688918528
616.0 49.7631421856
618.0 50.1168884704
620.0 50.435329
622.0 50.7211695104
624.0 50.9767877696
626.0 51.2089563168
628.0 51.426120328
630.0 51.634462
632.0 51.8359491408
634.0 52.0330579088
636.0 52.2263130528
638.0 52.4147306688
640.0 52.597868
642.0 52.7776272608
644.0 52.9557958768
646.0 53.1306028208
648.0 53.2988504048
650.0 53.458784
652.0 53.6113383152
654.0 53.7566937328
656.0 53.8971296304
658.0 54.036171664
660.0 54.176214
662.0 54.3168630768
664.0 54.4577909264
666.0 54.60011264
668.0 54.7452220816
670.0 54.893644
672.0 55.0451980128
674.0 55.200376072
676.0 55.3552261632
678.0 55.5036808784
680.0 55.641821
682.0 55.769482544
684.0 55.8851404592
686.0 55.9916152704
688.0 56.0940724736
690.0 56.195267
692.0 56.2942805392
694.0 56.3922281824
696.0 56.4827145536
698.0 56.5556546368
700.0 56.605227
702.0 56.6329074992
704.0 56.6379254096
706.0 56.627692808
708.0 56.6141805264
710.0 56.605227
712.0 56.599979512
714.0 56.599323576
716.0 56.60194732
718.0 56.604571064
720.0 56.605227
722.0 56.605227
724.0 56.605227
726.0 56.605227
728.0 56.605227
730.0 56.605227
732.0 56.605227
734.0 56.605227
736.0 56.605227
738.0 56.605227
740.0 56.605227
742.0 56.605227
744.0 56.605227
746.0 56.605227
748.0 56.605227
750.0 56.605227
