380.0 16.767364
382.0 16.7606844374
384.0 16.753299822
386.0 16.7466805961
388.0 16.7501734553
390.0 16.767364
392.0 16.791037405
394.0 16.819543238
396.0 16.8379369859
398.0 16.8246818218
400.0 16.767364
402.0 16.6689899984
404.0 16.5291280448
406.0 16.3627006832
408.0 16.1937315696
410.0 16.039685
412.0 15.9010693248
414.0 15.7802295152
416.0 15.6873489776
418.0 15.634316552
420.0 15.629725
422.0 15.6753781456
424.0 15.7722926896
426.0 15.9236499216
428.0 16.1323195616
430.0 16.3984
432.0 16.7202349984
434.0 17.0973654016
436.0 17.5155737968
438.0 17.953870232
440.0 18.396955
442.0 18.8432538544
444.0 19.2899626688
446.0 19.7297021632
448.0 20.1546830976
450.0 20.559494
452.0 20.9411831584
454.0 21.2959133472
456.0 21.628505696
458.0 21.9482253008
460.0 22.260828
462.0 22.565182304
464.0 22.862813264
466.0 23.149539288
468.0 23.418063088
470.0 23.664941
472.0 23.8930919392
474.0 24.103434216
476.0 24.3049213568
478.0 24.5109180576
480.0 24.730837
482.0 24.9640058496
484.0 25.2097030768
486.0 25.473848504
488.0 25.7639853952
490.0 26.083705
492.0 26.430449168
494.0 26.802200896
496.0 27.190597
498.0 27.583256688
500.0 27.969521
502.0 28.3466678016
504.0 28.713024456
506.0 29.0513398464
508.0 29.3382462528
510.0 29.558116
512.0 29.7114738368
514.0 29.7983689584
516.0 29.817784664
518.0 29.7707048576
520.0 29.660606
522.0 29.490636584
524.0 29.263026792
526.0 28.997782672
528.0 28.72343744
530.0 28.461473
532.0 28.2138735584
534.0 27.9818198
536.0 27.7842846736
538.0 27.6456198032
540.0 27.580059
542.0 27.5869135312
544.0 27.6691679056
546.0 27.806520904
548.0 27.9657657664
550.0 28.123256
552.0 28.2843210848
554.0 28.456307504
556.0 28.6129614192
558.0 28.7167304944
560.0 28.748445
562.0 28.7177635936
564.0 28.6275559952
566.0 28.5180802768
568.0 28.4508304384
570.0 28.471722
572.0 28.5798202528
574.0 28.7715175488
576.0 29.0956319248
578.0 29.6184949088
580.0 30.378036
582.0 31.3667447312
584.0 32.5867692928
586.0 33.9868482864
588.0 35.484661744
590.0 37.019388
592.0 38.5884197088
594.0 40.1842955984
596.0 41.763609104
598.0 43.2730654256
600.0 44.675391
602.0 45.9604352176
604.0 47.114079056
606.0 48.1448988784
608.0 49.0760164288
610.0 49.922879
612.0 50.6788780368
614.0 51.3420129344
616.0 51.921188024
618.0 52.4286201136
620.0 52.874591
622.0 53.2628559168
624.0 53.59694052
626.0 53.8887992432
628.0 54.1534366224
630.0 54.401692
632.0 54.6370746336
634.0 54.8644220512
636.0 55.0829143328
638.0 55.2881239104
640.0 55.477837
642.0 55.6559892176
644.0 55.8256798608
646.0 55.986515368
648.0 56.1371018752
650.0 56.277259
652.0 56.408200224
654.0 56.529876352
656.0 56.64786284
658.0 56.770358888
660.0 56.902448
662.0 57.0436054272
664.0 57.194585496
666.0 57.3517149648
668.0 57.5085984576
670.0 57.660874
672.0 57.8090991376
674.0 57.9530442928
676.0 58.091495984
678.0 58.2233063232
680.0 58.347557
682.0 58.4634280944
684.0 58.570001296
686.0 58.6676373696
688.0 58.7573202192
690.0 58.839509
692.0 58.9140561264
694.0 58.9815847376
696.0 59.0398482528
698.0 59.085321016
700.0 59.116232
702.0 59.1334011248
704.0 59.1365988128
706.0 59.1304494128
708.0 59.1220862288
710.0 59.116232
712.0 59.1126899456
714.0 59.1122471888
716.0 59.114018216
718.0 59.1157892432
720.0 59.116232
722.0 59.116232
724.0 59.116232
726.0 59.116232
728.0 59.116232
730.0 59.116232
732.0 59.116232
734.0 59.116232
736.0 59.116232
738.0 59.116232
740.0 59.116232
742.0 59.116232
744.0 59.116232
746.0 59.116232
748.0 59.116232
750.0 59.116232
