380.0 15.98844
382.0 15.987180854
384.0 15.9858696096
386.0 15.9848541642
388.0 15.985542897
390.0 15.98844
392.0 15.9928721188
394.0 15.999345956
396.0 16.004115615
398.0 16.001505994
400.0 15.98844
402.0 15.9672696656
404.0 15.9403434928
406.0 15.90931772
408.0 15.8764061312
410.0 15.844954
412.0 15.8176014688
414.0 15.795594816
416.0 15.7918723792
418.0 15.8246363824
420.0 15.906448
422.0 16.0368808736
424.0 16.2156070352
426.0 16.4472180368
428.0 16.7366333984
430.0 17.085083
432.0 17.4907138224
434.0 17.9534110768
436.0 18.4566943712
438.0 18.9759661056
440.0 19.493598
442.0 20.0082453856
444.0 20.5167433712
446.0 21.0125325968
448.0 21.4894636624
450.0 21.943109
452.0 22.3704349056
454.0 22.7682272928
456.0 23.13978224
458.0 23.4918230912
460.0 23.828925
462.0 24.1502844448
464.0 24.456409776
466.0 24.7484324832
468.0 25.0273364704
470.0 25.294532
472.0 25.5515933184
474.0 25.7995699232
476.0 26.042627008
478.0 26.2863400288
480.0 26.534661
482.0 26.7873439456
484.0 27.043585344
486.0 27.3065500864
488.0 27.5805017568
490.0 27.867031
492.0 28.16384204
494.0 28.4692786384
496.0 28.7760271088
498.0 29.0735104832
500.0 29.353136
502.0 29.6132802176
504.0 29.8529920288
506.0 30.060972936
508.0 30.2221364112
510.0 30.326791
512.0 30.3760189968
514.0 30.37065672
516.0 30.3120816352
518.0 30.2036554144
520.0 30.050068
522.0 29.8545826736
524.0 29.6198231792
526.0 29.3619419408
528.0 29.1034047664
530.0 28.861184
532.0 28.6371326608
534.0 28.4321526608
536.0 28.2614453168
538.0 28.1445247248
540.0 28.092509
542.0 28.1044306368
544.0 28.1824870208
546.0 28.3084267328
548.0 28.4528146448
550.0 28.59471
552.0 28.738441976
554.0 28.8899959888
556.0 29.0272014016
558.0 29.1185732864
560.0 29.148156
562.0 29.1245751008
564.0 29.0512250576
566.0 28.9613946224
568.0 28.9056728592
570.0 28.922678
572.0 29.0128364032
574.0 29.1735079264
576.0 29.4509360576
578.0 29.9084186208
580.0 30.583016
582.0 31.4679884528
584.0 32.5647462416
586.0 33.8323753584
588.0 35.2042163072
590.0 36.629926
592.0 38.1064051392
594.0 39.6273239424
596.0 41.1489806736
598.0 42.6157847568
600.0 43.988708
602.0 45.25876408
604.0 46.4128670736
606.0 47.4553789552
608.0 48.4030260928
610.0 49.266943
612.0 50.0405211216
614.0 50.7209563312
616.0 51.3175137248
618.0 51.8438039744
620.0 52.310896
622.0 52.7216431232
624.0 53.0789478608
626.0 53.3950106224
628.0 53.685327896
630.0 53.960985
632.0 54.2251304272
634.0 54.4822245424
636.0 54.7314474256
638.0 54.9684535008
640.0 55.190865
642.0 55.4023879616
644.0 55.6062200736
646.0 55.8001311536
648.0 55.9800216016
650.0 56.144022
652.0 56.2937885872
654.0 56.4295837376
656.0 56.55726168
658.0 56.6855955584
660.0 56.820456
662.0 56.961318256
664.0 57.10824792
666.0 57.261900928
668.0 57.422359272
670.0 57.589131
672.0 57.7621833152
674.0 57.941942576
676.0 58.1230957008
678.0 58.2976894656
680.0 58.460296
682.0 58.6107349216
684.0 58.7478747408
686.0 58.87189584
688.0 58.9841920832
690.0 59.085485
692.0 59.1751350528
694.0 59.253404616
696.0 59.3188014352
698.0 59.3690297344
700.0 59.403204
702.0 59.422144152
704.0 59.4257190032
706.0 59.4190448544
708.0 59.4098289536
710.0 59.403204
712.0 59.3991371968
714.0 59.3986288464
716.0 59.400662248
718.0 59.4026956496
720.0 59.403204
722.0 59.403204
724.0 59.403204
726.0 59.403204
728.0 59.403204
730.0 59.403204
732.0 59.403204
734.0 59.403204
736.0 59.403204
738.0 59.403204
740.0 59.403204
742.0 59.403204
744.0 59.403204
746.0 59.403204
748.0 59.403204
750.0 59.403204
