380.0 19.339863
382.0 19.3293281657
384.0 19.3175528591
386.0 19.3067438027
388.0 19.3122044699
390.0 19.339863
392.0 19.3776030153
394.0 19.4222301232
396.0 19.4505875076
398.0 19.4295037159
400.0 19.339863
402.0 19.1853408768
404.0 18.96351972
406.0 18.7001286192
408.0 18.4367375184
410.0 18.202224
412.0 17.9952269968
414.0 17.8183866512
416.0 17.6809024656
418.0 17.591547584
420.0 17.556537
422.0 17.5785600512
424.0 17.6593385696
426.0 17.797757464
428.0 17.9903730704
430.0 18.232971
432.0 18.523960608
434.0 18.862505576
436.0 19.233765352
438.0 19.616586
440.0 19.995799
442.0 20.3697153168
444.0 20.73536684
446.0 21.0878176512
448.0 21.4229681504
450.0 21.738129
452.0 22.030594464
454.0 22.2969536752
456.0 22.5437167984
458.0 22.7821167376
460.0 23.019254
462.0 23.2542266736
464.0 23.4887565904
466.0 23.7185309712
468.0 23.935760576
470.0 24.136395
472.0 24.32333676
474.0 24.4977829392
476.0 24.6659157344
478.0 24.8370002416
480.0 25.017809
482.0 25.2079976432
484.0 25.4067954464
486.0 25.6206797776
488.0 25.8584237808
490.0 26.124701
492.0 26.4166089184
494.0 26.7313434096
496.0 27.0640341488
498.0 27.407547832
500.0 27.754292
502.0 28.1009377776
504.0 28.4462552848
506.0 28.769270968
508.0 29.0405496992
510.0 29.240397
512.0 29.369780376
514.0 29.428486648
516.0 29.415121952
518.0 29.330752184
520.0 29.178903
522.0 28.9625917056
524.0 28.684327256
526.0 28.3639189184
528.0 28.0295719408
530.0 27.703047
532.0 27.3867874576
534.0 27.0817280224
536.0 26.8111052272
538.0 26.60558408
540.0 26.483416
542.0 26.4429611472
544.0 26.4864988992
546.0 26.5936624432
548.0 26.7307530672
550.0 26.872878
552.0 27.0252355344
554.0 27.1965496192
556.0 27.351055344
558.0 27.4369337648
560.0 27.426324
562.0 27.3313280688
564.0 27.155996376
566.0 26.9443422272
568.0 26.7643369904
570.0 26.667898
572.0 26.6549760608
574.0 26.7215699632
576.0 26.9311579136
578.0 27.3709794
580.0 28.092509
582.0 29.0869735696
584.0 30.3567836736
586.0 31.8481361616
588.0 33.4728076416
590.0 35.164319
592.0 36.9197185248
594.0 38.7321844816
596.0 40.5425186464
598.0 42.2746324432
600.0 43.875969
602.0 45.3358037632
604.0 46.6367380304
606.0 47.7904146656
608.0 48.8277446528
610.0 49.769144
612.0 50.6054296032
614.0 51.3335349616
616.0 51.963987848
618.0 52.5112188544
620.0 52.98733
622.0 53.3969128368
624.0 53.74452612
626.0 54.0433541632
628.0 54.3096313824
630.0 54.555427
632.0 54.7849718032
634.0 55.0033164992
636.0 55.2123960992
638.0 55.4115546672
640.0 55.600825
642.0 55.7841755104
644.0 55.9655746112
646.0 56.141316264
648.0 56.3045131408
650.0 56.451492
652.0 56.5842042512
654.0 56.702551504
656.0 56.8129455328
658.0 56.9253073696
660.0 57.045934
662.0 57.174005504
664.0 57.3101450208
666.0 57.4516960096
668.0 57.5936569584
670.0 57.732617
672.0 57.86913368
674.0 58.0030102176
676.0 58.1331971152
678.0 58.2586284768
680.0 58.378304
682.0 58.4915513504
684.0 58.5979277712
686.0 58.695941008
688.0 58.7837052448
690.0 58.860007
692.0 58.9249610624
694.0 58.978731416
696.0 59.0214328496
698.0 59.0533933312
700.0 59.075236
702.0 59.0873216208
704.0 59.0896501936
706.0 59.0855013984
708.0 59.0796307712
710.0 59.075236
712.0 59.0724810688
714.0 59.0721367024
716.0 59.073514168
718.0 59.0748916336
720.0 59.075236
722.0 59.075236
724.0 59.075236
726.0 59.075236
728.0 59.075236
730.0 59.075236
732.0 59.075236
734.0 59.075236
736.0 59.075236
738.0 59.075236
740.0 59.075236
742.0 59.075236
744.0 59.075236
746.0 59.075236
748.0 59.075236
750.0 59.075236
