380.0 19.739574
382.0 19.7395893784
384.0 19.7397590116
386.0 19.7402130668
388.0 19.740262262
390.0 19.739574
392.0 19.7392049968
394.0 19.7401899208
396.0 19.7415797048
398.0 19.7416576168
400.0 19.739574
402.0 19.7374094112
404.0 19.7382129328
406.0 19.7395084064
408.0 19.736868264
410.0 19.729325
412.0 19.7205682544
414.0 19.7124510464
416.0 19.7172885744
418.0 19.7527911104
420.0 19.831815
422.0 19.9545242272
424.0 20.1206892144
426.0 20.3398210336
428.0 20.6240545008
430.0 20.979703
432.0 21.4046019424
434.0 21.8982429776
436.0 22.4473106048
438.0 23.031224832
440.0 23.634194
442.0 24.2541027152
444.0 24.8880484608
446.0 25.5224041664
448.0 26.140197488
450.0 26.729392
452.0 27.2868228112
454.0 27.8082591344
456.0 28.2946028816
458.0 28.7504456048
460.0 29.178903
462.0 29.5781384464
464.0 29.9475616016
466.0 30.2900913808
468.0 30.609991368
470.0 30.910984
472.0 31.1942335632
474.0 31.4606091728
476.0 31.7159978544
478.0 31.96827084
480.0 32.222856
482.0 32.4798681232
484.0 32.7394219984
486.0 33.0029114896
488.0 33.2714844848
490.0 33.544977
492.0 33.8220607648
494.0 34.1015222976
496.0 34.3775401664
498.0 34.6418331792
500.0 34.887596
502.0 35.1133363744
504.0 35.3181523904
506.0 35.4928773424
508.0 35.6252944224
510.0 35.707516
512.0 35.740640768
514.0 35.7258986064
516.0 35.6632731168
518.0 35.5536662112
520.0 35.400046
522.0 35.2060201312
524.0 34.9744583248
526.0 34.7201847344
528.0 34.463861344
530.0 34.221411
532.0 33.9946375264
534.0 33.7839180864
536.0 33.6064054064
538.0 33.4848112704
540.0 33.432238
542.0 33.4474229184
544.0 33.5329405744
546.0 33.6691292864
548.0 33.8240941664
550.0 33.975435
552.0 34.1281205024
554.0 34.2884148624
556.0 34.4348525744
558.0 34.5370965984
560.0 34.580126
562.0 34.5722711664
564.0 34.5161886384
566.0 34.4477253184
568.0 34.4213238944
570.0 34.477636
572.0 34.6160220976
574.0 34.8334156864
576.0 35.1727313792
578.0 35.692183496
580.0 36.424946
582.0 37.3637052048
584.0 38.5090678512
586.0 39.8170206336
588.0 41.217132424
590.0 42.656338
592.0 44.1310953072
594.0 45.6348449856
596.0 47.122688216
598.0 48.5378045424
600.0 49.840887
602.0 51.023457616
604.0 52.072545256
606.0 52.99675908
608.0 53.81913884
610.0 54.555427
612.0 55.1995233552
614.0 55.749558488
616.0 56.2169456848
618.0 56.6175094016
620.0 56.963942
622.0 57.2600807056
624.0 57.5099595248
626.0 57.724991744
628.0 57.9188700272
630.0 58.101581
632.0 58.276961888
634.0 58.449883016
636.0 58.61936048
638.0 58.780802728
640.0 58.93175
642.0 59.0756951552
644.0 59.215196344
646.0 59.3496140288
648.0 59.4773903616
650.0 59.597935
652.0 59.7122974416
654.0 59.8209040448
656.0 59.92631296
658.0 60.0322138272
660.0 60.141132
662.0 60.2528379008
664.0 60.367101952
666.0 60.4849736512
668.0 60.6076828784
670.0 60.735574
672.0 60.8681878608
674.0 61.0055408592
676.0 61.1437957696
678.0 61.277213152
680.0 61.401759
682.0 61.51736772
684.0 61.6236129536
686.0 61.7191172352
688.0 61.8025686928
690.0 61.873213
692.0 61.9308697744
694.0 61.9753422352
696.0 62.00808984
698.0 62.0314903568
700.0 62.047446
702.0 62.0561863472
704.0 62.057940976
706.0 62.0551040528
708.0 62.0508732656
710.0 62.047446
712.0 62.0452158176
714.0 62.0449370448
716.0 62.046052136
718.0 62.0471672272
720.0 62.047446
722.0 62.047446
724.0 62.047446
726.0 62.047446
728.0 62.047446
730.0 62.047446
732.0 62.047446
734.0 62.047446
736.0 62.047446
738.0 62.047446
740.0 62.047446
742.0 62.047446
744.0 62.047446
746.0 62.047446
748.0 62.047446
750.0 62.047446
