380.0 18.868409
382.0 18.8651528584
384.0 18.8616040563
386.0 18.8585240602
388.0 18.8602458922
390.0 18.868409
392.0 18.8799619474
394.0 18.8946805706
396.0 18.9045973657
398.0 18.8980337688
400.0 18.868409
402.0 18.818475872
404.0 18.7497501776
406.0 18.6688076752
408.0 18.5858973648
410.0 18.509694
412.0 18.4422637792
414.0 18.3853613312
416.0 18.3517446112
418.0 18.3584679552
420.0 18.417453
422.0 18.5288473312
424.0 18.6923393792
426.0 18.9130618432
428.0 19.1967541632
430.0 19.544843
432.0 19.9551473664
434.0 20.4277820512
436.0 20.94321656
438.0 21.4722617408
440.0 21.994354
442.0 22.5085750272
444.0 23.011710736
446.0 23.4979560928
448.0 23.9627195456
450.0 24.402869
452.0 24.8151739712
454.0 25.1960104128
456.0 25.5515933184
458.0 25.892909616
460.0 26.227191
462.0 26.5534699648
464.0 26.8728124064
466.0 27.184283616
468.0 27.4852598496
470.0 27.77479
472.0 28.0551042496
474.0 28.327580064
476.0 28.5957922944
478.0 28.8646604608
480.0 29.137907
482.0 29.4153351312
484.0 29.6958789584
486.0 29.9847859696
488.0 30.2895174368
490.0 30.613763
492.0 30.9544233616
494.0 31.3087927856
496.0 31.6711154336
498.0 32.0331101136
500.0 32.38684
502.0 32.7294517712
504.0 33.0597319456
506.0 33.360003048
508.0 33.6057494704
510.0 33.780704
512.0 33.8863260944
514.0 33.923698048
516.0 33.8909668416
518.0 33.7876405232
520.0 33.61672
522.0 33.3824360592
524.0 33.0876912176
526.0 32.755312048
528.0 32.4178493744
530.0 32.099868
532.0 31.8030077648
534.0 31.527235872
536.0 31.2967235632
538.0 31.1433657264
540.0 31.085217
542.0 31.1203587712
544.0 31.2527758512
546.0 31.4515244592
548.0 31.6668354512
550.0 31.864141
552.0 32.0500824576
554.0 32.2316783392
556.0 32.3827731968
558.0 32.4676185184
560.0 32.468832
562.0 32.396105096
564.0 32.2526518928
566.0 32.0836171856
568.0 31.9574642944
570.0 31.925635
572.0 31.9878013344
574.0 32.1402736576
576.0 32.4392656848
578.0 32.96119396
580.0 33.749957
582.0 34.7968472544
584.0 36.1038161328
586.0 37.6142071632
588.0 39.2368452416
590.0 40.903759
592.0 42.611816344
594.0 44.3534576112
596.0 46.0746828704
598.0 47.7076027456
600.0 49.205449
602.0 50.5579234384
604.0 51.7491852064
606.0 52.7917954784
608.0 53.7167472304
610.0 54.545178
612.0 55.2694625312
614.0 55.8871574624
616.0 56.4126113936
618.0 56.8655024048
620.0 57.261163
622.0 57.6041027392
624.0 57.8996183056
626.0 58.157827512
628.0 58.3897172864
630.0 58.603782
632.0 58.8047279936
634.0 58.997507584
636.0 59.1829898864
638.0 59.3594530688
640.0 59.526192
642.0 59.6865847504
644.0 59.8437634144
646.0 59.9952026384
648.0 60.1361468864
650.0 60.26412
652.0 60.380712624
654.0 60.4861707344
656.0 60.5849055008
658.0 60.6836402672
660.0 60.786819
662.0 60.893900552
664.0 61.0048685248
666.0 61.1199360976
668.0 61.2387753024
670.0 61.360763
672.0 61.4860303776
674.0 61.6151677776
676.0 61.7438132256
678.0 61.8654073616
680.0 61.975703
682.0 62.0747165392
684.0 62.1613164896
686.0 62.237749432
688.0 62.3082789504
690.0 62.375414
692.0 62.4384330512
694.0 62.497910048
696.0 62.5509916688
698.0 62.5930043696
700.0 62.62139
702.0 62.637132464
704.0 62.6400349808
706.0 62.6343283376
708.0 62.6266538864
710.0 62.62139
712.0 62.6182415072
714.0 62.6178479456
716.0 62.619422192
718.0 62.6209964384
720.0 62.62139
722.0 62.62139
724.0 62.62139
726.0 62.62139
728.0 62.62139
730.0 62.62139
732.0 62.62139
734.0 62.62139
736.0 62.62139
738.0 62.62139
740.0 62.62139
742.0 62.62139
744.0 62.62139
746.0 62.62139
748.0 62.62139
750.0 62.62139
