380.0 7.47175
382.0 7.47838648
384.0 7.48574824
386.0 7.492396
388.0 7.48893496
390.0 7.47175
392.0 7.4486204
394.0 7.4222376
396.0 7.4059636
398.0 7.4186988
400.0 7.47175
402.0 7.56467976
404.0 7.7010648
406.0 7.86612464
408.0 8.03528088
410.0 8.1928
412.0 8.34187552
414.0 8.48225664
416.0 8.61686936
418.0 8.75223448
420.0 8.89295
422.0 9.03751112
424.0 9.18493136
426.0 9.3399592
428.0 9.50936624
430.0 9.6976
432.0 9.90405856
434.0 10.1283072
436.0 10.37078064
438.0 10.63156248
440.0 10.9098
442.0 11.20467392
444.0 11.51610064
446.0 11.83680696
448.0 12.15617568
450.0 12.46685
452.0 12.7685624
454.0 13.06020936
456.0 13.34065392
458.0 13.60964528
460.0 13.86715
462.0 14.1122652
464.0 14.34402112
466.0 14.56549424
468.0 14.78161696
470.0 14.99575
472.0 15.20777632
474.0 15.41821424
476.0 15.62731456
478.0 15.83482648
480.0 16.04075
482.0 16.24560344
484.0 16.44952056
486.0 16.65335408
488.0 16.8582744
490.0 17.06485
492.0 17.27256256
494.0 17.48091048
496.0 17.6890076
498.0 17.89559992
500.0 18.0994
502.0 18.299622
504.0 18.4955804
506.0 18.6846836
508.0 18.863504
510.0 19.02945
512.0 19.1826052
514.0 19.323722
516.0 19.4492056
518.0 19.5539564
520.0 19.63555
522.0 19.69552464
524.0 19.7343652
526.0 19.75882656
528.0 19.77910792
530.0 19.80275
532.0 19.83032128
534.0 19.86274136
536.0 19.90519344
538.0 19.96394752
540.0 20.0431
542.0 20.1428348
544.0 20.26333584
546.0 20.40348288
548.0 20.56085152
550.0 20.7328
552.0 20.92009744
554.0 21.12561968
556.0 21.33649232
558.0 21.53323656
560.0 21.70465
562.0 21.85553128
564.0 21.98882312
566.0 22.11283536
568.0 22.2406096
570.0 22.3839
572.0 22.54335864
574.0 22.71575856
576.0 22.93121248
578.0 23.2333596
580.0 23.64835
582.0 24.17131816
584.0 24.80360168
586.0 25.522244
588.0 26.28903992
590.0 27.07595
592.0 27.88324176
594.0 28.7089924
596.0 29.53173344
598.0 30.32421128
600.0 31.06785
602.0 31.75873712
604.0 32.39026824
606.0 32.96929856
608.0 33.51095968
610.0 34.0252
612.0 34.50855848
614.0 34.96031616
616.0 35.38339904
618.0 35.78123472
620.0 36.157
622.0 36.51290192
624.0 36.85108064
626.0 37.17521456
628.0 37.48956728
630.0 37.79765
632.0 38.10051608
634.0 38.39836616
636.0 38.69596544
638.0 38.99966752
640.0 39.3129
642.0 39.63586352
644.0 39.97094904
646.0 40.30829176
648.0 40.63209128
650.0 40.93265
652.0 41.211874
654.0 41.46882696
656.0 41.71006312
658.0 41.94686848
660.0 42.18665
662.0 42.42827072
664.0 42.67238272
666.0 42.91841752
668.0 43.16436872
670.0 43.4093
672.0 43.65376312
674.0 43.89678832
676.0 44.14240512
678.0 44.39688352
680.0 44.6633
682.0 44.93919672
684.0 45.22310232
686.0 45.50901432
688.0 45.78807112
690.0 46.05315
692.0 46.30426768
694.0 46.54306272
696.0 46.75694496
698.0 46.9279404
700.0 47.0459
702.0 47.11229512
704.0 47.12436696
706.0 47.0999056
708.0 47.06750224
710.0 47.0459
712.0 47.0331928
714.0 47.0316044
716.0 47.037958
718.0 47.0443116
720.0 47.0459
722.0 47.0459
724.0 47.0459
726.0 47.0459
728.0 47.0459
730.0 47.0459
732.0 47.0459
734.0 47.0459
736.0 47.0459
738.0 47.0459
740.0 47.0459
742.0 47.0459
744.0 47.0459
746.0 47.0459
748.0 47.0459
750.0 47.0459
