380.0 13.38645
382.0 13.39688328
384.0 13.4085204
386.0 13.41915432
388.0 13.41373704
390.0 13.38645
392.0 13.34990008
394.0 13.30863512
396.0 13.28342136
398.0 13.3035188
400.0 13.38645
402.0 13.53211464
404.0 13.74706696
406.0 14.00699608
408.0 14.2714396
410.0 14.51505
412.0 14.74374616
414.0 14.95719368
416.0 15.1644548
418.0 15.38241672
420.0 15.62275
422.0 15.88187656
424.0 16.1566196
426.0 16.45744584
428.0 16.79923608
430.0 17.19025
432.0 17.62829728
434.0 18.11397984
436.0 18.6339384
438.0 19.16702216
440.0 19.69825
442.0 20.22747144
444.0 20.7526132
446.0 21.26797376
448.0 21.76786832
450.0 22.24805
452.0 22.70612784
454.0 23.13986136
456.0 23.54976888
458.0 23.9381076
460.0 24.3067
462.0 24.65516152
464.0 24.98350888
466.0 25.29496904
468.0 25.59414
470.0 25.88465
472.0 26.16740192
474.0 26.44338224
476.0 26.71576776
478.0 26.98840408
480.0 27.26405
482.0 27.5433576
484.0 27.82697896
486.0 28.11536552
488.0 28.40851728
490.0 28.70615
492.0 29.00729392
494.0 29.31009312
496.0 29.61481512
498.0 29.92237952
500.0 30.23185
502.0 30.54101952
504.0 30.84941992
506.0 31.14578192
508.0 31.41380352
510.0 31.6426
512.0 31.83340864
514.0 31.98704872
516.0 32.1013132
518.0 32.17436288
520.0 32.2069
522.0 32.20068016
524.0 32.155904
526.0 32.08797064
528.0 32.01953568
530.0 31.96655
532.0 31.92988304
534.0 31.91207624
536.0 31.91734304
538.0 31.94877664
540.0 32.00835
542.0 32.09720008
544.0 32.21562784
546.0 32.3613928
548.0 32.53056576
550.0 32.71895
552.0 32.92771592
554.0 33.1616956
556.0 33.40069128
558.0 33.61410536
560.0 33.78485
562.0 33.921118
564.0 34.02769128
566.0 34.12139016
568.0 34.22813064
570.0 34.37005
572.0 34.54709808
574.0 34.75248656
576.0 35.03679344
578.0 35.47333592
580.0 36.10475
582.0 36.92170592
584.0 37.92701264
586.0 39.07101176
588.0 40.27319648
590.0 41.47605
592.0 42.68112728
594.0 43.88444896
596.0 45.05382904
598.0 46.15097872
600.0 47.1504
602.0 48.04503704
604.0 48.82360384
606.0 49.50469304
608.0 50.12350024
610.0 50.7034
612.0 51.23922584
614.0 51.73137904
616.0 52.18382224
618.0 52.59939784
620.0 52.9815
622.0 53.33471
624.0 53.66278984
626.0 53.97088928
628.0 54.26477672
630.0 54.549
632.0 54.82541504
634.0 55.09539288
636.0 55.36202672
638.0 55.62866056
640.0 55.89705
642.0 56.16821496
644.0 56.44464672
646.0 56.71857048
648.0 56.97744624
650.0 57.21375
652.0 57.4291872
654.0 57.62295528
656.0 57.80167536
658.0 57.97638264
660.0 58.15425
662.0 58.3344916
664.0 58.51829456
666.0 58.70360232
668.0 58.88606768
670.0 59.0634
672.0 59.23630152
674.0 59.40325072
676.0 59.57053432
678.0 59.74810072
680.0 59.9412
682.0 60.14762512
684.0 60.36774392
686.0 60.59095592
688.0 60.80079192
690.0 60.9862
692.0 61.14845088
694.0 61.28759472
696.0 61.40165856
698.0 61.4893048
700.0 61.5505
702.0 61.58497664
704.0 61.59143056
706.0 61.57915808
708.0 61.5623712
710.0 61.5505
712.0 61.54327696
714.0 61.54237408
716.0 61.5459856
718.0 61.54959712
720.0 61.5505
722.0 61.5505
724.0 61.5505
726.0 61.5505
728.0 61.5505
730.0 61.5505
732.0 61.5505
734.0 61.5505
736.0 61.5505
738.0 61.5505
740.0 61.5505
742.0 61.5505
744.0 61.5505
746.0 61.5505
748.0 61.5505
750.0 61.5505
