380.0 9.9693
382.0 9.97636144
384.0 9.98425056
386.0 9.99148488
388.0 9.9878232
390.0 9.9693
392.0 9.94449288
394.0 9.91648128
396.0 9.89936568
398.0 9.91301488
400.0 9.9693
402.0 10.0681152
404.0 10.21389688
406.0 10.38994176
408.0 10.56849464
410.0 10.73215
412.0 10.88483704
414.0 11.02613776
416.0 11.16242248
418.0 11.3055624
420.0 11.46365
422.0 11.63439464
424.0 11.81625808
426.0 12.01467432
428.0 12.23708376
430.0 12.48775
432.0 12.76582032
434.0 13.07154552
436.0 13.39925752
438.0 13.73984392
440.0 14.0866
442.0 14.43910776
444.0 14.79621352
446.0 15.15382088
448.0 15.50716464
450.0 15.85265
452.0 16.18900624
454.0 16.51507968
456.0 16.82953272
458.0 17.13136216
460.0 17.42015
462.0 17.69554512
464.0 17.95696232
466.0 18.20759512
468.0 18.45245952
470.0 18.69505
472.0 18.9354836
474.0 19.17451272
476.0 19.41262224
478.0 19.64981216
480.0 19.88635
482.0 20.12270392
484.0 20.35863984
486.0 20.59633136
488.0 20.83895528
490.0 21.0881
492.0 21.34236104
494.0 21.60045096
496.0 21.86029648
498.0 22.1189716
500.0 22.37345
502.0 22.62234392
504.0 22.86500128
506.0 23.09378104
508.0 23.298066
510.0 23.4707
512.0 23.61235184
514.0 23.72379064
516.0 23.80287624
518.0 23.84735144
520.0 23.85735
522.0 23.83489504
524.0 23.78088944
526.0 23.70715424
528.0 23.63091104
530.0 23.56475
532.0 23.50970776
534.0 23.46730584
536.0 23.44496792
538.0 23.4513048
540.0 23.4916
542.0 23.5659204
544.0 23.67453352
546.0 23.81299184
548.0 23.97368776
550.0 24.14995
552.0 24.34313288
554.0 24.55770064
556.0 24.7734388
558.0 24.96016776
560.0 25.1009
562.0 25.20292544
564.0 25.2700228
566.0 25.31931336
568.0 25.37746552
570.0 25.46665
572.0 25.58698384
574.0 25.73338416
576.0 25.95034288
578.0 26.3017304
580.0 26.82515
582.0 27.51349568
584.0 28.36972688
586.0 29.35319728
588.0 30.39736128
590.0 31.4545
592.0 32.52593432
594.0 33.60835368
596.0 34.67355144
598.0 35.6875024
600.0 36.62725
602.0 37.48644064
604.0 38.25505904
606.0 38.94701624
608.0 39.58973304
610.0 40.20115
612.0 40.77620096
614.0 41.31440104
616.0 41.81824152
618.0 42.2893944
620.0 42.73005
622.0 43.14368608
624.0 43.53346272
626.0 43.90242296
628.0 44.25366
630.0 44.59015
632.0 44.91348136
634.0 45.22405536
636.0 45.52810856
638.0 45.83416816
640.0 46.1472
642.0 46.46765552
644.0 46.79849416
646.0 47.1298344
648.0 47.44545784
650.0 47.7356
652.0 48.002702
654.0 48.2460616
656.0 48.47337
658.0 48.6975016
660.0 48.9269
662.0 49.16036136
664.0 49.3985712
666.0 49.64079384
668.0 49.88460488
670.0 50.12865
672.0 50.373598
674.0 50.61883024
676.0 50.86665408
678.0 51.12074792
680.0 51.38265
682.0 51.65013656
684.0 51.92143528
686.0 52.192316
688.0 52.45684312
690.0 52.7098
692.0 52.95088568
694.0 53.1818056
696.0 53.38981912
698.0 53.55645064
700.0 53.6712
702.0 53.7357392
704.0 53.74745992
706.0 53.72365064
708.0 53.69215016
710.0 53.6712
712.0 53.65889408
714.0 53.65735584
716.0 53.6635088
718.0 53.66966176
720.0 53.6712
722.0 53.6712
724.0 53.6712
726.0 53.6712
728.0 53.6712
730.0 53.6712
732.0 53.6712
734.0 53.6712
736.0 53.6712
738.0 53.6712
740.0 53.6712
742.0 53.6712
744.0 53.6712
746.0 53.6712
748.0 53.6712
750.0 53.6712
