380.0 9.2796
382.0 9.2880432
384.0 9.29751408
386.0 9.30627336
388.0 9.30190944
390.0 9.2796
392.0 9.24970784
394.0 9.21586696
396.0 9.19514928
398.0 9.2116336
400.0 9.2796
402.0 9.39867984
404.0 9.57402248
406.0 9.78489512
408.0 9.99702176
410.0 10.18875
412.0 10.36436016
414.0 10.52266512
416.0 10.67135608
418.0 10.82506304
420.0 10.9934
422.0 11.17303968
424.0 11.36205928
426.0 11.56445488
428.0 11.78549328
430.0 12.02795
432.0 12.29123984
434.0 12.57593128
436.0 12.87541992
438.0 13.17933936
440.0 13.4805
442.0 13.77893528
444.0 14.07357512
446.0 14.36294816
448.0 14.6462184
450.0 14.9226
452.0 15.19098944
454.0 15.45066776
456.0 15.70140088
458.0 15.9432724
460.0 16.1766
462.0 16.401484
464.0 16.61790768
466.0 16.82814496
468.0 17.03553984
470.0 17.2425
472.0 17.44942672
474.0 17.65712256
476.0 17.8659888
478.0 18.07602544
480.0 18.2875
482.0 18.50069672
484.0 18.715114
486.0 18.93337688
488.0 19.15941456
490.0 19.3952
492.0 19.63957952
494.0 19.89218528
496.0 20.14872024
498.0 20.4026636
500.0 20.6492
502.0 20.88776096
504.0 21.11730984
506.0 21.33523832
508.0 21.538704
510.0 21.72555
512.0 21.89569272
514.0 22.05001832
516.0 22.18536672
518.0 22.29722352
520.0 22.3839
522.0 22.44716848
524.0 22.48724632
526.0 22.51403176
528.0 22.542322
530.0 22.58245
532.0 22.63456624
534.0 22.69987456
536.0 22.78123408
538.0 22.8809856
540.0 23.00045
542.0 23.14004528
544.0 23.29988848
546.0 23.47728768
548.0 23.66789568
550.0 23.8678
552.0 24.07783664
554.0 24.30108208
556.0 24.52449472
558.0 24.72851216
560.0 24.90235
562.0 25.05219464
564.0 25.18284472
566.0 25.30363
568.0 25.42851168
570.0 25.57115
572.0 25.73298288
574.0 25.9091448
576.0 26.14223832
578.0 26.49446184
580.0 27.0028
582.0 27.65987928
584.0 28.46773952
586.0 29.39138576
588.0 30.3730504
590.0 31.3709
592.0 32.38598792
594.0 33.41580616
596.0 34.431914
598.0 35.39886504
600.0 36.29285
602.0 37.10865224
604.0 37.8372764
606.0 38.49132936
608.0 39.09605832
610.0 39.6682
612.0 40.20312296
614.0 40.70020856
616.0 41.16385416
618.0 41.59874136
620.0 42.009
622.0 42.39772328
624.0 42.76797096
626.0 43.12266904
628.0 43.46449272
630.0 43.79595
632.0 44.11874632
634.0 44.43368424
636.0 44.74477656
638.0 45.05720648
640.0 45.3739
642.0 45.69527512
644.0 46.02335496
646.0 46.3509332
648.0 46.66630584
650.0 46.9623
652.0 47.2404372
654.0 47.5000988
656.0 47.74605
658.0 47.9864836
660.0 48.22675
662.0 48.4661804
664.0 48.7056108
666.0 48.9438708
668.0 49.1782852
670.0 49.4076
672.0 49.6324004
674.0 49.8515996
676.0 50.0704644
678.0 50.2971876
680.0 50.5362
682.0 50.78514408
684.0 51.0428996
686.0 51.30366472
688.0 51.55857784
690.0 51.80065
692.0 52.03016544
694.0 52.24876272
696.0 52.444788
698.0 52.60160488
700.0 52.7098
702.0 52.77071096
704.0 52.7817796
706.0 52.75932464
708.0 52.72959648
710.0 52.7098
712.0 52.69816288
714.0 52.69670824
716.0 52.7025268
718.0 52.70834536
720.0 52.7098
722.0 52.7098
724.0 52.7098
726.0 52.7098
728.0 52.7098
730.0 52.7098
732.0 52.7098
734.0 52.7098
736.0 52.7098
738.0 52.7098
740.0 52.7098
742.0 52.7098
744.0 52.7098
746.0 52.7098
748.0 52.7098
750.0 52.7098
