380.0 15.3615
382.0 15.36809296
384.0 15.37561344
386.0 15.38281272
388.0 15.379452
390.0 15.3615
392.0 15.33769864
394.0 15.31132592
396.0 15.2955132
398.0 15.30862608
400.0 15.3615
402.0 15.4545468
404.0 15.593072
406.0 15.7586836
408.0 15.9210348
410.0 16.06165
412.0 16.18561208
414.0 16.2929712
416.0 16.39439472
418.0 16.50810744
420.0 16.64685
422.0 16.80804752
424.0 16.98945952
426.0 17.20121832
428.0 17.45720152
430.0 17.765
432.0 18.12275784
434.0 18.53121072
436.0 18.9765312
438.0 19.43689968
440.0 19.8968
442.0 20.35603152
444.0 20.8125544
446.0 21.25988128
448.0 21.69124056
450.0 22.10175
452.0 22.48895176
454.0 22.85020408
456.0 23.187296
458.0 23.50457472
460.0 23.8051
462.0 24.0884204
464.0 24.355188
466.0 24.6066568
468.0 24.8441644
470.0 25.06955
472.0 25.28470296
474.0 25.4910612
476.0 25.69382464
478.0 25.89993208
480.0 26.11455
482.0 26.33814656
484.0 26.57070504
486.0 26.81663952
488.0 27.0816348
490.0 27.36855
492.0 27.6760308
494.0 28.00342512
496.0 28.34436264
498.0 28.68914576
500.0 29.0301
502.0 29.36598808
504.0 29.69558944
506.0 30.0104772
508.0 30.29969976
510.0 30.5558
512.0 30.7784268
514.0 30.967112
516.0 31.1212704
518.0 31.2414036
520.0 31.3291
522.0 31.38504512
524.0 31.4090216
526.0 31.41184728
528.0 31.40940616
530.0 31.4127
532.0 31.42284904
534.0 31.44303008
536.0 31.47265792
538.0 31.50830496
540.0 31.54855
542.0 31.5958676
544.0 31.65080952
546.0 31.71812424
548.0 31.80466696
550.0 31.9143
552.0 32.04775904
554.0 32.20877264
556.0 32.38650624
558.0 32.56332024
560.0 32.7294
562.0 32.89156728
564.0 33.05572424
566.0 33.2266528
568.0 33.41104096
570.0 33.61765
572.0 33.84776736
574.0 34.095006
576.0 34.40318904
578.0 34.83744088
580.0 35.43595
582.0 36.18970432
584.0 37.10037584
586.0 38.12825456
588.0 39.20863408
590.0 40.2952
592.0 41.38890536
594.0 42.48590456
596.0 43.56049896
598.0 44.58234176
600.0 45.53065
602.0 46.39886944
604.0 47.17762016
606.0 47.87787048
608.0 48.5221924
610.0 49.12545
612.0 49.6832292
614.0 50.19501168
616.0 50.66407456
618.0 51.09367824
620.0 51.48715
622.0 51.8478004
624.0 52.17882296
626.0 52.48409672
628.0 52.76780168
630.0 53.03375
632.0 53.28399824
634.0 53.51964992
636.0 53.7467744
638.0 53.97331368
640.0 54.20415
642.0 54.44020296
644.0 54.6843484
646.0 54.92907904
648.0 55.16168768
650.0 55.37455
652.0 55.56987304
654.0 55.74735584
656.0 55.91271664
658.0 56.07548584
660.0 56.2419
662.0 56.41107296
664.0 56.58352304
666.0 56.75856472
668.0 56.9341916
670.0 57.10925
672.0 57.28420808
674.0 57.45854752
676.0 57.63397376
678.0 57.8132456
680.0 57.9975
682.0 58.18523216
684.0 58.37550576
686.0 58.56444176
688.0 58.74643896
690.0 58.9171
692.0 59.0764416
694.0 59.22538336
696.0 59.35701992
698.0 59.46157008
700.0 59.53365
702.0 59.57416256
704.0 59.58156952
706.0 59.56673888
708.0 59.54697584
710.0 59.53365
712.0 59.52575816
714.0 59.52477168
716.0 59.5287176
718.0 59.53266352
720.0 59.53365
722.0 59.53365
724.0 59.53365
726.0 59.53365
728.0 59.53365
730.0 59.53365
732.0 59.53365
734.0 59.53365
736.0 59.53365
738.0 59.53365
740.0 59.53365
742.0 59.53365
744.0 59.53365
746.0 59.53365
748.0 59.53365
750.0 59.53365
