380.0 15.9885
382.0 15.99346032
384.0 15.99903936
386.0 16.0042284
388.0 16.00167024
390.0 15.9885
392.0 15.97107176
394.0 15.9519496
396.0 15.94057464
398.0 15.95009968
400.0 15.9885
402.0 16.05658384
404.0 16.15865944
406.0 16.28247104
408.0 16.40745304
410.0 16.52145
412.0 16.62834096
414.0 16.72797544
416.0 16.83061952
418.0 16.9530768
420.0 17.10665
422.0 17.28901504
424.0 17.49866712
426.0 17.740338
428.0 18.01987968
430.0 18.33975
432.0 18.69857792
434.0 19.0965808
436.0 19.52192088
438.0 19.95662416
440.0 20.38795
442.0 20.81517944
444.0 21.23597168
446.0 21.64656472
448.0 22.04394896
450.0 22.4257
452.0 22.78972784
454.0 23.13447752
456.0 23.459832
458.0 23.76662728
460.0 24.0559
462.0 24.32771704
464.0 24.5820784
466.0 24.82323096
468.0 25.05736112
470.0 25.289
472.0 25.51876624
474.0 25.74767976
476.0 25.97776368
478.0 26.2110244
480.0 26.44895
482.0 26.69190832
484.0 26.93974888
486.0 27.19360864
488.0 27.4549088
490.0 27.72385
492.0 27.99825864
494.0 28.27539264
496.0 28.55344624
498.0 28.83049664
500.0 29.10325
502.0 29.36913144
504.0 29.62778984
506.0 29.86404344
508.0 30.05615624
510.0 30.19005
512.0 30.26766424
514.0 30.28990184
516.0 30.25763224
518.0 30.17403224
520.0 30.04375
522.0 29.86926008
524.0 29.65186664
526.0 29.4105636
528.0 29.17243736
530.0 28.95695
532.0 28.7656732
534.0 28.6011484
536.0 28.4719028
538.0 28.386798
540.0 28.35085
542.0 28.36392504
544.0 28.4257556
546.0 28.52871736
548.0 28.66060472
550.0 28.81065
552.0 28.98045832
554.0 29.17678456
556.0 29.3675932
558.0 29.50523224
560.0 29.56305
562.0 29.55338584
564.0 29.48363
566.0 29.38009976
568.0 29.28342472
570.0 29.22865
572.0 29.21749776
574.0 29.24224336
576.0 29.38051776
578.0 29.74392696
580.0 30.39905
582.0 31.33326328
584.0 32.54954296
586.0 33.98711184
588.0 35.54531552
590.0 37.14975
592.0 38.80079984
594.0 40.49428504
596.0 42.16829144
598.0 43.74298104
600.0 45.1649
602.0 46.42523688
604.0 47.50665304
606.0 48.433242
608.0 49.25441136
610.0 50.00325
612.0 50.67031112
614.0 51.2535716
616.0 51.76585568
618.0 52.22279656
620.0 52.63665
622.0 53.01300048
624.0 53.35818488
626.0 53.67678448
628.0 53.97164168
630.0 54.24595
632.0 54.50405664
634.0 54.74895448
636.0 54.98499072
638.0 55.21693056
640.0 55.4477
642.0 55.67895432
644.0 55.91378672
646.0 56.14519152
648.0 56.36138112
650.0 56.5554
652.0 56.72927128
654.0 56.88245992
656.0 57.02160376
658.0 57.1575708
660.0 57.29735
662.0 57.44028928
664.0 57.58782656
666.0 57.73686864
668.0 57.88147992
670.0 58.0184
672.0 58.14858192
674.0 58.27057104
676.0 58.39113896
678.0 58.52107008
680.0 58.6663
682.0 58.82482232
684.0 58.99732256
686.0 59.1738356
688.0 59.33864464
690.0 59.4814
692.0 59.60352288
694.0 59.7048628
696.0 59.78530272
698.0 59.84618024
700.0 59.88895
702.0 59.91307696
704.0 59.91764152
706.0 59.90916448
708.0 59.89742704
710.0 59.88895
712.0 59.88373336
714.0 59.88308128
716.0 59.8856896
718.0 59.88829792
720.0 59.88895
722.0 59.88895
724.0 59.88895
726.0 59.88895
728.0 59.88895
730.0 59.88895
732.0 59.88895
734.0 59.88895
736.0 59.88895
738.0 59.88895
740.0 59.88895
742.0 59.88895
744.0 59.88895
746.0 59.88895
748.0 59.88895
750.0 59.88895
