380.0 8.3182
382.0 8.32413632
384.0 8.33081776
386.0 8.3370412
388.0 8.33398144
390.0 8.3182
392.0 8.29711032
394.0 8.2733672
396.0 8.25890728
398.0 8.27053056
400.0 8.3182
402.0 8.40183344
404.0 8.52534408
406.0 8.67376752
408.0 8.82235816
410.0 8.95565
412.0 9.07707064
414.0 9.18606832
416.0 9.2890468
418.0 9.39771008
420.0 9.51995
422.0 9.65369328
424.0 9.7978364
426.0 9.95635872
428.0 10.13444344
430.0 10.33505
432.0 10.55755976
434.0 10.80188912
436.0 11.06427608
438.0 11.33870144
440.0 11.6204
442.0 11.90880328
444.0 12.20332608
446.0 12.49835048
448.0 12.78643608
450.0 13.0625
452.0 13.32602392
454.0 13.57603808
456.0 13.81292704
458.0 14.0383628
460.0 14.2538
462.0 14.45892096
464.0 14.65344144
466.0 14.84102312
468.0 15.0270164
470.0 15.2152
472.0 15.40594176
474.0 15.60011112
476.0 15.79837688
478.0 16.00090624
480.0 16.20795
482.0 16.41990944
484.0 16.63663408
486.0 16.85912712
488.0 17.08880976
490.0 17.3261
492.0 17.5697104
494.0 17.81835352
496.0 18.06983904
498.0 18.32124096
500.0 18.56965
502.0 18.81372856
504.0 19.05280784
506.0 19.28026672
508.0 19.4869928
510.0 19.6669
512.0 19.82037288
514.0 19.94764552
516.0 20.04799896
518.0 20.121266
520.0 20.1685
522.0 20.19087136
524.0 20.18886496
526.0 20.17130896
528.0 20.15099416
530.0 20.13715
532.0 20.13067936
534.0 20.13318736
536.0 20.14848616
538.0 20.18033776
540.0 20.2312
542.0 20.30169152
544.0 20.39209656
546.0 20.5010608
548.0 20.62599264
550.0 20.76415
552.0 20.9165528
554.0 21.0866788
556.0 21.2609012
558.0 21.4184872
560.0 21.5479
562.0 21.65525912
564.0 21.744778
566.0 21.82668928
568.0 21.91654256
570.0 22.0286
572.0 22.163614
574.0 22.31675248
576.0 22.52715696
578.0 22.85184264
580.0 23.3244
582.0 23.93795712
584.0 24.69473776
586.0 25.5596132
588.0 26.47506664
590.0 27.3999
592.0 28.33526696
594.0 29.2782248
596.0 30.20488064
598.0 31.08655968
600.0 31.90385
602.0 32.65126744
604.0 33.32040184
606.0 33.92248904
608.0 34.47993384
610.0 35.0075
612.0 35.50114128
614.0 35.96057344
616.0 36.388572
618.0 36.78756136
620.0 37.1602
622.0 37.5093972
624.0 37.8376108
626.0 38.1488536
628.0 38.4478072
630.0 38.73815
632.0 39.0212196
634.0 39.2980192
636.0 39.571224
638.0 39.8438436
640.0 40.11755
642.0 40.39321264
644.0 40.6729048
646.0 40.95067416
648.0 41.21682312
650.0 41.4656
652.0 41.69849288
654.0 41.91500016
656.0 42.12055584
658.0 42.32410512
660.0 42.5315
662.0 42.74213856
664.0 42.95689024
666.0 43.17448432
668.0 43.3919948
670.0 43.60785
672.0 43.82250136
674.0 44.03481192
676.0 44.24887808
678.0 44.47122064
680.0 44.7051
682.0 44.94819208
684.0 45.19941008
686.0 45.45238368
688.0 45.69758248
690.0 45.92775
692.0 46.14312032
694.0 46.34489728
696.0 46.52351704
698.0 46.6656036
700.0 46.76375
702.0 46.81899288
704.0 46.82907504
706.0 46.8088104
708.0 46.78185776
710.0 46.76375
712.0 46.7530492
714.0 46.7517116
716.0 46.757062
718.0 46.7624124
720.0 46.76375
722.0 46.76375
724.0 46.76375
726.0 46.76375
728.0 46.76375
730.0 46.76375
732.0 46.76375
734.0 46.76375
736.0 46.76375
738.0 46.76375
740.0 46.76375
742.0 46.76375
744.0 46.76375
746.0 46.76375
748.0 46.76375
750.0 46.76375
