380.0 14.87035
382.0 14.87780216
384.0 14.8862668
386.0 14.89430104
388.0 14.89048888
390.0 14.87035
392.0 14.84363768
394.0 14.81404824
396.0 14.7963052
398.0 14.81099896
400.0 14.87035
402.0 14.97491688
404.0 15.1306804
406.0 15.31754312
408.0 15.50223224
410.0 15.66455
412.0 15.80944552
414.0 15.93551432
416.0 16.05706872
418.0 16.19835272
420.0 16.37515
422.0 16.58324712
424.0 16.82050392
426.0 17.08986312
428.0 17.39416712
430.0 17.73365
432.0 18.10735872
434.0 18.51616272
436.0 18.94519792
438.0 19.37214312
440.0 19.78185
442.0 20.17431856
444.0 20.54714112
446.0 20.90031768
448.0 21.23677424
450.0 21.55835
452.0 21.862654
454.0 22.14788048
456.0 22.41722296
458.0 22.67586464
460.0 22.9273
462.0 23.17151232
464.0 23.40938776
466.0 23.640408
468.0 23.86306824
470.0 24.0768
472.0 24.28310808
474.0 24.4832632
476.0 24.67840232
478.0 24.86986304
480.0 25.0591
482.0 25.24626368
484.0 25.43030072
486.0 25.61718016
488.0 25.8157636
490.0 26.03095
492.0 26.26023136
494.0 26.50191896
496.0 26.75113056
498.0 27.00042576
500.0 27.24315
502.0 27.4775644
504.0 27.70283296
506.0 27.90628192
508.0 28.07043888
510.0 28.18365
512.0 28.24720272
514.0 28.26258512
516.0 28.22697152
518.0 28.13760312
520.0 27.99555
522.0 27.8044404
524.0 27.56594632
526.0 27.30095104
528.0 27.03971776
530.0 26.80425
532.0 26.59536704
534.0 26.41387144
536.0 26.27459384
538.0 26.19584264
540.0 26.1877
542.0 26.24810936
544.0 26.37692024
546.0 26.55722872
548.0 26.7623664
550.0 26.97145
552.0 27.18720488
554.0 27.41730552
556.0 27.62341296
558.0 27.749766
560.0 27.76565
562.0 27.68415672
564.0 27.51122176
566.0 27.2859532
568.0 27.06896104
570.0 26.90875
572.0 26.80657408
574.0 26.7567652
576.0 26.83661992
578.0 27.15473464
580.0 27.7761
582.0 28.69021584
584.0 29.90097792
586.0 31.348328
588.0 32.93244768
590.0 34.57905
592.0 36.28786744
594.0 38.054302
596.0 39.81354696
598.0 41.48158432
600.0 43.00175
602.0 44.36463064
604.0 45.55218536
606.0 46.58599968
608.0 47.5124716
610.0 48.3626
612.0 49.126286
614.0 49.80058688
616.0 50.39914616
618.0 50.93943624
620.0 51.4349
622.0 51.89028592
624.0 52.31107816
626.0 52.7031956
628.0 53.07157064
630.0 53.4204
632.0 53.75399744
634.0 54.0764928
636.0 54.38761856
638.0 54.68486672
640.0 54.967
642.0 55.23661
644.0 55.49590376
646.0 55.74399512
648.0 55.97896128
650.0 56.2001
652.0 56.40844792
654.0 56.60407192
656.0 56.79108512
658.0 56.97559032
660.0 57.1615
662.0 57.34861352
664.0 57.53763312
666.0 57.72665272
668.0 57.91207752
670.0 58.09155
672.0 58.26562192
674.0 58.43424312
676.0 58.59726312
678.0 58.75476552
680.0 58.90665
682.0 59.05209728
684.0 59.19007072
686.0 59.32102176
688.0 59.4459536
690.0 59.565
692.0 59.67797704
694.0 59.78608856
696.0 59.88349928
698.0 59.961264
700.0 60.01435
702.0 60.044028
704.0 60.04944528
706.0 60.03856056
708.0 60.02408104
710.0 60.01435
712.0 60.00859832
714.0 60.00787936
716.0 60.0107552
718.0 60.01363104
720.0 60.01435
722.0 60.01435
724.0 60.01435
726.0 60.01435
728.0 60.01435
730.0 60.01435
732.0 60.01435
734.0 60.01435
736.0 60.01435
738.0 60.01435
740.0 60.01435
742.0 60.01435
744.0 60.01435
746.0 60.01435
748.0 60.01435
750.0 60.01435
