380.0 15.20475
382.0 15.21204728
384.0 15.22039224
386.0 15.2284212
388.0 15.22470936
390.0 15.20475
392.0 15.17827352
394.0 15.1488724
396.0 15.13121208
398.0 15.14582136
400.0 15.20475
402.0 15.30829696
404.0 15.46222128
406.0 15.64574
408.0 15.82466072
410.0 15.97805
412.0 16.11094056
414.0 16.2223292
416.0 16.32493984
418.0 16.44067568
420.0 16.58415
422.0 16.75150048
424.0 16.94015224
426.0 17.1566428
428.0 17.40941576
430.0 17.7023
432.0 18.03405824
434.0 18.406212
436.0 18.80227536
438.0 19.19683392
440.0 19.57285
442.0 19.931076
444.0 20.26928816
446.0 20.58810512
448.0 20.89153968
450.0 21.18215
452.0 21.45732776
454.0 21.71511672
456.0 21.95902808
458.0 22.19466304
460.0 22.4257
462.0 22.65215568
464.0 22.87520048
466.0 23.09314568
468.0 23.30264728
470.0 23.50205
472.0 23.6933268
474.0 23.87806608
476.0 24.05787296
478.0 24.23483744
480.0 24.4112
482.0 24.58737864
484.0 24.76237016
486.0 24.94438408
488.0 25.1454588
490.0 25.3726
492.0 25.62296528
494.0 25.89449808
496.0 26.18291808
498.0 26.48145368
500.0 26.78335
502.0 27.0863164
504.0 27.38951688
506.0 27.67591376
508.0 27.92159744
510.0 28.1105
512.0 28.2437584
514.0 28.32205816
516.0 28.34242312
518.0 28.30276328
520.0 28.20455
522.0 28.05065912
524.0 27.84216072
526.0 27.60089112
528.0 27.35870192
530.0 27.13865
532.0 26.94165496
534.0 26.76907112
536.0 26.63502688
538.0 26.55649304
540.0 26.543
542.0 26.5932436
544.0 26.70742448
546.0 26.87059496
548.0 27.05892904
550.0 27.2536
552.0 27.45738336
554.0 27.67800376
556.0 27.87847656
558.0 28.00471256
560.0 28.0269
562.0 27.95811392
564.0 27.80465776
566.0 27.6033824
568.0 27.41130304
570.0 27.2745
572.0 27.19459512
574.0 27.1660708
576.0 27.26545448
578.0 27.60050656
580.0 28.2359
582.0 29.16108448
584.0 30.37947088
586.0 31.83369288
588.0 33.42811208
590.0 35.0911
592.0 36.82185408
594.0 38.61565928
596.0 40.40720728
598.0 42.11139328
600.0 43.67055
602.0 45.0752808
604.0 46.30777888
606.0 47.38687096
608.0 48.35494224
610.0 49.2404
612.0 50.03324568
614.0 50.73011856
616.0 51.34573224
618.0 51.89964912
620.0 52.40675
622.0 52.87146568
624.0 53.29921344
626.0 53.696698
628.0 54.06985496
630.0 54.4236
632.0 54.76241408
634.0 55.0906444
636.0 55.40809032
638.0 55.71216024
640.0 56.00155
642.0 56.27903512
644.0 56.54705672
646.0 56.80421032
648.0 57.04773712
650.0 57.27645
652.0 57.4915528
654.0 57.69312912
656.0 57.88576024
658.0 58.07630136
660.0 58.2692
662.0 58.46418864
664.0 58.66190264
666.0 58.86087064
668.0 59.05808304
670.0 59.2515
672.0 59.4416064
674.0 59.62840224
676.0 59.81110168
678.0 59.98878512
680.0 60.16065
682.0 60.32579344
684.0 60.48291128
686.0 60.63250512
688.0 60.77582896
690.0 60.91305
692.0 61.0438004
694.0 61.16938432
696.0 61.28284624
698.0 61.37356896
700.0 61.43555
702.0 61.47022728
704.0 61.47654744
706.0 61.4638068
708.0 61.44688616
710.0 61.43555
712.0 61.428862
714.0 61.428026
716.0 61.43137
718.0 61.434714
720.0 61.43555
722.0 61.43555
724.0 61.43555
726.0 61.43555
728.0 61.43555
730.0 61.43555
732.0 61.43555
734.0 61.43555
736.0 61.43555
738.0 61.43555
740.0 61.43555
742.0 61.43555
744.0 61.43555
746.0 61.43555
748.0 61.43555
750.0 61.43555
