380.0 13.05205
382.0 13.05831784
384.0 13.06556056
386.0 13.07267248
388.0 13.0695124
390.0 13.05205
392.0 13.02889336
394.0 13.00311328
396.0 12.9876052
398.0 13.00043752
400.0 13.05205
402.0 13.1424216
404.0 13.2764324
406.0 13.4347708
408.0 13.5859196
410.0 13.7104
412.0 13.81227496
414.0 13.8900564
416.0 13.95496344
418.0 14.02664208
420.0 14.11795
422.0 14.22549304
424.0 14.34788344
426.0 14.48774624
428.0 14.64767304
430.0 14.82855
432.0 15.03037712
434.0 15.25427464
436.0 15.49154816
438.0 15.72882168
440.0 15.95715
442.0 16.17686752
444.0 16.38665336
446.0 16.5872432
448.0 16.78139584
450.0 16.9708
452.0 17.15401776
454.0 17.3301964
456.0 17.50027224
458.0 17.66575008
460.0 17.8277
462.0 17.98613872
464.0 18.14123344
466.0 18.29340216
468.0 18.44306288
470.0 18.59055
472.0 18.73636512
474.0 18.88127736
476.0 19.0245176
478.0 19.16466464
480.0 19.30115
482.0 19.4339904
484.0 19.561982
486.0 19.6897228
488.0 19.8244024
490.0 19.96995
492.0 20.12355664
494.0 20.2826976
496.0 20.44493176
498.0 20.60683152
500.0 20.76415
502.0 20.9149644
504.0 21.05947536
506.0 21.18174872
508.0 21.25887808
510.0 21.2762
512.0 21.23613888
514.0 21.13994872
516.0 20.98941856
518.0 20.7890628
520.0 20.5447
522.0 20.25907224
524.0 19.93355056
526.0 19.58930248
528.0 19.256424
530.0 18.9563
532.0 18.69006744
534.0 18.45978288
536.0 18.27414072
538.0 18.14208616
540.0 18.06805
542.0 18.05101232
544.0 18.09022072
546.0 18.17365352
548.0 18.28283512
550.0 18.40245
552.0 18.53356824
554.0 18.68210872
556.0 18.8140964
558.0 18.87995648
560.0 18.8518
562.0 18.74325376
564.0 18.5647176
566.0 18.33861304
568.0 18.09921608
570.0 17.87995
572.0 17.68954264
574.0 17.52727504
576.0 17.48029184
578.0 17.67240464
580.0 18.183
582.0 19.0021128
584.0 20.12773664
586.0 21.54345248
588.0 23.21339592
590.0 25.1009
592.0 27.19844072
594.0 29.50526568
596.0 31.91483504
598.0 34.2748296
600.0 36.48095
602.0 38.52629088
604.0 40.38878184
606.0 42.0726196
608.0 43.60631176
610.0 45.00815
612.0 46.26151464
614.0 47.3563068
616.0 48.31282456
618.0 49.16291952
620.0 49.9301
622.0 50.6165396
624.0 51.22695336
626.0 51.77491792
628.0 52.27573208
630.0 52.74115
632.0 53.1772076
634.0 53.59054272
636.0 53.98247624
638.0 54.35091816
640.0 54.6953
642.0 55.02035352
644.0 55.33019184
646.0 55.62339376
648.0 55.89644808
650.0 56.14785
652.0 56.3797564
654.0 56.59307016
656.0 56.79225552
658.0 56.98374968
660.0 57.17195
662.0 57.35709056
664.0 57.54005752
666.0 57.72068368
668.0 57.89779864
670.0 58.07065
672.0 58.23982296
674.0 58.40553488
676.0 58.567234
678.0 58.72408432
680.0 58.8753
682.0 59.02044632
684.0 59.1590384
686.0 59.28993928
688.0 59.41172776
690.0 59.5232
692.0 59.62442288
694.0 59.71613208
696.0 59.79521768
698.0 59.85708168
700.0 59.8994
702.0 59.92300864
704.0 59.92738928
706.0 59.91889552
708.0 59.90739216
710.0 59.8994
712.0 59.89458464
714.0 59.89398272
716.0 59.8963904
718.0 59.89879808
720.0 59.8994
722.0 59.8994
724.0 59.8994
726.0 59.8994
728.0 59.8994
730.0 59.8994
732.0 59.8994
734.0 59.8994
736.0 59.8994
738.0 59.8994
740.0 59.8994
742.0 59.8994
744.0 59.8994
746.0 59.8994
748.0 59.8994
750.0 59.8994
