380.0 14.97485
382.0 14.98252616
384.0 14.99128328
386.0 14.9996684
388.0 14.99575592
390.0 14.97485
392.0 14.94713152
394.0 14.9164152
396.0 14.89799648
398.0 14.91326856
400.0 14.97485
402.0 15.08321232
404.0 15.24452688
406.0 15.43735864
408.0 15.6263448
410.0 15.78995
412.0 15.93355808
414.0 16.05616584
416.0 16.1717512
418.0 16.30414016
420.0 16.4692
422.0 16.66313528
424.0 16.883856
426.0 17.13709712
428.0 17.42979744
430.0 17.765
432.0 18.14155112
434.0 18.56021992
436.0 19.00714552
438.0 19.46109352
440.0 19.90725
442.0 20.34536416
444.0 20.77319552
446.0 21.18731648
448.0 21.58546984
450.0 21.9659
452.0 22.32623272
454.0 22.66427768
456.0 22.98234224
458.0 23.2849408
460.0 23.5752
462.0 23.85271856
464.0 24.11788104
466.0 24.37175752
468.0 24.6154348
470.0 24.8501
472.0 25.07704056
474.0 25.29754392
476.0 25.51319848
478.0 25.72575984
480.0 25.9369
482.0 26.14697008
484.0 26.35530128
486.0 26.56672568
488.0 26.78826568
490.0 27.0237
492.0 27.27050392
494.0 27.52637008
496.0 27.78800464
498.0 28.0506424
500.0 28.30905
502.0 28.56097024
504.0 28.80591824
506.0 29.02812704
508.0 29.20527544
510.0 29.3227
512.0 29.38218976
514.0 29.38493184
516.0 29.32990632
518.0 29.2175312
520.0 29.051
522.0 28.83357312
524.0 28.56697272
526.0 28.27244992
528.0 27.98051872
530.0 27.7134
532.0 27.47251496
534.0 27.25955232
536.0 27.08830608
538.0 26.97524544
540.0 26.92965
542.0 26.95033264
544.0 27.03747728
546.0 27.17678832
548.0 27.34544296
550.0 27.5253
552.0 27.71903464
554.0 27.93428792
556.0 28.1344096
558.0 28.26572848
560.0 28.2986
562.0 28.24571464
564.0 28.1128408
566.0 27.93674576
568.0 27.77444472
570.0 27.6716
572.0 27.62891384
574.0 27.64004936
576.0 27.77951088
578.0 28.1523836
580.0 28.8211
582.0 29.77500944
584.0 31.01825848
586.0 32.48873232
588.0 34.08393736
590.0 35.72855
592.0 37.42257024
594.0 39.16026312
596.0 40.8844128
598.0 42.52270528
600.0 44.02585
602.0 45.3835976
604.0 46.578994
606.0 47.6295116
608.0 48.574108
610.0 49.43895
612.0 50.21505896
614.0 50.899442
616.0 51.50582624
618.0 52.05243648
620.0 52.55305
622.0 53.01189696
624.0 53.43439464
626.0 53.82554232
628.0 54.1889348
630.0 54.5281
632.0 54.84750216
634.0 55.15093672
636.0 55.44032648
638.0 55.71659104
640.0 55.98065
642.0 56.2350448
644.0 56.48273488
646.0 56.72097816
648.0 56.94459144
650.0 57.15105
652.0 57.34209272
654.0 57.51760256
656.0 57.6843344
658.0 57.85257104
660.0 58.02885
662.0 58.2124356
664.0 58.4040468
666.0 58.6008412
668.0 58.7974684
670.0 58.99025
672.0 59.17997184
674.0 59.366868
676.0 59.54891536
678.0 59.72352232
680.0 59.88895
682.0 60.04429552
684.0 60.18778656
686.0 60.321998
688.0 60.45152784
690.0 60.57865
692.0 60.70264552
694.0 60.8250192
696.0 60.93786248
698.0 61.02880256
700.0 61.0907
702.0 61.12529368
704.0 61.13156368
706.0 61.11877288
708.0 61.10188568
710.0 61.0907
712.0 61.08414576
714.0 61.08332648
716.0 61.0866036
718.0 61.08988072
720.0 61.0907
722.0 61.0907
724.0 61.0907
726.0 61.0907
728.0 61.0907
730.0 61.0907
732.0 61.0907
734.0 61.0907
736.0 61.0907
738.0 61.0907
740.0 61.0907
742.0 61.0907
744.0 61.0907
746.0 61.0907
748.0 61.0907
750.0 61.0907
