380.0 14.89125
382.0 14.90008584
384.0 14.91013704
386.0 14.91970584
388.0 14.91519144
390.0 14.89125
392.0 14.85932024
394.0 14.82343144
396.0 14.80162584
398.0 14.81927944
400.0 14.89125
402.0 15.01726864
404.0 15.20336224
406.0 15.42523664
408.0 15.64301464
410.0 15.83175
412.0 15.996442
414.0 16.13541864
416.0 16.26009968
418.0 16.39121792
420.0 16.54235
422.0 16.70928248
424.0 16.88977488
426.0 17.08807408
428.0 17.30936328
430.0 17.556
432.0 17.82749936
434.0 18.12504848
436.0 18.4380636
438.0 18.75015912
440.0 19.05035
442.0 19.33913784
444.0 19.615068
446.0 19.87854176
448.0 20.13215072
450.0 20.3775
452.0 20.612834
454.0 20.83684856
456.0 21.05149992
458.0 21.25996488
460.0 21.4643
462.0 21.66447184
464.0 21.86116592
466.0 22.0531784
468.0 22.23825208
470.0 22.41525
472.0 22.58534256
474.0 22.7493992
476.0 22.90869064
478.0 23.06497248
480.0 23.2199
482.0 23.373306
484.0 23.52390304
486.0 23.67750968
488.0 23.84282032
490.0 24.02455
492.0 24.2200068
494.0 24.42731808
496.0 24.64131736
498.0 24.85422984
500.0 25.0591
502.0 25.25425584
504.0 25.43919576
506.0 25.60014248
508.0 25.7179516
510.0 25.78015
512.0 25.78837624
514.0 25.74393448
516.0 25.64649032
518.0 25.49713056
520.0 25.29945
522.0 25.05669232
524.0 24.77044592
526.0 24.46171112
528.0 24.16058392
530.0 23.8887
532.0 23.64706256
534.0 23.43710952
536.0 23.27054488
538.0 23.16091184
540.0 23.1154
542.0 23.1324544
544.0 23.21160688
546.0 23.33832776
548.0 23.48996144
550.0 23.64835
552.0 23.8153828
554.0 23.99784816
556.0 24.15958072
558.0 24.24791248
560.0 24.23355
562.0 24.12966864
564.0 23.94405992
566.0 23.708124
568.0 23.47034888
570.0 23.27215
572.0 23.11797488
574.0 23.0042956
576.0 23.01200352
578.0 23.25537984
580.0 23.8051
582.0 24.65108184
584.0 25.79488032
586.0 27.1954144
588.0 28.78070448
590.0 30.4931
592.0 32.32940744
594.0 34.2866172
596.0 36.28395496
598.0 38.21090152
600.0 39.99215
602.0 41.61940728
604.0 43.07344536
606.0 44.36713864
608.0 45.53693672
610.0 46.607
612.0 47.5648052
614.0 48.40418264
616.0 49.14257128
618.0 49.80521832
620.0 50.4108
622.0 50.9626436
624.0 51.46598248
626.0 51.92885896
628.0 52.35879704
630.0 52.76205
632.0 53.14370072
634.0 53.50856456
636.0 53.8578788
638.0 54.19080744
640.0 54.5072
642.0 54.81014968
644.0 55.1026828
646.0 55.38234152
648.0 55.64444424
650.0 55.8866
652.0 56.11054768
654.0 56.31673872
656.0 56.50955376
658.0 56.6955972
660.0 56.87935
662.0 57.0606784
664.0 57.24005056
666.0 57.41783432
668.0 57.59377888
670.0 57.7676
672.0 57.93976584
674.0 58.11079472
676.0 58.2786468
678.0 58.44014528
680.0 58.59315
682.0 58.73737672
684.0 58.8717888
686.0 58.99750648
688.0 59.11678696
690.0 59.2306
692.0 59.3385276
694.0 59.44167328
696.0 59.53453616
698.0 59.60858904
700.0 59.65905
702.0 59.6872232
704.0 59.69237296
706.0 59.68205672
708.0 59.66831288
710.0 59.65905
712.0 59.65356584
714.0 59.65288032
716.0 59.6556224
718.0 59.65836448
720.0 59.65905
722.0 59.65905
724.0 59.65905
726.0 59.65905
728.0 59.65905
730.0 59.65905
732.0 59.65905
734.0 59.65905
736.0 59.65905
738.0 59.65905
740.0 59.65905
742.0 59.65905
744.0 59.65905
746.0 59.65905
748.0 59.65905
750.0 59.65905
