380.0 12.2265
382.0 12.23454544
384.0 12.24369072
386.0 12.252384
388.0 12.24827088
390.0 12.2265
392.0 12.197516
394.0 12.1650928
396.0 12.145476
398.0 12.1614728
400.0 12.2265
402.0 12.34059728
404.0 12.5095696
406.0 12.71148032
408.0 12.91021424
410.0 13.0834
412.0 13.23620408
414.0 13.36782392
416.0 13.48924456
418.0 13.6199448
420.0 13.7731
422.0 13.94519896
424.0 14.13380056
426.0 14.34656256
428.0 14.59376776
430.0 14.8808
432.0 15.20652232
434.0 15.57230576
436.0 15.964674
438.0 16.36247624
440.0 16.75135
442.0 17.13186376
444.0 17.5021616
446.0 17.86117344
448.0 18.20990248
450.0 18.54875
452.0 18.87525816
454.0 19.18732024
456.0 19.48709312
458.0 19.778506
460.0 20.064
462.0 20.34329088
464.0 20.61728152
466.0 20.88374816
468.0 21.1388452
470.0 21.3807
472.0 21.6111016
474.0 21.83118696
476.0 22.04424992
478.0 22.25505568
480.0 22.4675
482.0 22.6817668
484.0 22.89713712
486.0 23.12061664
488.0 23.36215376
490.0 23.62745
492.0 23.9143652
494.0 24.22154504
496.0 24.54410728
498.0 24.87436072
500.0 25.2054
502.0 25.53551968
504.0 25.86390048
506.0 26.17706608
508.0 26.45637368
510.0 26.6893
512.0 26.87636336
514.0 27.01758048
516.0 27.1115636
518.0 27.15822912
520.0 27.15955
522.0 27.11748248
524.0 27.0330632
526.0 26.92155752
528.0 26.80503584
530.0 26.69975
532.0 26.60710448
534.0 26.52880472
536.0 26.47558496
538.0 26.4603196
540.0 26.49075
542.0 26.56662536
544.0 26.68843056
546.0 26.84835736
548.0 27.03336416
550.0 27.2327
552.0 27.448806
554.0 27.68828656
556.0 27.92358712
558.0 28.11366008
560.0 28.2359
562.0 28.30050608
564.0 28.31215992
566.0 28.29881736
568.0 28.3036996
570.0 28.3613
572.0 28.4709832
574.0 28.62577696
576.0 28.88440192
578.0 29.33045808
580.0 30.0124
582.0 30.9203796
584.0 32.05827592
586.0 33.36654904
588.0 34.74880816
590.0 36.1361
592.0 37.52986248
594.0 38.92477864
596.0 40.2824928
598.0 41.55761016
600.0 42.7196
602.0 43.75978464
604.0 44.6650556
606.0 45.45479136
608.0 46.16677912
610.0 46.82645
612.0 47.42781824
614.0 47.97039896
616.0 48.46281968
618.0 48.9148616
620.0 49.33445
622.0 49.72599896
624.0 50.09402288
626.0 50.4422336
628.0 50.77338992
630.0 51.09005
632.0 51.39534048
634.0 51.6920536
636.0 51.98074112
638.0 52.26081784
640.0 52.53215
642.0 52.79659352
644.0 53.05608792
646.0 53.30914512
648.0 53.55292272
650.0 53.78615
652.0 54.00991376
654.0 54.22414712
656.0 54.43344808
658.0 54.64475544
660.0 54.8625
662.0 55.08607984
664.0 55.31567888
666.0 55.54995952
668.0 55.78624656
670.0 56.02245
672.0 56.25880392
674.0 56.49555912
676.0 56.72947192
678.0 56.95594432
680.0 57.17195
682.0 57.37640216
684.0 57.56664232
686.0 57.74676688
688.0 57.92404904
690.0 58.102
692.0 58.2793156
694.0 58.45820288
696.0 58.62572056
698.0 58.76172104
700.0 58.8544
702.0 58.90629888
704.0 58.91564536
706.0 58.89631704
708.0 58.87096952
710.0 58.8544
712.0 58.84476928
714.0 58.84356544
716.0 58.8483808
718.0 58.85319616
720.0 58.8544
722.0 58.8544
724.0 58.8544
726.0 58.8544
728.0 58.8544
730.0 58.8544
732.0 58.8544
734.0 58.8544
736.0 58.8544
738.0 58.8544
740.0 58.8544
742.0 58.8544
744.0 58.8544
746.0 58.8544
748.0 58.8544
750.0 58.8544
