380.0 17.48285
382.0 17.48710824
384.0 17.49200216
386.0 17.49675728
388.0 17.4946004
390.0 17.48285
392.0 17.46746032
394.0 17.45091288
396.0 17.44127744
398.0 17.4496996
400.0 17.48285
402.0 17.541788
404.0 17.63102264
406.0 17.73814768
408.0 17.84251392
410.0 17.9322
412.0 18.01110168
414.0 18.07856688
416.0 18.14795488
418.0 18.24075088
420.0 18.3711
422.0 18.5357084
424.0 18.73240248
426.0 18.96504456
428.0 19.23798184
430.0 19.55195
432.0 19.9058288
434.0 20.30155776
436.0 20.71885552
438.0 21.12704088
440.0 21.5061
442.0 21.85685216
444.0 22.17566912
446.0 22.46932248
448.0 22.75177344
450.0 23.0318
452.0 23.3057572
454.0 23.57242448
456.0 23.83190216
458.0 24.08368864
460.0 24.3276
462.0 24.56467288
464.0 24.79606096
466.0 25.02092824
468.0 25.23768632
470.0 25.44575
472.0 25.64632312
474.0 25.84029184
476.0 26.02982976
478.0 26.21794648
480.0 26.40715
482.0 26.59720624
484.0 26.78674416
486.0 26.98188328
488.0 27.1916524
490.0 27.4208
492.0 27.66594864
494.0 27.92422248
496.0 28.19043832
498.0 28.45707216
500.0 28.7166
502.0 28.96651384
504.0 29.20651272
506.0 29.4168336
508.0 29.56955408
510.0 29.64665
512.0 29.65056248
514.0 29.5825288
516.0 29.44418752
518.0 29.24038744
520.0 28.97785
522.0 28.66020344
524.0 28.28958792
526.0 27.8916352
528.0 27.50271128
530.0 27.1491
532.0 26.83238976
534.0 26.5544532
536.0 26.33018784
538.0 26.17698248
540.0 26.1041
542.0 26.10983496
544.0 26.19425424
546.0 26.33802952
548.0 26.5108976
550.0 26.6893
552.0 26.8762296
554.0 27.08006312
556.0 27.25898384
558.0 27.35229816
560.0 27.32675
562.0 27.19715328
564.0 26.97081464
566.0 26.6904704
568.0 26.42208096
570.0 26.21905
572.0 26.08333376
574.0 26.008378
576.0 26.08365144
578.0 26.43522288
580.0 27.13865
582.0 28.18110856
584.0 29.56592584
586.0 31.22620512
588.0 33.0505912
590.0 34.95525
592.0 36.93886064
594.0 38.99623992
596.0 41.0475164
598.0 42.98793928
600.0 44.7469
602.0 46.31391512
604.0 47.6678004
606.0 48.83325128
608.0 49.86435696
610.0 50.79745
612.0 51.62047528
614.0 52.32957048
616.0 52.94311088
618.0 53.48525688
620.0 53.97425
622.0 54.4157416
624.0 54.81683768
626.0 55.18399216
628.0 55.52171944
630.0 55.83435
632.0 56.12763552
634.0 56.40664216
636.0 56.67244
638.0 56.92410944
640.0 57.1615
642.0 57.387638
644.0 57.605416
646.0 57.8130784
648.0 58.0070304
650.0 58.1856
652.0 58.35027528
654.0 58.50119
656.0 58.64324312
658.0 58.78379144
660.0 58.92755
662.0 59.07423456
664.0 59.22468112
666.0 59.37663248
668.0 59.52582504
670.0 59.6695
672.0 59.8083596
674.0 59.94235368
676.0 60.07158256
678.0 60.19654784
680.0 60.3174
682.0 60.43340336
684.0 60.54383896
686.0 60.64850616
688.0 60.74732136
690.0 60.8399
692.0 60.92620864
694.0 61.00706656
696.0 61.07872848
698.0 61.1355096
700.0 61.1743
702.0 61.19596912
704.0 61.19994848
706.0 61.19205664
708.0 61.1814896
710.0 61.1743
712.0 61.17001968
714.0 61.16948464
716.0 61.1716248
718.0 61.17376496
720.0 61.1743
722.0 61.1743
724.0 61.1743
726.0 61.1743
728.0 61.1743
730.0 61.1743
732.0 61.1743
734.0 61.1743
736.0 61.1743
738.0 61.1743
740.0 61.1743
742.0 61.1743
744.0 61.1743
746.0 61.1743
748.0 61.1743
750.0 61.1743
