380.0 17.5769
382.0 17.57690384
384.0 17.57691344
386.0 17.57693264
388.0 17.57693264
390.0 17.5769
392.0 17.57727056
394.0 17.57887184
396.0 17.58049232
398.0 17.5801064
400.0 17.5769
402.0 17.57292064
404.0 17.57064672
406.0 17.5703792
408.0 17.57195088
410.0 17.5769
412.0 17.58753392
414.0 17.6043208
416.0 17.63933248
418.0 17.70995776
420.0 17.8277
422.0 17.99100424
424.0 18.19870008
426.0 18.45271032
428.0 18.75445616
430.0 19.1026
432.0 19.49558688
434.0 19.93435312
436.0 20.39895176
438.0 20.8597884
440.0 21.2971
442.0 21.71070264
444.0 22.09661696
446.0 22.45870528
448.0 22.8067488
450.0 23.14675
452.0 23.47493016
454.0 23.78936648
456.0 24.0910956
458.0 24.38162232
460.0 24.662
462.0 24.93262992
464.0 25.1943648
466.0 25.44640208
468.0 25.68715336
470.0 25.916
472.0 26.13426288
474.0 26.34309568
476.0 26.54398648
478.0 26.73885808
480.0 26.92965
482.0 27.11647928
484.0 27.29814208
486.0 27.48164408
488.0 27.67735168
490.0 27.89105
492.0 28.11976288
494.0 28.36128328
496.0 28.61066208
498.0 28.86037528
500.0 29.10325
502.0 29.33729656
504.0 29.56219728
506.0 29.7608476
508.0 29.90917072
510.0 29.9915
512.0 30.00990872
514.0 29.9657512
516.0 29.85906088
518.0 29.69192776
520.0 29.469
522.0 29.19377208
524.0 28.86798288
526.0 28.51569248
528.0 28.17134408
530.0 27.8597
532.0 27.58208112
534.0 27.34044368
536.0 27.14771224
538.0 27.0186004
540.0 26.961
542.0 26.97374064
544.0 27.05692264
546.0 27.19436104
548.0 27.36064144
550.0 27.53575
552.0 27.72231176
554.0 27.92803464
556.0 28.11494752
558.0 28.2277072
560.0 28.2359
562.0 28.15310256
564.0 27.98611992
566.0 27.77290648
568.0 27.57206584
570.0 27.43125
572.0 27.3520808
574.0 27.32807088
576.0 27.44133216
578.0 27.80790144
580.0 28.49715
582.0 29.49739056
584.0 30.81258576
586.0 32.37858096
588.0 34.08886976
590.0 35.8644
592.0 37.7047704
594.0 39.60446336
596.0 41.49696672
598.0 43.29667408
600.0 44.94545
602.0 46.43257696
604.0 47.73887712
606.0 48.88466528
608.0 49.91508544
610.0 50.86015
612.0 51.70930864
614.0 52.45940128
616.0 53.12338592
618.0 53.71798256
620.0 54.2564
622.0 54.74357064
624.0 55.18487832
626.0 55.588566
628.0 55.96307728
630.0 56.31505
632.0 56.64898184
634.0 56.969638
636.0 57.27683456
638.0 57.56764552
640.0 57.84075
642.0 58.0995756
644.0 58.34708176
646.0 58.58254952
648.0 58.80405608
650.0 59.01115
652.0 59.2051856
654.0 59.38611272
656.0 59.56010104
658.0 59.73626296
660.0 59.9203
662.0 60.11176072
664.0 60.31166504
666.0 60.51608376
668.0 60.71807808
670.0 60.91305
672.0 61.10183552
674.0 61.28428416
676.0 61.4599612
678.0 61.62886664
680.0 61.79085
682.0 61.94477432
684.0 62.0892184
686.0 62.22538608
688.0 62.35553456
690.0 62.48055
692.0 62.600098
694.0 62.71553288
696.0 62.82026696
698.0 62.90410104
700.0 62.96125
702.0 62.9931852
704.0 62.99900376
706.0 62.98726632
708.0 62.97168328
710.0 62.96125
712.0 62.95509704
714.0 62.95432792
716.0 62.9574044
718.0 62.96048088
720.0 62.96125
722.0 62.96125
724.0 62.96125
726.0 62.96125
728.0 62.96125
730.0 62.96125
732.0 62.96125
734.0 62.96125
736.0 62.96125
738.0 62.96125
740.0 62.96125
742.0 62.96125
744.0 62.96125
746.0 62.96125
748.0 62.96125
750.0 62.96125
