380.0 17.1171
382.0 17.12434576
384.0 17.13269568
386.0 17.1408516
388.0 17.13718992
390.0 17.1171
392.0 17.09056752
394.0 17.0613684
396.0 17.04398688
398.0 17.05862416
400.0 17.1171
402.0 17.22002832
404.0 17.37373528
406.0 17.55645144
408.0 17.732396
410.0 17.87995
412.0 18.00479824
414.0 18.10612144
416.0 18.19916824
418.0 18.30960384
420.0 18.4547
422.0 18.63057768
424.0 18.83477904
426.0 19.0750956
428.0 19.36139216
430.0 19.69825
432.0 20.08426464
434.0 20.520874
436.0 20.99008736
438.0 21.46414952
440.0 21.9241
442.0 22.37025648
444.0 22.79994376
446.0 23.21140624
448.0 23.60556352
450.0 23.98275
452.0 24.33992264
454.0 24.67457344
456.0 24.98974544
458.0 25.29087264
460.0 25.5816
462.0 25.86162656
464.0 26.13172144
466.0 26.39161712
468.0 26.6402268
470.0 26.8774
472.0 27.10494248
474.0 27.32450952
476.0 27.53780656
478.0 27.74684
480.0 27.95375
482.0 28.15895456
484.0 28.36135016
486.0 28.56884536
488.0 28.79306056
490.0 29.04055
492.0 29.30825392
494.0 29.59403216
496.0 29.8923504
498.0 30.19468144
500.0 30.4931
502.0 30.7855328
504.0 31.0714448
506.0 31.33328
508.0 31.54646
510.0 31.69485
512.0 31.77992136
514.0 31.8021924
516.0 31.76193064
518.0 31.66189488
520.0 31.50675
522.0 31.29923808
524.0 31.04088064
526.0 30.7528452
528.0 30.46539496
530.0 30.2005
532.0 29.95983232
534.0 29.7456324
536.0 29.57013928
538.0 29.44739776
540.0 29.3854
542.0 29.38359424
544.0 29.44231488
546.0 29.54943992
548.0 29.68549056
550.0 29.83475
552.0 29.99974296
554.0 30.18789312
556.0 30.36467368
558.0 30.47925584
560.0 30.50355
562.0 30.45024664
564.0 30.32596688
566.0 30.16356552
568.0 30.01378776
570.0 29.91835
572.0 29.87884064
574.0 29.88902312
576.0 30.024522
578.0 30.39259608
580.0 31.0574
582.0 32.0077648
584.0 33.246884
586.0 34.716572
588.0 36.3201872
590.0 37.98575
592.0 39.71254144
594.0 41.4953616
596.0 43.27216256
598.0 44.96285552
600.0 46.51295
602.0 47.91254776
604.0 49.14397576
606.0 50.22492376
608.0 51.19560336
610.0 52.0828
612.0 52.87676592
614.0 53.57435776
616.0 54.188266
618.0 54.73521064
620.0 55.22825
622.0 55.67193192
624.0 56.0715232
626.0 56.43441408
628.0 56.76787776
630.0 57.0779
632.0 57.3689952
634.0 57.64561088
636.0 57.90901776
638.0 58.15863064
640.0 58.3946
642.0 58.61991872
644.0 58.83731216
646.0 59.0459276
648.0 59.24350784
650.0 59.42915
652.0 59.60435888
654.0 59.7697364
656.0 59.92859312
658.0 60.08569424
660.0 60.24425
662.0 60.40422696
664.0 60.56595952
666.0 60.72944768
668.0 60.89410624
670.0 61.05935
672.0 61.22526256
674.0 61.39189408
676.0 61.5573552
678.0 61.71888712
680.0 61.87445
682.0 62.02344192
684.0 62.1647928
686.0 62.29836888
688.0 62.42458816
690.0 62.54325
692.0 62.65396984
694.0 62.75758368
696.0 62.84932632
698.0 62.92200816
700.0 62.9717
702.0 62.99947192
704.0 63.00457152
706.0 62.99445592
708.0 62.98091272
710.0 62.9717
712.0 62.96621584
714.0 62.96553032
716.0 62.9682724
718.0 62.97101448
720.0 62.9717
722.0 62.9717
724.0 62.9717
726.0 62.9717
728.0 62.9717
730.0 62.9717
732.0 62.9717
734.0 62.9717
736.0 62.9717
738.0 62.9717
740.0 62.9717
742.0 62.9717
744.0 62.9717
746.0 62.9717
748.0 62.9717
750.0 62.9717
