380.0 14.78675
382.0 14.79604696
384.0 14.80658216
386.0 14.81653376
388.0 14.81176856
390.0 14.78675
392.0 14.75342192
394.0 14.71611896
396.0 14.6935328
398.0 14.71191064
400.0 14.78675
402.0 14.91813576
404.0 15.1127064
406.0 15.34573304
408.0 15.57641888
410.0 15.7795
412.0 15.96087856
414.0 16.11970184
416.0 16.26832592
418.0 16.428654
420.0 16.6155
422.0 16.82476752
424.0 17.05341352
426.0 17.31048352
428.0 17.60826672
430.0 17.9531
432.0 18.3433448
434.0 18.78042232
436.0 19.24784664
438.0 19.71986896
440.0 20.17895
442.0 20.62557464
444.0 21.05728504
446.0 21.47269344
448.0 21.87297024
450.0 22.2585
452.0 22.62645704
454.0 22.97481824
456.0 23.30487104
458.0 23.61929064
460.0 23.92005
462.0 24.20708224
464.0 24.48078864
466.0 24.74254024
468.0 24.99400904
470.0 25.23675
472.0 25.47201712
474.0 25.70126504
476.0 25.92574776
478.0 26.14663568
480.0 26.36535
482.0 26.58249264
484.0 26.79744496
486.0 27.01599208
488.0 27.2465776
490.0 27.49395
492.0 27.75590224
494.0 28.03089608
496.0 28.31475152
498.0 28.60103136
500.0 28.8838
502.0 29.1614356
504.0 29.43331952
506.0 29.68689504
508.0 29.90468976
510.0 30.0751
512.0 30.19912896
514.0 30.27744544
516.0 30.30877872
518.0 30.292878
520.0 30.23185
522.0 30.1283532
524.0 29.98399272
526.0 29.81497024
528.0 29.64452656
530.0 29.4899
532.0 29.35234456
534.0 29.23277984
536.0 29.14473232
538.0 29.1052564
540.0 29.12415
542.0 29.2000588
544.0 29.33341752
546.0 29.51100064
548.0 29.71149016
550.0 29.91835
552.0 30.13467336
554.0 30.36773344
556.0 30.58624712
558.0 30.744318
560.0 30.81705
562.0 30.81574584
564.0 30.74517072
566.0 30.6405704
568.0 30.55628488
570.0 30.5349
572.0 30.57598104
574.0 30.6730908
576.0 30.89033376
578.0 31.31791432
580.0 32.00835
582.0 32.95164224
584.0 34.15182056
586.0 35.54628528
588.0 37.0333788
590.0 38.5396
592.0 40.06561768
594.0 41.60561328
596.0 43.11317208
598.0 44.53178048
600.0 45.82325
602.0 46.97816728
604.0 47.98178528
606.0 48.85364968
608.0 49.63347048
610.0 50.3481
612.0 50.99051584
614.0 51.55944728
616.0 52.06659832
618.0 52.52643176
620.0 52.95015
622.0 53.34225072
624.0 53.70774992
626.0 54.05117872
628.0 54.37588112
630.0 54.68485
632.0 54.98184736
634.0 55.27040112
636.0 55.55009328
638.0 55.81858304
640.0 56.0747
642.0 56.3206512
644.0 56.55830928
646.0 56.78710576
648.0 57.00570304
650.0 57.21375
652.0 57.41211608
654.0 57.60078456
656.0 57.78376824
658.0 57.96700272
660.0 58.15425
662.0 58.34517568
664.0 58.54026464
666.0 58.7376108
668.0 58.93370296
670.0 59.1261
672.0 59.31523664
674.0 59.5012132
676.0 59.68259176
678.0 59.85753312
680.0 60.0248
682.0 60.1834728
684.0 60.33174576
686.0 60.47224392
688.0 60.60956528
690.0 60.74585
692.0 60.8803624
694.0 61.01480792
696.0 61.13989024
698.0 61.24114656
700.0 61.31015
702.0 61.3487732
704.0 61.35574544
706.0 61.34139968
708.0 61.32253952
710.0 61.31015
712.0 61.30292696
714.0 61.30202408
716.0 61.3056356
718.0 61.30924712
720.0 61.31015
722.0 61.31015
724.0 61.31015
726.0 61.31015
728.0 61.31015
730.0 61.31015
732.0 61.31015
734.0 61.31015
736.0 61.31015
738.0 61.31015
740.0 61.31015
742.0 61.31015
744.0 61.31015
746.0 61.31015
748.0 61.31015
750.0 61.31015
