380.0 15.62275
382.0 15.627942
384.0 15.63383272
386.0 15.63941104
388.0 15.63675256
390.0 15.62275
392.0 15.60417056
394.0 15.58357944
396.0 15.57122512
398.0 15.5814428
400.0 15.62275
402.0 15.69553216
404.0 15.80392792
406.0 15.93405968
408.0 16.06293744
410.0 16.1766
412.0 16.27895984
414.0 16.37003368
416.0 16.45818152
418.0 16.55761536
420.0 16.6782
422.0 16.81762808
424.0 16.97365912
426.0 17.15435216
428.0 17.3709096
430.0 17.62915
432.0 17.92740136
434.0 18.26673376
436.0 18.63290176
438.0 19.00366776
440.0 19.36385
442.0 19.71398352
444.0 20.05226256
446.0 20.3767476
448.0 20.68727144
450.0 20.9836
452.0 21.26360984
454.0 21.5254952
456.0 21.77208176
458.0 22.00830192
460.0 22.2376
462.0 22.45982552
464.0 22.67554696
466.0 22.8857508
468.0 23.09127304
470.0 23.29305
472.0 23.49245272
474.0 23.690986
476.0 23.88918488
478.0 24.08721656
480.0 24.2858
482.0 24.48545352
484.0 24.68539128
486.0 24.89134824
488.0 25.1118516
490.0 25.3517
492.0 25.6086864
494.0 25.88142304
496.0 26.16552928
498.0 26.45423352
500.0 26.74155
502.0 27.0260408
504.0 27.30700368
506.0 27.57333656
508.0 27.80974064
510.0 28.006
512.0 28.1626664
514.0 28.27992376
516.0 28.35688592
518.0 28.39380368
520.0 28.39265
522.0 28.3552808
524.0 28.28273272
526.0 28.18836504
528.0 28.09140576
530.0 28.006
532.0 27.93321784
534.0 27.87419624
536.0 27.83866624
538.0 27.83849904
540.0 27.8806
542.0 27.96421672
544.0 28.08946624
546.0 28.24790496
548.0 28.42582248
550.0 28.6121
552.0 28.80907832
554.0 29.02312776
556.0 29.2277304
558.0 29.38351064
560.0 29.469
562.0 29.49454816
564.0 29.4654052
566.0 29.40900864
568.0 29.36749288
570.0 29.37495
572.0 29.43194848
574.0 29.53282024
576.0 29.7366872
578.0 30.12740016
580.0 30.75435
582.0 31.6084076
584.0 32.6929504
586.0 33.9551432
588.0 35.30846
590.0 36.68995
592.0 38.10026528
594.0 39.5349416
596.0 40.95038992
598.0 42.29235384
600.0 43.52425
602.0 44.63773512
604.0 45.61869752
606.0 46.48588032
608.0 47.27723792
610.0 48.01775
612.0 48.7000096
614.0 49.32284632
616.0 49.89192824
618.0 50.41302376
620.0 50.8915
622.0 51.33167072
624.0 51.73739824
626.0 52.11420016
628.0 52.46809568
630.0 52.80385
632.0 53.12425536
634.0 53.43223776
636.0 53.72885056
638.0 54.01392656
640.0 54.28775
642.0 54.55252792
644.0 54.81038376
646.0 55.0605484
648.0 55.30109904
650.0 55.5313
652.0 55.75235512
654.0 55.9645988
656.0 56.17140848
658.0 56.37771656
660.0 56.58675
662.0 56.79829144
664.0 57.01259168
666.0 57.22906552
668.0 57.44629176
670.0 57.6631
672.0 57.87960728
674.0 58.09591392
676.0 58.30979616
678.0 58.5180772
680.0 58.71855
682.0 58.9102448
684.0 59.09112176
686.0 59.26338792
688.0 59.43122328
690.0 59.59635
692.0 59.7578652
694.0 59.91755792
696.0 60.06496144
698.0 60.18394096
700.0 60.26515
702.0 60.3106284
704.0 60.31885464
706.0 60.30200088
708.0 60.27979672
710.0 60.26515
712.0 60.25658936
714.0 60.25551928
716.0 60.2597996
718.0 60.26407992
720.0 60.26515
722.0 60.26515
724.0 60.26515
726.0 60.26515
728.0 60.26515
730.0 60.26515
732.0 60.26515
734.0 60.26515
736.0 60.26515
738.0 60.26515
740.0 60.26515
742.0 60.26515
744.0 60.26515
746.0 60.26515
748.0 60.26515
750.0 60.26515
