380.0 15.26745
382.0 15.27073224
384.0 15.27452376
386.0 15.27824448
388.0 15.2765892
390.0 15.26745
392.0 15.25553784
394.0 15.24287568
396.0 15.23558952
398.0 15.24209736
400.0 15.26745
402.0 15.3126776
404.0 15.38158072
406.0 15.46427784
408.0 15.54429976
410.0 15.6123
412.0 15.672074
414.0 15.72410664
416.0 15.77881448
418.0 15.85266672
420.0 15.95715
422.0 16.09039168
424.0 16.25040208
426.0 16.44560808
428.0 16.68737928
430.0 16.98125
432.0 17.32544792
434.0 17.72142768
436.0 18.15109824
438.0 18.5864536
440.0 19.00855
442.0 19.4178556
444.0 19.81147784
446.0 20.18938328
448.0 20.55508312
450.0 20.91045
452.0 21.25217336
454.0 21.57797928
456.0 21.8892388
458.0 22.18862712
460.0 22.47795
462.0 22.75745824
464.0 23.028456
466.0 23.28958896
468.0 23.53826552
470.0 23.77375
472.0 23.99808224
474.0 24.21236576
476.0 24.42238568
478.0 24.6364184
480.0 24.86055
482.0 25.09436248
484.0 25.33655168
486.0 25.59395608
488.0 25.87610608
490.0 26.1877
492.0 26.52579512
494.0 26.88883648
496.0 27.26642424
498.0 27.6429252
500.0 28.006
502.0 28.35387632
504.0 28.68511624
506.0 28.98567496
508.0 29.23707688
510.0 29.4272
512.0 29.55649576
514.0 29.62504776
516.0 29.63407656
518.0 29.58734416
520.0 29.4899
522.0 29.34467008
524.0 29.15396176
526.0 28.93541464
528.0 28.71377432
530.0 28.5076
532.0 28.3189984
534.0 28.14957464
536.0 28.01417608
538.0 27.93136192
540.0 27.91195
542.0 27.9549204
544.0 28.06115928
546.0 28.21680576
548.0 28.39928784
550.0 28.5912
552.0 28.79602
554.0 29.02145576
556.0 29.23510392
558.0 29.38939608
560.0 29.45855
562.0 29.4545372
564.0 29.38274152
566.0 29.27917784
568.0 29.19927296
570.0 29.18685
572.0 29.24124016
574.0 29.35450144
576.0 29.59709192
578.0 30.06883
580.0 30.8275
582.0 31.86164872
584.0 33.17625872
586.0 34.69894912
588.0 36.31259632
590.0 37.9335
592.0 39.56334888
594.0 41.19542152
596.0 42.78418936
598.0 44.2761484
600.0 45.63515
602.0 46.850276
604.0 47.90544176
606.0 48.82333632
608.0 49.64851848
610.0 50.4108
612.0 51.10272376
614.0 51.72350392
616.0 52.28233648
618.0 52.78942064
620.0 53.2532
622.0 53.67887448
624.0 54.07171088
626.0 54.43603968
628.0 54.77520488
630.0 55.0924
632.0 55.39142048
634.0 55.67566048
636.0 55.94660808
638.0 56.20476488
640.0 56.4509
642.0 56.68735424
644.0 56.91653528
646.0 57.13760712
648.0 57.34839616
650.0 57.54815
652.0 57.73834
654.0 57.91935072
656.0 58.09559624
658.0 58.27351376
660.0 58.4573
662.0 58.64663728
664.0 58.84180984
666.0 59.0419984
668.0 59.24528016
670.0 59.45005
672.0 59.65649184
674.0 59.8648732
676.0 60.07183336
678.0 60.27252352
680.0 60.4637
682.0 60.64449336
684.0 60.81269656
686.0 60.97128576
688.0 61.12577856
690.0 61.2788
692.0 61.42924656
694.0 61.57880696
696.0 61.71741576
698.0 61.82943976
700.0 61.9058
702.0 61.94853632
704.0 61.95626096
706.0 61.9404104
708.0 61.91954384
710.0 61.9058
712.0 61.8977744
714.0 61.8967712
716.0 61.900784
718.0 61.9047968
720.0 61.9058
722.0 61.9058
724.0 61.9058
726.0 61.9058
728.0 61.9058
730.0 61.9058
732.0 61.9058
734.0 61.9058
736.0 61.9058
738.0 61.9058
740.0 61.9058
742.0 61.9058
744.0 61.9058
746.0 61.9058
748.0 61.9058
750.0 61.9058
