380.0 17.42015
382.0 17.42404056
384.0 17.42841656
386.0 17.43248696
388.0 17.43048056
390.0 17.42015
392.0 17.40659824
394.0 17.39207376
396.0 17.38362608
398.0 17.3909788
400.0 17.42015
402.0 17.47236656
404.0 17.55171968
406.0 17.6487124
408.0 17.74720992
410.0 17.83815
412.0 17.9258464
414.0 18.0115364
416.0 18.1049176
418.0 18.2211216
420.0 18.3711
422.0 18.55348176
424.0 18.76611
426.0 19.02028744
428.0 19.33173088
430.0 19.7087
432.0 20.14831896
434.0 20.65082184
436.0 21.19888672
438.0 21.7655944
440.0 22.33165
442.0 22.89648504
444.0 23.45759152
446.0 24.0059072
448.0 24.53156728
450.0 25.02775
452.0 25.49152936
454.0 25.9192604
456.0 26.31530704
458.0 26.68844728
460.0 27.0446
462.0 27.3824276
464.0 27.70206384
466.0 28.00531448
468.0 28.29410232
470.0 28.5703
472.0 28.83569656
474.0 29.09219808
476.0 29.3414264
478.0 29.58488632
480.0 29.8243
482.0 30.0603028
484.0 30.292042
486.0 30.5262056
488.0 30.7725748
490.0 31.0365
492.0 31.31552336
494.0 31.6084076
496.0 31.90831424
498.0 32.20470968
500.0 32.48905
502.0 32.75996416
504.0 33.01643224
506.0 33.24715152
508.0 33.4369904
510.0 33.57585
512.0 33.6646332
514.0 33.70461072
516.0 33.69350864
518.0 33.62923696
520.0 33.51315
522.0 33.34880912
524.0 33.13807024
526.0 32.90024496
528.0 32.66317208
530.0 32.44725
532.0 32.25374944
534.0 32.08397456
536.0 31.95190328
538.0 31.8746736
540.0 31.86205
542.0 31.9128788
544.0 32.02772848
546.0 32.19223656
548.0 32.38332944
550.0 32.5831
552.0 32.79419
554.0 33.02313696
556.0 33.23803912
558.0 33.39249848
560.0 33.4609
562.0 33.45325896
564.0 33.37288592
566.0 33.25430768
568.0 33.15136264
570.0 33.1056
572.0 33.1157156
574.0 33.17547288
576.0 33.34332496
578.0 33.70128344
580.0 34.2969
582.0 35.12141336
584.0 36.17937136
586.0 37.41088296
588.0 38.71888856
590.0 40.03395
592.0 41.35745504
594.0 42.68386936
596.0 43.97475368
598.0 45.1847132
600.0 46.28305
602.0 47.2608356
604.0 48.10492808
606.0 48.83348536
608.0 49.48253904
610.0 50.0764
612.0 50.6090992
614.0 51.07990096
616.0 51.49811832
618.0 51.87478648
620.0 52.21865
622.0 52.5339056
624.0 52.82501752
626.0 53.09581464
628.0 53.34913936
630.0 53.5876
632.0 53.8144068
634.0 54.03246904
636.0 54.24208768
638.0 54.44225952
640.0 54.6326
642.0 54.81496504
644.0 54.99114368
646.0 55.16004912
648.0 55.31950776
650.0 55.4686
652.0 55.608212
654.0 55.73822672
656.0 55.86264024
658.0 55.98747176
660.0 56.1165
662.0 56.24937384
664.0 56.38672864
666.0 56.52617344
668.0 56.66344464
670.0 56.79575
672.0 56.92360784
674.0 57.04683424
676.0 57.16554624
678.0 57.28032904
680.0 57.3914
682.0 57.49799
684.0 57.59934664
686.0 57.69543648
688.0 57.78642672
690.0 57.8721
692.0 57.95238944
694.0 58.02808088
696.0 58.09549592
698.0 58.14903336
700.0 58.1856
702.0 58.20603184
704.0 58.20977712
706.0 58.20232
708.0 58.19235488
710.0 58.1856
712.0 58.1815872
714.0 58.1810856
716.0 58.183092
718.0 58.1850984
720.0 58.1856
722.0 58.1856
724.0 58.1856
726.0 58.1856
728.0 58.1856
730.0 58.1856
732.0 58.1856
734.0 58.1856
736.0 58.1856
738.0 58.1856
740.0 58.1856
742.0 58.1856
744.0 58.1856
746.0 58.1856
748.0 58.1856
750.0 58.1856
