380.0 13.585
382.0 13.59271648
384.0 13.6015744
386.0 13.61016112
388.0 13.60624864
390.0 13.585
392.0 13.5568252
394.0 13.52553352
396.0 13.50674104
398.0 13.52230816
400.0 13.585
402.0 13.69505104
404.0 13.85857264
406.0 14.05294264
408.0 14.24104264
410.0 14.4001
412.0 14.53618408
414.0 14.64959584
416.0 14.7517216
418.0 14.86237456
420.0 14.99575
422.0 15.14945696
424.0 15.321372
426.0 15.52488784
428.0 15.77848008
430.0 16.093
432.0 16.46630744
434.0 16.89851944
436.0 17.37846704
438.0 17.88792544
440.0 18.4129
442.0 18.95258816
444.0 19.50583624
446.0 20.05799752
448.0 20.5897604
450.0 21.0881
452.0 21.55112696
454.0 21.97494552
456.0 22.36398648
458.0 22.72803104
460.0 23.0736
462.0 23.39848632
464.0 23.70208808
466.0 23.98721424
468.0 24.2574596
470.0 24.5157
472.0 24.76364088
474.0 25.00362304
476.0 25.235914
478.0 25.45976136
480.0 25.67565
482.0 25.88520176
484.0 26.0884668
486.0 26.29265144
488.0 26.50820568
490.0 26.74155
492.0 26.99124648
494.0 27.25672664
496.0 27.5350812
498.0 27.82121056
500.0 28.1105
502.0 28.401846
504.0 28.694446
506.0 28.9792712
508.0 29.2438652
510.0 29.47945
512.0 29.68580824
514.0 29.862756
516.0 30.00643096
518.0 30.11256952
520.0 30.1796
522.0 30.20914424
524.0 30.20230576
526.0 30.16779568
528.0 30.1184884
530.0 30.06465
532.0 30.0077184
534.0 29.94842928
536.0 29.89975736
538.0 29.87909144
540.0 29.89745
542.0 29.95423112
544.0 30.05015376
546.0 30.1799344
548.0 30.33379184
550.0 30.50355
552.0 30.69143264
554.0 30.90274
556.0 31.11505056
558.0 31.29484072
560.0 31.42315
562.0 31.50740208
564.0 31.55060656
566.0 31.57282744
568.0 31.60558192
570.0 31.67395
572.0 31.77773104
574.0 31.91291224
576.0 32.12032384
578.0 32.45773344
580.0 32.9593
582.0 33.61887056
584.0 34.43863544
586.0 35.38338232
588.0 36.39526
590.0 37.4319
592.0 38.49330232
594.0 39.57608952
596.0 40.64942992
598.0 41.67470032
600.0 42.62555
602.0 43.49594304
604.0 44.27608152
606.0 44.976382
608.0 45.61950008
610.0 46.22035
612.0 46.77374856
614.0 47.2783916
616.0 47.73906104
618.0 48.16152528
620.0 48.5507
622.0 48.90921024
624.0 49.23959744
626.0 49.54632584
628.0 49.83441144
630.0 50.10775
632.0 50.36843152
634.0 50.61874664
636.0 50.85928056
638.0 51.08953168
640.0 51.3095
642.0 51.52112504
644.0 51.72637976
646.0 51.92436128
648.0 52.1130632
650.0 52.2918
652.0 52.46164176
654.0 52.62250488
656.0 52.7792716
658.0 52.93921512
660.0 53.1069
662.0 53.28184136
664.0 53.4646244
666.0 53.65259064
668.0 53.84097488
670.0 54.0265
672.0 54.20961744
674.0 54.39019344
676.0 54.56700744
678.0 54.73872184
680.0 54.9043
682.0 55.06262168
684.0 55.21198144
686.0 55.3539008
688.0 55.49130576
690.0 55.62535
692.0 55.75541488
694.0 55.8829216
696.0 55.99989472
698.0 56.09404504
700.0 56.1583
702.0 56.19426472
704.0 56.20078552
706.0 56.18749312
708.0 56.16993712
710.0 56.1583
712.0 56.15147824
714.0 56.15062552
716.0 56.1540364
718.0 56.15744728
720.0 56.1583
722.0 56.1583
724.0 56.1583
726.0 56.1583
728.0 56.1583
730.0 56.1583
732.0 56.1583
734.0 56.1583
736.0 56.1583
738.0 56.1583
740.0 56.1583
742.0 56.1583
744.0 56.1583
746.0 56.1583
748.0 56.1583
750.0 56.1583
