380.0 10.241
382.0 10.24851136
384.0 10.25699024
386.0 10.26493592
388.0 10.2610736
390.0 10.241
392.0 10.21418192
394.0 10.18398152
396.0 10.16558912
398.0 10.18038592
400.0 10.241
402.0 10.3472556
404.0 10.50410592
406.0 10.69213904
408.0 10.87933616
410.0 11.04565
412.0 11.19499304
414.0 11.32574344
416.0 11.44729784
418.0 11.57671064
420.0 11.7249
422.0 11.88832128
424.0 12.06551984
426.0 12.257432
428.0 12.46447576
430.0 12.6863
432.0 12.92292144
434.0 13.1750256
436.0 13.43624216
438.0 13.69695712
440.0 13.95075
442.0 14.1976208
444.0 14.43626536
446.0 14.66788752
448.0 14.89558048
450.0 15.12115
452.0 15.34345912
454.0 15.56224032
456.0 15.77659072
458.0 15.98508912
460.0 16.18705
462.0 16.38265728
464.0 16.57145952
466.0 16.75608176
468.0 16.9406204
470.0 17.12755
472.0 17.31695416
474.0 17.51023736
476.0 17.70360416
478.0 17.89070096
480.0 18.06805
482.0 18.23647056
484.0 18.39455816
486.0 18.54971976
488.0 18.71374296
490.0 18.8936
492.0 19.0862144
494.0 19.28949616
496.0 19.50063632
498.0 19.71512048
500.0 19.92815
502.0 20.13811976
504.0 20.34491272
506.0 20.53414968
508.0 20.68534864
510.0 20.78505
512.0 20.83502608
514.0 20.83653088
516.0 20.78829368
518.0 20.69014728
520.0 20.5447
522.0 20.35486112
524.0 20.12183448
526.0 19.86598504
528.0 19.61674
530.0 19.3952
532.0 19.20205056
534.0 19.03842864
536.0 18.91585432
538.0 18.8477872
540.0 18.84135
542.0 18.89507136
544.0 19.00881752
546.0 19.16754048
548.0 19.34774864
550.0 19.53105
552.0 19.7198188
554.0 19.92094368
556.0 20.10058336
558.0 20.20949744
560.0 20.22075
562.0 20.147182
564.0 19.99616696
566.0 19.80050952
568.0 19.61053688
570.0 19.46835
572.0 19.37724272
574.0 19.33260032
576.0 19.41268912
578.0 19.72811192
580.0 20.34615
582.0 21.2558852
584.0 22.45898952
586.0 23.90662384
588.0 25.51585696
590.0 27.22225
592.0 29.0235792
594.0 30.91673464
596.0 32.82468728
598.0 34.64352232
600.0 36.3033
602.0 37.79612848
604.0 39.10313088
606.0 40.24510688
608.0 41.26937408
610.0 42.20755
612.0 43.0479808
614.0 43.78640288
616.0 44.43938576
618.0 45.02916704
620.0 45.57245
622.0 46.07378248
624.0 46.53899976
626.0 46.97462264
628.0 47.38591792
630.0 47.7774
632.0 48.1538508
634.0 48.51971784
636.0 48.87480048
638.0 49.21650712
640.0 49.54345
642.0 49.85842136
644.0 50.16407968
646.0 50.458034
648.0 50.73602072
650.0 50.996
652.0 51.23934288
654.0 51.4659156
656.0 51.68170392
658.0 51.89582024
660.0 52.11415
662.0 52.3361916
664.0 52.56268072
666.0 52.79167784
668.0 53.01925376
670.0 53.24275
672.0 53.4628688
674.0 53.67976064
676.0 53.89222168
678.0 54.09874712
680.0 54.2982
682.0 54.4894768
684.0 54.67070488
686.0 54.84365656
688.0 55.01167584
690.0 55.176
692.0 55.33594352
694.0 55.49331216
696.0 55.6380572
698.0 55.75471264
700.0 55.83435
702.0 55.87894224
704.0 55.887018
706.0 55.87051536
708.0 55.84874592
710.0 55.83435
712.0 55.82592312
714.0 55.82486976
716.0 55.8290832
718.0 55.83329664
720.0 55.83435
722.0 55.83435
724.0 55.83435
726.0 55.83435
728.0 55.83435
730.0 55.83435
732.0 55.83435
734.0 55.83435
736.0 55.83435
738.0 55.83435
740.0 55.83435
742.0 55.83435
744.0 55.83435
746.0 55.83435
748.0 55.83435
750.0 55.83435
