380.0 16.56325
382.0 16.56851112
384.0 16.57457464
386.0 16.58049856
388.0 16.57784008
390.0 16.56325
392.0 16.54401728
394.0 16.52295576
396.0 16.51047664
398.0 16.52107112
400.0 16.56325
402.0 16.63763728
404.0 16.74904264
406.0 16.8816824
408.0 17.00955696
410.0 17.1171
412.0 17.20877576
414.0 17.2843
416.0 17.35539344
418.0 17.44153488
420.0 17.556
422.0 17.69597984
424.0 17.85933424
426.0 18.05362064
428.0 18.28878744
430.0 18.56965
432.0 18.894854
434.0 19.26590424
436.0 19.66629808
438.0 20.07045392
440.0 20.4611
442.0 20.83865432
444.0 21.20035808
446.0 21.54659584
448.0 21.8812132
450.0 22.20625
452.0 22.51889728
454.0 22.81781744
456.0 23.102442
458.0 23.37226936
460.0 23.62745
462.0 23.8685524
464.0 24.0958608
466.0 24.3128864
468.0 24.5247288
470.0 24.73515
472.0 24.94513648
474.0 25.1564104
476.0 25.36952352
478.0 25.58422504
480.0 25.80105
482.0 26.02080096
484.0 26.24264192
486.0 26.47292648
488.0 26.72110144
490.0 26.99235
492.0 27.28379632
494.0 27.59333368
496.0 27.91591264
498.0 28.2439256
500.0 28.5703
502.0 28.89277864
504.0 29.21020784
506.0 29.50799104
508.0 29.76598064
510.0 29.9706
512.0 30.12278544
514.0 30.22343984
516.0 30.26941984
518.0 30.25796664
520.0 30.19005
522.0 30.06898048
524.0 29.89639664
526.0 29.69263
528.0 29.48719136
530.0 29.3018
532.0 29.13747584
534.0 28.9949044
536.0 28.89078896
538.0 28.84628032
540.0 28.87335
542.0 28.96992472
544.0 29.13623856
546.0 29.3549696
548.0 29.59844624
550.0 29.8452
552.0 30.09927712
554.0 30.3703752
556.0 30.61756368
558.0 30.78073416
560.0 30.8275
562.0 30.77229056
564.0 30.62007168
566.0 30.4206188
568.0 30.25076032
570.0 30.16915
572.0 30.17359752
574.0 30.2553416
576.0 30.49224728
578.0 30.99316176
580.0 31.82025
582.0 32.96115592
584.0 34.42219968
586.0 36.11581864
588.0 37.901314
590.0 39.67865
592.0 41.45003368
594.0 43.20735584
596.0 44.9003896
598.0 46.47145096
600.0 47.8819
602.0 49.11939736
604.0 50.1661028
606.0 51.05054064
608.0 51.82696728
610.0 52.53215
612.0 53.15851464
614.0 53.70601104
616.0 54.18763064
618.0 54.61800344
620.0 55.0088
622.0 55.36647424
624.0 55.69778104
626.0 56.00676664
628.0 56.29535384
630.0 56.56585
632.0 56.82278624
634.0 57.06990784
636.0 57.30816784
638.0 57.53723184
640.0 57.75715
642.0 57.97004576
644.0 58.17810944
646.0 58.37948512
648.0 58.5706616
650.0 58.7499
652.0 58.91847104
654.0 59.07654192
656.0 59.228092
658.0 59.37914048
660.0 59.53365
662.0 59.69121928
664.0 59.8519988
666.0 60.01578792
668.0 60.18166704
670.0 60.34875
672.0 60.51713712
674.0 60.68701232
676.0 60.85563352
678.0 61.01898792
680.0 61.1743
682.0 61.32103472
684.0 61.45788792
686.0 61.58579592
688.0 61.70693232
690.0 61.8222
692.0 61.93101376
694.0 62.03430992
696.0 62.12682168
698.0 62.20043984
700.0 62.25065
702.0 62.27868944
704.0 62.28382248
706.0 62.27357312
708.0 62.25989616
710.0 62.25065
712.0 62.24516584
714.0 62.24448032
716.0 62.2472224
718.0 62.24996448
720.0 62.25065
722.0 62.25065
724.0 62.25065
726.0 62.25065
728.0 62.25065
730.0 62.25065
732.0 62.25065
734.0 62.25065
736.0 62.25065
738.0 62.25065
740.0 62.25065
742.0 62.25065
744.0 62.25065
746.0 62.25065
748.0 62.25065
750.0 62.25065
