380.0 18.81
382.0 18.8123504
384.0 18.81514992
386.0 18.81805704
388.0 18.81690336
390.0 18.81
392.0 18.80124552
394.0 18.79255824
396.0 18.78793176
398.0 18.79266848
400.0 18.81
402.0 18.84156736
404.0 18.89147656
406.0 18.95125056
408.0 19.00667736
410.0 19.05035
412.0 19.08631472
414.0 19.11502296
416.0 19.1505864
418.0 19.21465744
420.0 19.32205
422.0 19.4706072
424.0 19.6584564
426.0 19.893038
428.0 20.1837152
430.0 20.53425
432.0 20.94253568
434.0 21.4096256
436.0 21.91425192
438.0 22.42406144
440.0 22.91685
442.0 23.39265104
444.0 23.84825432
446.0 24.2811184
448.0 24.69166128
450.0 25.08
452.0 25.44280728
454.0 25.777224
456.0 26.08798192
458.0 26.38319024
460.0 26.6684
462.0 26.94339384
464.0 27.20930872
466.0 27.4665292
468.0 27.71455368
470.0 27.95375
472.0 28.18622488
474.0 28.4137172
476.0 28.63870152
478.0 28.86418744
480.0 29.0928
482.0 29.32460608
484.0 29.55821792
486.0 29.80052416
488.0 30.0616404
490.0 30.3468
492.0 30.65250848
494.0 30.97627456
496.0 31.31049064
498.0 31.64387072
500.0 31.96655
502.0 32.2763716
504.0 32.57276704
506.0 32.83739448
508.0 33.04483952
510.0 33.17875
512.0 33.24091496
514.0 33.23190288
516.0 33.1546732
518.0 33.01599752
520.0 32.82345
522.0 32.5800904
524.0 32.2880756
526.0 31.9697268
528.0 31.656394
530.0 31.3709
532.0 31.11520104
534.0 30.891454
536.0 30.71285096
538.0 30.59469072
540.0 30.54535
542.0 30.56372528
544.0 30.65006736
546.0 30.78882664
548.0 30.95542472
550.0 31.13055
552.0 31.31741272
554.0 31.52459024
556.0 31.71396096
558.0 31.82959648
560.0 31.84115
562.0 31.76283352
564.0 31.60135176
566.0 31.3982372
568.0 31.21736024
570.0 31.10965
572.0 31.07549104
574.0 31.1070584
576.0 31.28693216
578.0 31.73173432
580.0 32.50995
582.0 33.6087884
584.0 35.03279736
586.0 36.70685392
588.0 38.50823328
590.0 40.34745
592.0 42.22472144
594.0 44.13295832
596.0 46.0100124
598.0 47.77872088
600.0 49.3867
602.0 50.82204512
604.0 52.0655784
606.0 53.13990528
608.0 54.09284496
610.0 54.95655
612.0 55.72155688
614.0 56.38584248
616.0 56.96335128
618.0 57.47155568
620.0 57.92435
622.0 58.32741904
624.0 58.68676528
626.0 59.01091592
628.0 59.30839816
630.0 59.5859
632.0 59.8482368
634.0 60.10055832
636.0 60.34192824
638.0 60.56816656
640.0 60.7772
642.0 60.97243944
644.0 61.15635944
646.0 61.32949504
648.0 61.49201344
650.0 61.64455
652.0 61.78810792
654.0 61.92305504
656.0 62.05273536
658.0 62.18183048
660.0 62.31335
662.0 62.44737752
664.0 62.58468216
666.0 62.723408
668.0 62.86012744
670.0 62.9926
672.0 63.12122696
674.0 63.2457408
676.0 63.36640904
678.0 63.48398408
680.0 63.5987
682.0 63.70982112
684.0 63.81684584
686.0 63.91860376
688.0 64.01350648
690.0 64.1003
692.0 64.17908464
694.0 64.25041216
696.0 64.31187488
698.0 64.3599616
700.0 64.3929
702.0 64.411292
704.0 64.41470288
706.0 64.40808176
708.0 64.39911984
710.0 64.3929
712.0 64.38915472
714.0 64.38868656
716.0 64.3905592
718.0 64.39243184
720.0 64.3929
722.0 64.3929
724.0 64.3929
726.0 64.3929
728.0 64.3929
730.0 64.3929
732.0 64.3929
734.0 64.3929
736.0 64.3929
738.0 64.3929
740.0 64.3929
742.0 64.3929
744.0 64.3929
746.0 64.3929
748.0 64.3929
750.0 64.3929
