380.0 15.6541
382.0 15.66088048
384.0 15.66860224
386.0 15.67597
388.0 15.67250896
390.0 15.6541
392.0 15.6296512
394.0 15.6024556
396.0 15.5860888
398.0 15.5995672
400.0 15.6541
402.0 15.74995576
404.0 15.89236
406.0 16.06260304
408.0 16.22983648
410.0 16.37515
412.0 16.50319176
414.0 16.61327624
416.0 16.71633832
418.0 16.8312716
420.0 16.9708
422.0 17.13152936
424.0 17.31090152
426.0 17.51602248
428.0 17.75642264
430.0 18.0367
432.0 18.3555504
434.0 18.71459568
436.0 19.09771776
438.0 19.47992024
440.0 19.84455
442.0 20.19254336
444.0 20.52176016
446.0 20.83350456
448.0 21.13270896
450.0 21.4225
452.0 21.70026936
454.0 21.96419456
456.0 22.21725176
458.0 22.46412256
460.0 22.70785
462.0 22.9483672
464.0 23.18651016
466.0 23.42080752
468.0 23.64841688
470.0 23.8678
472.0 24.0804784
474.0 24.28782312
476.0 24.49015184
478.0 24.68771536
480.0 24.88145
482.0 25.0718072
484.0 25.25785064
486.0 25.44698728
488.0 25.65025232
490.0 25.8742
492.0 26.11593776
494.0 26.37285728
496.0 26.6432364
498.0 26.92431632
500.0 27.2118
502.0 27.50302896
504.0 27.7975852
506.0 28.07642464
508.0 28.31221008
510.0 28.4867
512.0 28.60165
514.0 28.65794624
516.0 28.65279648
518.0 28.58461232
520.0 28.45535
522.0 28.26796896
524.0 28.02362288
526.0 27.7453352
528.0 27.46662952
530.0 27.2118
532.0 26.9818164
534.0 26.7779996
536.0 26.6155648
538.0 26.512904
540.0 26.4803
542.0 26.51643192
544.0 26.6219184
546.0 26.77965488
548.0 26.96238776
550.0 27.1491
552.0 27.34315232
554.0 27.55262048
556.0 27.74043624
558.0 27.852594
560.0 27.8597
562.0 27.77508008
564.0 27.60492064
566.0 27.3891992
568.0 27.18952896
570.0 27.05505
572.0 26.98661504
574.0 26.97772
576.0 27.10659776
578.0 27.48334952
580.0 28.1732
582.0 29.16466256
584.0 30.46163296
586.0 31.99811736
588.0 33.66551936
590.0 35.3837
592.0 37.15237504
594.0 38.96584296
596.0 40.76041728
598.0 42.4549224
600.0 43.9945
602.0 45.36893416
604.0 46.56008368
606.0 47.5896344
608.0 48.50398432
610.0 49.33445
612.0 50.07145088
614.0 50.7122616
616.0 51.27264912
618.0 51.77309544
620.0 52.2291
622.0 52.64564536
624.0 53.02883432
626.0 53.38418448
628.0 53.71554144
630.0 54.0265
632.0 54.32189224
634.0 54.60608208
636.0 54.87915312
638.0 55.13909896
640.0 55.385
642.0 55.61961504
644.0 55.84556912
646.0 56.0612404
648.0 56.26345208
650.0 56.4509
652.0 56.62492176
654.0 56.7853836
656.0 56.93840504
658.0 57.09318208
660.0 57.25555
662.0 57.4249236
664.0 57.60202184
666.0 57.78405248
668.0 57.96583232
670.0 58.1438
672.0 58.31857416
674.0 58.49013808
676.0 58.6569368
678.0 58.81713112
680.0 58.96935
682.0 59.11275744
684.0 59.2461496
686.0 59.37026216
688.0 59.48676712
690.0 59.59635
692.0 59.6986764
694.0 59.79469936
696.0 59.87993792
698.0 59.94745328
700.0 59.99345
702.0 60.01909848
704.0 60.02381352
706.0 60.01448376
708.0 60.0019772
710.0 59.99345
712.0 59.98836712
714.0 59.98773176
716.0 59.9902732
718.0 59.99281464
720.0 59.99345
722.0 59.99345
724.0 59.99345
726.0 59.99345
728.0 59.99345
730.0 59.99345
732.0 59.99345
734.0 59.99345
736.0 59.99345
738.0 59.99345
740.0 59.99345
742.0 59.99345
744.0 59.99345
746.0 59.99345
748.0 59.99345
750.0 59.99345
