380.0 21.53745
382.0 21.5411764
384.0 21.54554328
386.0 21.54994656
388.0 21.54809064
390.0 21.53745
392.0 21.52362312
394.0 21.50897856
396.0 21.5005932
398.0 21.50817544
400.0 21.53745
402.0 21.58956624
404.0 21.6690364
406.0 21.76347096
408.0 21.85238792
410.0 21.9241
412.0 21.98272032
414.0 22.02789776
416.0 22.0735768
418.0 22.14199504
420.0 22.24805
422.0 22.38868192
424.0 22.5616336
426.0 22.77287408
428.0 23.02976016
430.0 23.33485
432.0 23.68660536
434.0 24.08681528
436.0 24.5141116
438.0 24.93597392
440.0 25.3308
442.0 25.69940912
444.0 26.0385576
446.0 26.35137208
448.0 26.64654696
450.0 26.92965
452.0 27.1972536
454.0 27.44736808
456.0 27.68335416
458.0 27.91022784
460.0 28.1314
462.0 28.34732208
464.0 28.55939856
466.0 28.76637544
468.0 28.96549392
470.0 29.1555
472.0 29.33845024
474.0 29.51610024
476.0 29.68990464
478.0 29.86161904
480.0 30.0333
482.0 30.2055996
484.0 30.37776544
486.0 30.55787328
488.0 30.75771072
490.0 30.98425
492.0 31.23451496
494.0 31.50581368
496.0 31.7958388
498.0 32.10091192
500.0 32.4159
502.0 32.73807768
504.0 33.0672276
506.0 33.38216552
508.0 33.65246104
510.0 33.858
512.0 34.0004544
514.0 34.07980752
516.0 34.09595904
518.0 34.05183496
520.0 33.95205
522.0 33.79829288
524.0 33.59093144
526.0 33.3518856
528.0 33.11292336
530.0 32.8966
532.0 32.7041528
534.0 32.538374
536.0 32.4076236
538.0 32.3200108
540.0 32.28005
542.0 32.2882428
544.0 32.3450908
546.0 32.4415652
548.0 32.5632032
550.0 32.69805
552.0 32.84849656
554.0 33.0217492
556.0 33.18739424
558.0 33.30020408
560.0 33.3355
562.0 33.30568824
564.0 33.21782464
566.0 33.10170424
568.0 33.00288904
570.0 32.9593
572.0 32.97244192
574.0 33.03549304
576.0 33.22168696
578.0 33.63544008
580.0 34.3387
582.0 35.3195788
584.0 36.58073496
586.0 38.06242792
588.0 39.66626048
590.0 41.3193
592.0 43.02094456
594.0 44.76597752
596.0 46.49420688
598.0 48.12846984
600.0 49.6166
602.0 50.94905024
604.0 52.10853208
606.0 53.11536032
608.0 54.01317416
610.0 54.83115
612.0 55.56000824
614.0 56.19735792
616.0 56.755622
618.0 57.25051728
620.0 57.69445
622.0 58.09248632
624.0 58.4502776
626.0 58.77446168
628.0 59.07114136
630.0 59.34555
632.0 59.60218528
634.0 59.84521048
636.0 60.07644808
638.0 60.29631608
640.0 60.5055
642.0 60.70677536
644.0 60.90300128
646.0 61.0922048
648.0 61.27037312
650.0 61.43555
652.0 61.58924024
654.0 61.731494
656.0 61.86722696
658.0 62.00387952
660.0 62.14615
662.0 62.29358696
664.0 62.44690936
666.0 62.60349216
668.0 62.75857016
670.0 62.909
672.0 63.0553836
674.0 63.19755376
676.0 63.33537672
678.0 63.46910328
680.0 63.5987
682.0 63.723264
684.0 63.84182552
686.0 63.95445144
688.0 64.06155976
690.0 64.163
692.0 64.25860496
694.0 64.34929424
696.0 64.43045312
698.0 64.4950592
700.0 64.5392
702.0 64.56387872
704.0 64.56839312
706.0 64.55936432
708.0 64.54732592
710.0 64.5392
712.0 64.53438464
714.0 64.53378272
716.0 64.5361904
718.0 64.53859808
720.0 64.5392
722.0 64.5392
724.0 64.5392
726.0 64.5392
728.0 64.5392
730.0 64.5392
732.0 64.5392
734.0 64.5392
736.0 64.5392
738.0 64.5392
740.0 64.5392
742.0 64.5392
744.0 64.5392
746.0 64.5392
748.0 64.5392
750.0 64.5392
