380.0 17.2425
382.0 17.25191184
384.0 17.26260048
386.0 17.27274192
388.0 17.26792656
390.0 17.2425
392.0 17.2086876
394.0 17.17098552
396.0 17.14824024
398.0 17.16687696
400.0 17.2425
402.0 17.37539056
404.0 17.57258624
406.0 17.80865592
408.0 18.0416324
410.0 18.2457
412.0 18.42691136
414.0 18.58396232
416.0 18.73156648
418.0 18.89530544
420.0 19.09215
422.0 19.31710088
424.0 19.56656328
426.0 19.84837888
428.0 20.17291408
430.0 20.5447
432.0 20.96198104
434.0 21.42674688
436.0 21.91734512
438.0 22.40050296
440.0 22.85415
442.0 23.27943992
444.0 23.67336312
446.0 24.03877872
448.0 24.38396312
450.0 24.71425
452.0 25.0264124
454.0 25.31869472
456.0 25.59442424
458.0 25.85853336
460.0 26.11455
462.0 26.36307608
464.0 26.60539904
466.0 26.8417864
468.0 27.07173656
470.0 27.2954
472.0 27.51469952
474.0 27.7316248
476.0 27.94662728
478.0 28.15970696
480.0 28.37175
482.0 28.58357568
484.0 28.79433128
486.0 29.01202568
488.0 29.24853008
490.0 29.5108
492.0 29.79597632
494.0 30.10191888
496.0 30.42499944
498.0 30.7594496
500.0 31.0992
502.0 31.44185968
504.0 31.78650904
506.0 32.1164448
508.0 32.40817536
510.0 32.6458
512.0 32.83025504
514.0 32.9620588
516.0 33.03759976
518.0 33.05386832
520.0 33.01155
522.0 32.91343704
524.0 32.76071656
526.0 32.57363648
528.0 32.3817912
530.0 32.2069
532.0 32.04988248
534.0 31.91152448
536.0 31.80802768
538.0 31.75979048
540.0 31.77845
542.0 31.86243456
544.0 32.01251328
546.0 32.2118324
548.0 32.43330552
550.0 32.65625
552.0 32.88442784
554.0 33.126082
556.0 33.34558216
558.0 33.49092912
560.0 33.53405
562.0 33.48778576
564.0 33.35753696
566.0 33.18440136
568.0 33.03166416
570.0 32.94885
572.0 32.93537368
574.0 32.98367776
576.0 33.16791544
578.0 33.59241952
580.0 34.3178
582.0 35.33258696
584.0 36.64191344
586.0 38.17160952
588.0 39.8013748
590.0 41.4447
592.0 43.1029896
594.0 44.76965592
596.0 46.39310104
598.0 47.91121016
600.0 49.2822
602.0 50.49521928
604.0 51.53333064
606.0 52.420962
608.0 53.20635056
610.0 53.922
612.0 54.55996832
614.0 55.1193192
616.0 55.61204088
618.0 56.05217816
620.0 56.4509
622.0 56.81379088
624.0 57.14676968
626.0 57.45458488
628.0 57.74058048
630.0 58.00795
632.0 58.2609236
634.0 58.50326328
636.0 58.73565456
638.0 58.95726144
640.0 59.1679
642.0 59.36989432
644.0 59.56546816
646.0 59.7534344
648.0 59.93128504
650.0 60.09795
652.0 60.2544492
654.0 60.400582
656.0 60.5409464
658.0 60.6824812
660.0 60.82945
662.0 60.98141808
664.0 61.1392716
666.0 61.29929872
668.0 61.45514584
670.0 61.60275
672.0 61.74289704
674.0 61.87530272
676.0 62.0010204
678.0 62.12222368
680.0 62.2402
682.0 62.35391272
684.0 62.4624088
686.0 62.56622328
688.0 62.66627576
690.0 62.7627
692.0 62.85542912
694.0 62.94560008
696.0 63.02782904
698.0 63.0938396
700.0 63.1389
702.0 63.16411376
704.0 63.16869504
706.0 63.15939872
708.0 63.1470928
710.0 63.1389
712.0 63.13408464
714.0 63.13348272
716.0 63.1358904
718.0 63.13829808
720.0 63.1389
722.0 63.1389
724.0 63.1389
726.0 63.1389
728.0 63.1389
730.0 63.1389
732.0 63.1389
734.0 63.1389
736.0 63.1389
738.0 63.1389
740.0 63.1389
742.0 63.1389
744.0 63.1389
746.0 63.1389
748.0 63.1389
750.0 63.1389
