380.0 16.2393
382.0 16.2479256
384.0 16.25785248
386.0 16.26752376
388.0 16.26315984
390.0 16.2393
392.0 16.20773128
394.0 16.17283856
396.0 16.15198104
398.0 16.16941232
400.0 16.2393
402.0 16.36214184
404.0 16.54514224
406.0 16.76258584
408.0 16.97225464
410.0 17.14845
412.0 17.29744192
414.0 17.41784264
416.0 17.52679016
418.0 17.65346088
420.0 17.81725
422.0 18.01339232
424.0 18.23914576
426.0 18.501516
428.0 18.80903024
430.0 19.1653
432.0 19.56903784
434.0 20.021782
436.0 20.50462216
438.0 20.98854912
440.0 21.45385
442.0 21.90089264
444.0 22.32685136
446.0 22.73082328
448.0 23.1151492
450.0 23.48115
452.0 23.82569904
454.0 24.14633848
456.0 24.44649592
458.0 24.73202336
460.0 25.00685
462.0 25.2708588
464.0 25.52510312
466.0 25.76889744
468.0 26.00040256
470.0 26.21905
472.0 26.42676256
474.0 26.62504504
476.0 26.81638872
478.0 27.004054
480.0 27.1909
482.0 27.3774116
484.0 27.56310392
486.0 27.75414664
488.0 27.95931776
490.0 28.18365
492.0 28.42503664
494.0 28.68185584
496.0 28.95046264
498.0 29.22517224
500.0 29.50035
502.0 29.77402296
504.0 30.04537184
506.0 30.30058592
508.0 30.5203536
510.0 30.69165
512.0 30.81551176
514.0 30.89289192
516.0 30.92044648
518.0 30.89499864
520.0 30.81705
522.0 30.68979408
524.0 30.51490288
526.0 30.31108608
528.0 30.10551368
530.0 29.91835
532.0 29.7504812
534.0 29.60207448
536.0 29.49053536
538.0 29.43843584
540.0 29.45855
542.0 29.54848688
544.0 29.70864776
546.0 29.92055704
548.0 30.15470392
550.0 30.3886
552.0 30.62634168
554.0 30.87694104
556.0 31.1019588
558.0 31.24529936
560.0 31.27685
562.0 31.21018736
564.0 31.0502104
566.0 30.84400264
568.0 30.66412888
570.0 30.56625
572.0 30.54854352
574.0 30.60256584
576.0 30.80414216
578.0 31.25944448
580.0 32.02925
582.0 33.10153704
584.0 34.48237496
586.0 36.08767888
588.0 37.782184
590.0 39.46965
592.0 41.15230064
594.0 42.82257848
596.0 44.43124312
598.0 45.92136296
600.0 47.2549
602.0 48.42013352
604.0 49.39975832
606.0 50.22204792
608.0 50.94058992
610.0 51.59165
612.0 52.16787136
614.0 52.66943792
616.0 53.10838808
618.0 53.49793064
620.0 53.84885
622.0 54.16754992
624.0 54.46036728
626.0 54.73236824
628.0 54.9872312
630.0 55.22825
632.0 55.45958792
634.0 55.68507384
636.0 55.90428976
638.0 56.11472768
640.0 56.31505
642.0 56.5074972
644.0 56.69397536
646.0 56.87334752
648.0 57.04344008
650.0 57.2033
652.0 57.35376328
654.0 57.49474632
656.0 57.62996096
658.0 57.7650084
660.0 57.90345
662.0 58.04495136
664.0 58.18999736
666.0 58.33688256
668.0 58.48243016
670.0 58.6245
672.0 58.76347664
674.0 58.89925976
676.0 59.03136448
678.0 59.1593728
680.0 59.28285
682.0 59.40107712
684.0 59.51315128
686.0 59.61928984
688.0 59.7201616
690.0 59.8158
692.0 59.9060044
694.0 59.99164424
696.0 60.06833888
698.0 60.12940032
700.0 60.1711
702.0 60.19440768
704.0 60.19867128
706.0 60.19014408
708.0 60.17877448
710.0 60.1711
712.0 60.16655216
714.0 60.16598368
716.0 60.1682576
718.0 60.17053152
720.0 60.1711
722.0 60.1711
724.0 60.1711
726.0 60.1711
728.0 60.1711
730.0 60.1711
732.0 60.1711
734.0 60.1711
736.0 60.1711
738.0 60.1711
740.0 60.1711
742.0 60.1711
744.0 60.1711
746.0 60.1711
748.0 60.1711
750.0 60.1711
