380.0 14.24335
382.0 14.25025304
384.0 14.25814744
386.0 14.26574344
388.0 14.26223224
390.0 14.24335
392.0 14.21835544
394.0 14.19075304
396.0 14.17425784
398.0 14.18802584
400.0 14.24335
402.0 14.34077744
404.0 14.48607424
406.0 14.65962784
408.0 14.82908504
410.0 14.97485
412.0 15.10210592
414.0 15.21021744
416.0 15.31239336
418.0 15.43095488
420.0 15.58095
422.0 15.75870032
424.0 15.96146376
426.0 16.1971656
428.0 16.47625584
430.0 16.8036
432.0 17.17749264
434.0 17.5993884
436.0 18.05062776
438.0 18.50245232
440.0 18.9354
442.0 19.35010616
444.0 19.74402936
446.0 20.11646736
448.0 20.46992816
450.0 20.80595
452.0 21.12175736
454.0 21.41527696
456.0 21.69015376
458.0 21.95240696
460.0 22.20625
462.0 22.45154912
464.0 22.68883936
466.0 22.9195252
468.0 23.14494424
470.0 23.3662
472.0 23.58461336
474.0 23.8019232
476.0 24.01697584
478.0 24.22734688
480.0 24.4321
482.0 24.63185384
484.0 24.82547144
486.0 25.01959064
488.0 25.22441064
490.0 25.44575
492.0 25.680666
494.0 25.92698504
496.0 26.18099528
498.0 26.43701192
500.0 26.6893
502.0 26.93595344
504.0 27.17658768
506.0 27.39598752
508.0 27.57266776
510.0 27.6925
512.0 27.75708936
514.0 27.76742232
516.0 27.72266288
518.0 27.62347984
520.0 27.47305
522.0 27.27439968
524.0 27.02920088
526.0 26.75733368
528.0 26.48730568
530.0 26.23995
532.0 26.01660424
534.0 25.81867288
536.0 25.65986632
538.0 25.55682096
540.0 25.5189
542.0 25.54466552
544.0 25.63411752
546.0 25.77314432
548.0 25.93925752
550.0 26.11455
552.0 26.30193104
554.0 26.50957672
556.0 26.700168
558.0 26.81886328
560.0 26.8356
562.0 26.7636204
564.0 26.6087096
566.0 26.4103268
568.0 26.2295
570.0 26.11455
572.0 26.0655604
574.0 26.0755088
576.0 26.2200532
578.0 26.6057836
580.0 27.2954
582.0 28.27764984
584.0 29.5571144
586.0 31.06522496
588.0 32.68979032
590.0 34.34915
592.0 36.04392264
594.0 37.76802216
596.0 39.46511888
598.0 41.0652396
600.0 42.52105
602.0 43.82188272
604.0 44.95019848
606.0 45.92803424
608.0 46.8010356
610.0 47.59975
612.0 48.31534928
614.0 48.94607784
616.0 49.5035728
618.0 50.00196256
620.0 50.4526
622.0 50.86070176
624.0 51.2316684
626.0 51.57228824
628.0 51.88908208
630.0 52.1873
632.0 52.47105512
634.0 52.74452744
636.0 53.00754976
638.0 53.25761408
640.0 53.49355
642.0 53.71814976
644.0 53.93375416
646.0 54.13974456
648.0 54.33453256
650.0 54.51765
652.0 54.69025056
654.0 54.85260176
656.0 55.00859936
658.0 55.16392816
660.0 55.3223
662.0 55.48354768
664.0 55.64813936
666.0 55.81507184
668.0 55.98217152
670.0 56.14785
672.0 56.31235808
674.0 56.47567904
676.0 56.6363248
678.0 56.79228896
680.0 56.94205
682.0 57.0849224
684.0 57.2198528
686.0 57.3469248
688.0 57.4668072
690.0 57.5795
692.0 57.68468552
694.0 57.7832332
696.0 57.87057848
698.0 57.93978256
700.0 57.98705
702.0 58.01345088
704.0 58.01829968
706.0 58.00868568
708.0 57.99581128
710.0 57.98705
712.0 57.98183336
714.0 57.98118128
716.0 57.9837896
718.0 57.98639792
720.0 57.98705
722.0 57.98705
724.0 57.98705
726.0 57.98705
728.0 57.98705
730.0 57.98705
732.0 57.98705
734.0 57.98705
736.0 57.98705
738.0 57.98705
740.0 57.98705
742.0 57.98705
744.0 57.98705
746.0 57.98705
748.0 57.98705
750.0 57.98705
