380.0 18.0158
382.0 18.01909216
384.0 18.02304224
386.0 18.02719712
388.0 18.025592
390.0 18.0158
392.0 18.00312296
394.0 17.98973192
396.0 17.98210088
398.0 17.98909984
400.0 18.0158
402.0 18.0631176
404.0 18.13524768
406.0 18.21949976
408.0 18.29514104
410.0 18.3502
412.0 18.38909072
414.0 18.41244856
416.0 18.4318772
418.0 18.46593584
420.0 18.52785
422.0 18.61561328
424.0 18.7267344
426.0 18.87338552
428.0 19.07237024
430.0 19.3325
432.0 19.6516012
434.0 20.03166352
436.0 20.45135224
438.0 20.87722736
440.0 21.28665
442.0 21.68077384
444.0 22.05705744
446.0 22.41377864
448.0 22.75235864
450.0 23.0736
452.0 23.37442624
454.0 23.65239624
456.0 23.91172344
458.0 24.15951384
460.0 24.40075
462.0 24.63579976
464.0 24.86643544
466.0 25.09272392
468.0 25.3135784
470.0 25.52935
472.0 25.7423628
474.0 25.95380392
476.0 26.16984304
478.0 26.39909096
480.0 26.6475
482.0 26.91463544
484.0 27.19979504
486.0 27.50602184
488.0 27.83707784
490.0 28.1941
492.0 28.57448
494.0 28.97587704
496.0 29.39090088
498.0 29.80910152
500.0 30.2214
502.0 30.6251044
504.0 31.01859288
506.0 31.38716856
508.0 31.71101824
510.0 31.977
512.0 32.18553184
514.0 32.33644656
516.0 32.43009528
518.0 32.4691532
520.0 32.4577
522.0 32.3975916
524.0 32.28956368
526.0 32.15169056
528.0 32.00997184
530.0 31.88295
532.0 31.77177872
534.0 31.67868176
536.0 31.6111664
538.0 31.57684024
540.0 31.5799
542.0 31.62143248
544.0 31.703628
546.0 31.81533432
548.0 31.93857744
550.0 32.0606
552.0 32.18529776
554.0 32.31877352
556.0 32.44405648
558.0 32.53615024
560.0 32.5831
562.0 32.59324904
564.0 32.56995808
566.0 32.54390832
568.0 32.56116336
570.0 32.65625
572.0 32.82856632
574.0 33.07468472
576.0 33.43299432
578.0 33.95599592
580.0 34.6731
582.0 35.5775684
584.0 36.67115672
586.0 37.90853704
588.0 39.21764616
590.0 40.546
592.0 41.8912912
594.0 43.24581184
596.0 44.57959968
598.0 45.85812792
600.0 47.05635
602.0 48.16545448
604.0 49.17601128
606.0 50.08800368
608.0 50.90862128
610.0 51.6439
612.0 52.29047912
614.0 52.84563328
616.0 53.32663424
618.0 53.759398
620.0 54.16235
622.0 54.53686128
624.0 54.88661024
626.0 55.2168804
628.0 55.53168456
630.0 55.83435
632.0 56.12860528
634.0 56.417878
636.0 56.70088072
638.0 56.97393504
640.0 57.23465
642.0 57.48558376
644.0 57.72982952
646.0 57.96228768
648.0 58.17476544
650.0 58.36325
652.0 58.5294468
654.0 58.67205168
656.0 58.80370496
658.0 58.94396904
660.0 59.1052
662.0 59.2854416
664.0 59.48537936
666.0 59.70011432
668.0 59.92045048
670.0 60.13975
672.0 60.35963472
674.0 60.58175992
676.0 60.79828392
678.0 60.99800432
680.0 61.1743
682.0 61.3265356
684.0 61.45053112
686.0 61.55872624
688.0 61.67168656
690.0 61.8013
692.0 61.94495824
694.0 62.10572104
696.0 62.26673464
698.0 62.40066184
700.0 62.491
702.0 62.54146096
704.0 62.55038944
706.0 62.53122832
708.0 62.5065496
710.0 62.491
712.0 62.48217184
714.0 62.48106832
716.0 62.4854824
718.0 62.48989648
720.0 62.491
722.0 62.491
724.0 62.491
726.0 62.491
728.0 62.491
730.0 62.491
732.0 62.491
734.0 62.491
736.0 62.491
738.0 62.491
740.0 62.491
742.0 62.491
744.0 62.491
746.0 62.491
748.0 62.491
750.0 62.491
