380.0 17.5978
382.0 17.60300192
384.0 17.6090512
386.0 17.61506368
388.0 17.61245536
390.0 17.5978
392.0 17.57857272
394.0 17.55772088
396.0 17.54548984
398.0 17.5560816
400.0 17.5978
402.0 17.67150176
404.0 17.78242224
406.0 17.91399192
408.0 18.0389572
410.0 18.1412
412.0 18.22570288
414.0 18.29236552
416.0 18.35476456
418.0 18.4351376
420.0 18.54875
422.0 18.69259216
424.0 18.86413936
426.0 19.07288856
428.0 19.33146336
430.0 19.646
432.0 20.01464256
434.0 20.43907976
436.0 20.89896336
438.0 21.36277616
440.0 21.80915
442.0 22.23875368
444.0 22.64871136
446.0 23.03801984
448.0 23.40910352
450.0 23.7633
452.0 24.09741576
454.0 24.40914344
456.0 24.70147592
458.0 24.9795964
460.0 25.2472
462.0 25.50438704
464.0 25.75207712
466.0 25.9914072
468.0 26.22329688
470.0 26.44895
472.0 26.66952024
474.0 26.8855092
476.0 27.10057856
478.0 27.31974432
480.0 27.5462
482.0 27.7791932
484.0 28.01783776
486.0 28.26241792
488.0 28.51310088
490.0 28.76885
492.0 29.02720744
494.0 29.28559832
496.0 29.5387224
498.0 29.77964088
500.0 30.00195
502.0 30.20362664
504.0 30.38442
506.0 30.53060296
508.0 30.62303112
510.0 30.64985
512.0 30.61360104
514.0 30.51597296
516.0 30.36091168
518.0 30.1556068
520.0 29.9079
522.0 29.62101824
524.0 29.29668368
526.0 28.95738472
528.0 28.63472216
530.0 28.35085
532.0 28.10680488
534.0 27.90477712
536.0 27.75132096
538.0 27.6520376
540.0 27.6089
542.0 27.6219416
544.0 27.69246656
546.0 27.80328672
548.0 27.92806808
550.0 28.0478
552.0 28.1661776
554.0 28.28983872
556.0 28.39535864
558.0 28.44904656
560.0 28.43445
562.0 28.362136
564.0 28.23668584
566.0 28.09702368
568.0 28.00175312
570.0 27.99555
572.0 28.07894936
574.0 28.24867408
576.0 28.5579272
578.0 29.07952432
580.0 29.85565
582.0 30.87779376
584.0 32.1470424
586.0 33.61358704
588.0 35.19692088
590.0 36.83625
592.0 38.52746128
594.0 40.26262944
596.0 41.9896884
598.0 43.64267776
600.0 45.17535
602.0 46.57809112
604.0 47.837592
606.0 48.95631048
608.0 49.94946176
610.0 50.8288
612.0 51.5880552
614.0 52.22239528
616.0 52.75741856
618.0 53.23141384
620.0 53.6712
622.0 54.0785828
624.0 54.45934736
626.0 54.81753992
628.0 55.15349488
630.0 55.4686
632.0 55.76865712
634.0 56.05816392
636.0 56.33730432
638.0 56.60440632
640.0 56.85845
642.0 57.10216072
644.0 57.33899952
646.0 57.56363272
648.0 57.76719872
650.0 57.94525
652.0 58.09984312
654.0 58.23000832
656.0 58.34780072
658.0 58.47186312
660.0 58.61405
662.0 58.77267264
664.0 58.94855032
666.0 59.137386
668.0 59.33090328
670.0 59.5232
672.0 59.715898
674.0 59.9105188
676.0 60.100458
678.0 60.2762688
680.0 60.43235
682.0 60.56813312
684.0 60.6800568
686.0 60.77852088
688.0 60.88074696
690.0 60.99665
692.0 61.12402296
694.0 61.26549088
696.0 61.4065408
698.0 61.52368112
700.0 61.60275
702.0 61.64692424
704.0 61.6547492
706.0 61.63799576
708.0 61.61639352
710.0 61.60275
712.0 61.59499192
714.0 61.59402216
716.0 61.5979012
718.0 61.60178024
720.0 61.60275
722.0 61.60275
724.0 61.60275
726.0 61.60275
728.0 61.60275
730.0 61.60275
732.0 61.60275
734.0 61.60275
736.0 61.60275
738.0 61.60275
740.0 61.60275
742.0 61.60275
744.0 61.60275
746.0 61.60275
748.0 61.60275
750.0 61.60275
