380.0 9.89615
382.0 9.89842168
384.0 9.9010244
386.0 9.90353792
388.0 9.90238424
390.0 9.89615
392.0 9.88800856
394.0 9.87933312
396.0 9.87432488
398.0 9.87876344
400.0 9.89615
402.0 9.92719904
404.0 9.97446648
406.0 10.03151512
408.0 10.08756056
410.0 10.1365
412.0 10.180808
414.0 10.22070192
416.0 10.26327104
418.0 10.31971776
420.0 10.39775
422.0 10.49621408
424.0 10.61422384
426.0 10.755976
428.0 10.92682096
430.0 11.12925
432.0 11.36227664
434.0 11.626252
436.0 11.91213056
438.0 12.20603472
440.0 12.4982
442.0 12.78840904
444.0 13.07525736
446.0 13.35575208
448.0 13.6273016
450.0 13.88805
452.0 14.13635872
454.0 14.37040528
456.0 14.59249704
458.0 14.8069812
460.0 15.01665
462.0 15.22108544
464.0 15.42097304
466.0 15.61509224
468.0 15.80110224
470.0 15.97805
472.0 16.14735672
474.0 16.30980824
476.0 16.46866496
478.0 16.62860848
480.0 16.79315
482.0 16.96249016
484.0 17.13662896
486.0 17.31887696
488.0 17.51358136
490.0 17.7232
492.0 17.94662936
494.0 18.18271576
496.0 18.42975376
498.0 18.68515176
500.0 18.94585
502.0 19.21026008
504.0 19.47776336
506.0 19.73857864
508.0 19.97891192
510.0 20.1894
512.0 20.37042744
514.0 20.52199424
516.0 20.64221104
518.0 20.72974024
520.0 20.78505
522.0 20.80927728
524.0 20.80272304
526.0 20.7761884
528.0 20.74555736
530.0 20.72235
532.0 20.70726856
534.0 20.7015336
536.0 20.71159904
538.0 20.74490528
540.0 20.80595
542.0 20.89495056
544.0 21.01255904
546.0 21.15374272
548.0 21.310058
550.0 21.47475
552.0 21.6495576
554.0 21.83859392
556.0 22.02587464
558.0 22.18757376
560.0 22.31075
562.0 22.40184056
564.0 22.46418944
566.0 22.51449992
568.0 22.5783536
570.0 22.6765
572.0 22.80924008
574.0 22.97287872
576.0 23.20406616
578.0 23.5548852
580.0 24.0559
582.0 24.7013756
584.0 25.49361936
586.0 26.39863952
588.0 27.36092568
590.0 28.3404
592.0 29.33744704
594.0 30.34857232
596.0 31.3492476
598.0 32.30987848
600.0 33.2101
602.0 34.04404344
604.0 34.8031816
606.0 35.49619216
608.0 36.14188512
610.0 36.75265
612.0 37.32420648
614.0 37.85546776
616.0 38.35044664
618.0 38.81399192
620.0 39.2502
622.0 39.66114416
624.0 40.04878064
626.0 40.41685472
628.0 40.76963
630.0 41.1103
632.0 41.44048656
634.0 41.76214592
636.0 42.07486008
638.0 42.37687344
640.0 42.66735
642.0 42.94811224
644.0 43.22093248
646.0 43.48522552
648.0 43.73965376
650.0 43.98405
652.0 44.21945088
654.0 44.44578952
656.0 44.66861696
658.0 44.896126
660.0 45.13355
662.0 45.38001952
664.0 45.63528376
666.0 45.8984064
668.0 46.16729744
670.0 46.4398
672.0 46.71613144
674.0 46.9975792
676.0 47.27576656
678.0 47.53823712
680.0 47.7774
682.0 47.99267
684.0 48.17973336
686.0 48.34990952
688.0 48.52225928
690.0 48.70745
692.0 48.90278976
694.0 49.11158912
696.0 49.31487088
698.0 49.48228824
700.0 49.5957
702.0 49.65911896
704.0 49.67042168
706.0 49.6465288
708.0 49.61552992
710.0 49.5957
712.0 49.5843304
714.0 49.5829092
716.0 49.588594
718.0 49.5942788
720.0 49.5957
722.0 49.5957
724.0 49.5957
726.0 49.5957
728.0 49.5957
730.0 49.5957
732.0 49.5957
734.0 49.5957
736.0 49.5957
738.0 49.5957
740.0 49.5957
742.0 49.5957
744.0 49.5957
746.0 49.5957
748.0 49.5957
750.0 49.5957
