380.0 12.6236
382.0 12.63119008
384.0 12.63986576
386.0 12.64820504
388.0 12.64434272
390.0 12.6236
392.0 12.59598496
394.0 12.56503704
396.0 12.54629072
398.0 12.5615696
400.0 12.6236
402.0 12.73221312
404.0 12.89280872
406.0 13.08375112
408.0 13.26959392
410.0 13.42825
412.0 13.56475208
414.0 13.67864872
416.0 13.77925296
418.0 13.883452
420.0 14.003
422.0 14.13468672
424.0 14.27558616
426.0 14.4362988
428.0 14.63178904
430.0 14.87035
432.0 15.15037656
434.0 15.4736076
436.0 15.82476104
438.0 16.17950928
440.0 16.52145
442.0 16.85178704
444.0 17.16896544
446.0 17.47168104
448.0 17.76076984
450.0 18.0367
452.0 18.29724776
454.0 18.54050704
456.0 18.76980512
458.0 18.9907432
460.0 19.2071
462.0 19.41872504
464.0 19.62645432
466.0 19.8300036
468.0 20.02820248
470.0 20.22075
472.0 20.40933488
474.0 20.5955288
476.0 20.78038512
478.0 20.96499064
480.0 21.1508
482.0 21.33858232
484.0 21.52801992
486.0 21.72523232
488.0 21.93908112
490.0 22.1749
492.0 22.43039832
494.0 22.70318512
496.0 22.99277552
498.0 23.29833352
500.0 23.617
502.0 23.94609976
504.0 24.28514792
506.0 24.61658848
508.0 24.91509064
510.0 25.1636
512.0 25.363404
514.0 25.51487048
516.0 25.61483936
518.0 25.66113704
520.0 25.65475
522.0 25.59766792
524.0 25.49027536
526.0 25.352118
528.0 25.21195424
530.0 25.09045
532.0 24.98785608
534.0 24.9047744
536.0 24.85379512
538.0 24.85021704
540.0 24.90235
542.0 25.00939144
544.0 25.17306352
546.0 25.3754424
548.0 25.58810408
550.0 25.7906
552.0 25.98777896
554.0 26.1876164
556.0 26.36379504
558.0 26.47810968
560.0 26.51165
562.0 26.47515024
564.0 26.37156984
566.0 26.24625344
568.0 26.16808744
570.0 26.1877
572.0 26.30361976
574.0 26.51243584
576.0 26.86136552
578.0 27.4136104
580.0 28.20455
582.0 29.22691112
584.0 30.48333552
586.0 31.91766072
588.0 33.44051832
590.0 34.9866
592.0 36.5533476
594.0 38.13223392
596.0 39.68277984
598.0 41.15699896
600.0 42.52105
602.0 43.76506816
604.0 44.87718224
606.0 45.86247512
608.0 46.737834
610.0 47.51615
612.0 48.1928084
614.0 48.76464912
616.0 49.25414384
618.0 49.69414736
620.0 50.10775
622.0 50.49710864
624.0 50.86762384
626.0 51.22242224
628.0 51.56108584
630.0 51.88425
632.0 52.19686384
634.0 52.50267264
636.0 52.80120824
638.0 53.09021344
640.0 53.36815
642.0 53.63727512
644.0 53.90063184
646.0 54.15261896
648.0 54.38420768
650.0 54.5908
652.0 54.77420168
654.0 54.93319216
656.0 55.07997704
658.0 55.23353352
660.0 55.4059
662.0 55.59518712
664.0 55.80203024
666.0 56.02216576
668.0 56.24740088
670.0 56.4718
672.0 56.69691808
674.0 56.92437696
676.0 57.14673624
678.0 57.35329512
680.0 57.5377
682.0 57.6992988
684.0 57.83401184
686.0 57.95359328
688.0 58.07752192
690.0 58.21695
692.0 58.3693528
694.0 58.53779008
696.0 58.70522416
698.0 58.84415064
700.0 58.938
702.0 58.99045064
704.0 58.99974696
706.0 58.97986688
708.0 58.9542184
710.0 58.938
712.0 58.92877056
714.0 58.92761688
716.0 58.9322316
718.0 58.93684632
720.0 58.938
722.0 58.938
724.0 58.938
726.0 58.938
728.0 58.938
730.0 58.938
732.0 58.938
734.0 58.938
736.0 58.938
738.0 58.938
740.0 58.938
742.0 58.938
744.0 58.938
746.0 58.938
748.0 58.938
750.0 58.938
