380.0 11.6204
382.0 11.62334912
384.0 11.62670912
386.0 11.62991792
388.0 11.62841312
390.0 11.6204
392.0 11.60991552
394.0 11.59870672
396.0 11.59221152
398.0 11.59792192
400.0 11.6204
402.0 11.66054472
404.0 11.72157272
406.0 11.79547512
408.0 11.86879232
410.0 11.9339
412.0 11.99395824
414.0 12.04936832
416.0 12.1087076
418.0 12.18551928
420.0 12.2892
422.0 12.41826168
424.0 12.5712664
426.0 12.75445072
428.0 12.97609104
430.0 13.24015
432.0 13.54507264
434.0 13.89141072
436.0 14.2661728
438.0 14.64937848
440.0 15.0271
442.0 15.39922032
444.0 15.7637832
446.0 16.11739448
448.0 16.45762976
450.0 16.7827
452.0 17.09033128
454.0 17.37816608
456.0 17.64928088
458.0 17.90936048
460.0 18.1621
462.0 18.40714832
464.0 18.64562568
466.0 18.87591024
468.0 19.0948252
470.0 19.30115
472.0 19.49680744
474.0 19.68265024
476.0 19.86397864
478.0 20.04848384
480.0 20.24165
482.0 20.44342696
484.0 20.65374784
486.0 20.87593992
488.0 21.1140996
490.0 21.37025
492.0 21.6431204
494.0 21.93155712
496.0 22.23161424
498.0 22.53743976
500.0 22.8437
502.0 23.14887344
504.0 23.45234144
506.0 23.74335304
508.0 24.00702744
510.0 24.23355
512.0 24.42337216
514.0 24.57617624
516.0 24.69278152
518.0 24.7760304
520.0 24.8292
522.0 24.85320992
524.0 24.84852832
526.0 24.82620712
528.0 24.80204672
530.0 24.7874
532.0 24.78333704
534.0 24.79168032
536.0 24.8169108
538.0 24.86337568
540.0 24.9337
542.0 25.02855256
544.0 25.148552
546.0 25.28995304
548.0 25.44648568
550.0 25.61295
552.0 25.79096784
554.0 25.98466904
556.0 26.17912264
558.0 26.35184024
560.0 26.49075
562.0 26.6022724
564.0 26.68975144
566.0 26.76970648
568.0 26.86730112
570.0 27.0028
572.0 27.17588544
574.0 27.38190928
576.0 27.65723752
578.0 28.05386936
580.0 28.60165
582.0 29.29422584
584.0 30.13438912
586.0 31.0823128
588.0 32.07387568
590.0 33.0638
592.0 34.05323944
594.0 35.038014
596.0 35.99837736
598.0 36.91276072
600.0 37.7663
602.0 38.552558
604.0 39.26329176
606.0 39.90881752
608.0 40.50953368
610.0 41.07895
612.0 41.61345496
614.0 42.11268072
616.0 42.57980408
618.0 43.01800184
620.0 43.4302
622.0 43.81872264
624.0 44.18559288
626.0 44.53373672
628.0 44.86633096
630.0 45.1858
632.0 45.4937824
634.0 45.79233472
636.0 46.08052064
638.0 46.35591576
640.0 46.61745
642.0 46.86696256
644.0 47.10579104
646.0 47.33567432
648.0 47.5588696
650.0 47.7774
652.0 47.99211824
654.0 48.20360952
656.0 48.4151008
658.0 48.63085568
660.0 48.85375
662.0 49.08358312
664.0 49.3199872
666.0 49.56383168
668.0 49.81603616
670.0 50.0764
672.0 50.34468912
674.0 50.62204048
676.0 50.90022784
678.0 51.1667948
680.0 51.414
682.0 51.64115792
684.0 51.84390464
686.0 52.03235576
688.0 52.22381648
690.0 52.42765
692.0 52.6410808
694.0 52.86735256
696.0 53.08643472
698.0 53.26664288
700.0 53.38905
702.0 53.457602
704.0 53.46982432
706.0 53.44400864
708.0 53.41050176
710.0 53.38905
712.0 53.37674408
714.0 53.37520584
716.0 53.3813588
718.0 53.38751176
720.0 53.38905
722.0 53.38905
724.0 53.38905
726.0 53.38905
728.0 53.38905
730.0 53.38905
732.0 53.38905
734.0 53.38905
736.0 53.38905
738.0 53.38905
740.0 53.38905
742.0 53.38905
744.0 53.38905
746.0 53.38905
748.0 53.38905
750.0 53.38905
