380.0 12.6654
382.0 12.66736352
384.0 12.66959712
386.0 12.67172352
388.0 12.67072032
390.0 12.6654
392.0 12.65853672
394.0 12.65149032
396.0 12.64757352
398.0 12.65126432
400.0 12.6654
402.0 12.69108192
404.0 12.73104272
406.0 12.78011592
408.0 12.82943992
410.0 12.8744
412.0 12.91780512
414.0 12.96035752
416.0 13.01018312
418.0 13.07965472
420.0 13.17745
422.0 13.302432
424.0 13.45317952
426.0 13.63611304
428.0 13.85984336
430.0 14.1284
432.0 14.43996048
434.0 14.79497624
436.0 15.1794192
438.0 15.57180416
440.0 15.95715
442.0 16.3352728
444.0 16.7040324
446.0 17.059834
448.0 17.4001696
450.0 17.7232
452.0 18.02648408
454.0 18.3074804
456.0 18.56966672
458.0 18.81939664
460.0 19.0608
462.0 19.293626
464.0 19.51936272
466.0 19.73581984
468.0 19.93881736
470.0 20.1267
472.0 20.30180856
474.0 20.46506264
476.0 20.62338432
478.0 20.7868892
480.0 20.9627
482.0 21.15064952
484.0 21.35070432
486.0 21.56647592
488.0 21.80222792
490.0 22.05995
492.0 22.33837144
494.0 22.63647232
496.0 22.9488688
498.0 23.26753528
500.0 23.58565
502.0 23.90154096
504.0 24.2140712
506.0 24.51280744
508.0 24.78370488
510.0 25.0173
512.0 25.21362624
514.0 25.37238264
516.0 25.49293384
518.0 25.57594864
520.0 25.6234
522.0 25.63649176
524.0 25.61565864
526.0 25.57300592
528.0 25.5260896
530.0 25.48755
532.0 25.4583736
534.0 25.44033272
536.0 25.43909544
538.0 25.46059736
540.0 25.50845
542.0 25.58313824
544.0 25.68513024
546.0 25.81036304
548.0 25.95198144
550.0 26.1041
552.0 26.26869168
554.0 26.45107344
556.0 26.6321176
558.0 26.78289856
560.0 26.88785
562.0 26.95558272
564.0 26.991096
566.0 27.01423648
568.0 27.05510016
570.0 27.13865
572.0 27.26535416
574.0 27.42964488
576.0 27.6807124
578.0 28.08903152
580.0 28.6957
582.0 29.4925752
584.0 30.483068
586.0 31.6189412
588.0 32.821778
590.0 34.03565
592.0 35.26171088
594.0 36.4949948
596.0 37.70645912
598.0 38.86249664
600.0 39.9399
602.0 40.93040952
604.0 41.82275592
606.0 42.62924512
608.0 43.37545872
610.0 44.0781
612.0 44.731852
614.0 45.33596232
616.0 45.89334024
618.0 46.40657736
620.0 46.8787
622.0 47.31286824
624.0 47.71147304
626.0 48.08065064
628.0 48.42817584
630.0 48.7597
632.0 49.07724624
634.0 49.38372384
636.0 49.67841384
638.0 49.95847384
640.0 50.2227
642.0 50.47373408
644.0 50.71354904
646.0 50.94375
648.0 51.16617616
650.0 51.38265
652.0 51.59420816
654.0 51.8014024
656.0 52.00801144
658.0 52.21913488
660.0 52.4381
662.0 52.66452224
664.0 52.89801704
666.0 53.13870144
668.0 53.38632464
670.0 53.63985
672.0 53.89907688
674.0 54.16514224
676.0 54.4292848
678.0 54.67837936
680.0 54.9043
682.0 55.10671232
684.0 55.2818376
686.0 55.43940688
688.0 55.59605656
690.0 55.7612
692.0 55.9324128
694.0 56.11238688
696.0 56.28575656
698.0 56.42785984
700.0 56.52405
702.0 56.57777136
704.0 56.58738536
706.0 56.56723776
708.0 56.54098736
710.0 56.52405
712.0 56.51428552
714.0 56.51306496
716.0 56.5179472
718.0 56.52282944
720.0 56.52405
722.0 56.52405
724.0 56.52405
726.0 56.52405
728.0 56.52405
730.0 56.52405
732.0 56.52405
734.0 56.52405
736.0 56.52405
738.0 56.52405
740.0 56.52405
742.0 56.52405
744.0 56.52405
746.0 56.52405
748.0 56.52405
750.0 56.52405
