380.0 17.0753
382.0 17.08230096
384.0 17.09044016
386.0 17.09852576
388.0 17.09501456
390.0 17.0753
392.0 17.04933816
394.0 17.02090216
396.0 17.00406296
398.0 17.01840656
400.0 17.0753
402.0 17.17541936
404.0 17.32523056
406.0 17.50237896
408.0 17.67024776
410.0 17.8068
412.0 17.91802144
414.0 18.00331016
416.0 18.07865048
418.0 18.1707944
420.0 18.29795
422.0 18.45648904
424.0 18.64412088
426.0 18.87012512
428.0 19.14637296
430.0 19.4788
432.0 19.86580112
434.0 20.30846312
436.0 20.78949752
438.0 21.28206872
440.0 21.76735
442.0 22.24530792
444.0 22.71363512
446.0 23.16624552
448.0 23.59753792
450.0 24.00365
452.0 24.38192328
454.0 24.72939832
456.0 25.05053936
458.0 25.3536228
460.0 25.6443
462.0 25.9219356
464.0 26.18733216
466.0 26.44152632
468.0 26.68510328
470.0 26.9192
472.0 27.14602352
474.0 27.36764712
476.0 27.58651192
478.0 27.80537672
480.0 28.0269
482.0 28.25171712
484.0 28.47894192
486.0 28.71619872
488.0 28.97452272
490.0 29.26
492.0 29.5698216
494.0 29.90231552
496.0 30.25052624
498.0 30.60375296
500.0 30.9529
502.0 31.29619504
504.0 31.63276864
506.0 31.94760624
508.0 32.22014224
510.0 32.4368
512.0 32.59809784
514.0 32.70360104
516.0 32.75442984
518.0 32.75451344
520.0 32.7085
522.0 32.61801136
524.0 32.48415104
526.0 32.32245192
528.0 32.1549844
530.0 31.9979
532.0 31.85308808
534.0 31.72312352
536.0 31.61648336
538.0 31.5424472
540.0 31.50675
542.0 31.5100104
544.0 31.55294736
546.0 31.63016032
548.0 31.73236968
550.0 31.8516
552.0 31.989958
554.0 32.15341272
556.0 32.31778704
558.0 32.44679856
560.0 32.5204
562.0 32.5487404
564.0 32.53815664
566.0 32.50943168
568.0 32.49433352
570.0 32.5204
572.0 32.58923624
574.0 32.69477288
576.0 32.89870672
578.0 33.28973736
580.0 33.9207
582.0 34.78167968
584.0 35.87545192
586.0 37.15247536
588.0 38.530822
590.0 39.95035
592.0 41.41104264
594.0 42.90800096
596.0 44.39643208
598.0 45.8199896
600.0 47.13995
602.0 48.34743496
604.0 49.42839968
606.0 50.395334
608.0 51.27724712
610.0 52.09325
612.0 52.83588552
614.0 53.5028296
616.0 54.10180688
618.0 54.64284936
620.0 55.1342
622.0 55.57938672
624.0 55.98213808
626.0 56.34919224
628.0 56.6880732
630.0 57.00475
632.0 57.30254992
634.0 57.58496744
636.0 57.85375816
638.0 58.10942368
640.0 58.3528
642.0 58.58667936
644.0 58.81390416
646.0 59.03335416
648.0 59.24227056
650.0 59.4396
652.0 59.62693088
654.0 59.80448056
656.0 59.97751584
658.0 60.15381152
660.0 60.3383
662.0 60.53046296
664.0 60.73075184
666.0 60.93697632
668.0 61.14504
670.0 61.35195
672.0 61.55804072
674.0 61.76336232
676.0 61.96517272
678.0 62.15979352
680.0 62.3447
682.0 62.5189224
684.0 62.68053792
686.0 62.83178704
688.0 62.97693336
690.0 63.118
692.0 63.25416768
694.0 63.38689104
696.0 63.5081612
698.0 63.60552176
700.0 63.67185
702.0 63.70891824
704.0 63.7156564
706.0 63.70199616
708.0 63.68390512
710.0 63.67185
712.0 63.66476072
714.0 63.66387456
716.0 63.6674192
718.0 63.67096384
720.0 63.67185
722.0 63.67185
724.0 63.67185
726.0 63.67185
728.0 63.67185
730.0 63.67185
732.0 63.67185
734.0 63.67185
736.0 63.67185
738.0 63.67185
740.0 63.67185
742.0 63.67185
744.0 63.67185
746.0 63.67185
748.0 63.67185
750.0 63.67185
