380.0 15.3615
382.0 15.37017328
384.0 15.3800856
386.0 15.38961072
388.0 15.38519664
390.0 15.3615
392.0 15.33008488
394.0 15.29526152
396.0 15.27437736
398.0 15.2916984
400.0 15.3615
402.0 15.48425824
404.0 15.66694096
406.0 15.88498648
408.0 16.0979324
410.0 16.2811
412.0 16.44047504
414.0 16.57468648
416.0 16.69978552
418.0 16.84319296
420.0 17.02305
422.0 17.23462488
424.0 17.47509192
426.0 17.75075456
428.0 18.069304
430.0 18.4338
432.0 18.84298856
434.0 19.29852496
436.0 19.78139856
438.0 20.26251656
440.0 20.72235
442.0 21.16153424
444.0 21.57729376
446.0 21.97056488
448.0 22.3463636
450.0 22.70785
452.0 23.05191416
454.0 23.37629888
456.0 23.684716
458.0 23.98310112
460.0 24.27535
462.0 24.56139576
464.0 24.8423252
466.0 25.11656664
468.0 25.38094328
470.0 25.63385
472.0 25.8772932
474.0 26.11307864
476.0 26.34200888
478.0 26.56491992
480.0 26.78335
482.0 26.99776728
484.0 27.20676728
486.0 27.42011448
488.0 27.65235528
490.0 27.91195
492.0 28.19563824
494.0 28.50148048
496.0 28.82354112
498.0 29.15237336
500.0 29.47945
502.0 29.80274792
504.0 30.12143112
506.0 30.41829472
508.0 30.66942912
510.0 30.85885
512.0 30.98771104
514.0 31.05674792
516.0 31.06367
518.0 31.00739048
520.0 30.8902
522.0 30.71517504
524.0 30.4835696
526.0 30.21818976
528.0 29.95214112
530.0 29.70935
532.0 29.49102024
534.0 29.29900776
536.0 29.14695608
538.0 29.0508328
540.0 29.01965
542.0 29.05260512
544.0 29.15021648
546.0 29.29807144
548.0 29.4730964
550.0 29.6571
552.0 29.8528076
554.0 30.06760944
556.0 30.26610928
558.0 30.39655872
560.0 30.4304
562.0 30.38012296
564.0 30.25181368
566.0 30.0803668
568.0 29.91978792
570.0 29.81385
572.0 29.7638572
574.0 29.7638572
576.0 29.8884212
578.0 30.2428852
580.0 30.8902
582.0 31.8197484
584.0 33.0351252
586.0 34.477894
588.0 36.0510788
590.0 37.6827
592.0 39.37245664
594.0 41.1154832
596.0 42.85098576
598.0 44.50063112
600.0 46.01135
602.0 47.37359528
604.0 48.56997816
606.0 49.61981024
608.0 50.56539312
610.0 51.4349
612.0 52.21868344
614.0 52.91381744
616.0 53.53262464
618.0 54.09098904
620.0 54.60125
622.0 55.0679052
624.0 55.49613784
626.0 55.89201728
628.0 56.26097752
630.0 56.60765
632.0 56.936198
634.0 57.25051728
636.0 57.55162776
638.0 57.83894424
640.0 58.11245
642.0 58.37475336
644.0 58.62847936
646.0 58.87175536
648.0 59.10090296
650.0 59.3142
652.0 59.51313456
654.0 59.69789056
656.0 59.87336696
658.0 60.04692056
660.0 60.22335
662.0 60.40237104
664.0 60.58463576
666.0 60.76882328
668.0 60.9520912
670.0 61.1325
672.0 61.3104844
674.0 61.48594408
676.0 61.65814336
678.0 61.82624624
680.0 61.9894
682.0 62.14676864
684.0 62.29743256
686.0 62.44048888
688.0 62.575018
690.0 62.7
692.0 62.81530112
694.0 62.92177408
696.0 63.01503824
698.0 63.0885728
700.0 63.1389
702.0 63.16702304
704.0 63.17220624
706.0 63.16200704
708.0 63.14829664
710.0 63.1389
712.0 63.13328208
714.0 63.13257984
716.0 63.1353888
718.0 63.13819776
720.0 63.1389
722.0 63.1389
724.0 63.1389
726.0 63.1389
728.0 63.1389
730.0 63.1389
732.0 63.1389
734.0 63.1389
736.0 63.1389
738.0 63.1389
740.0 63.1389
742.0 63.1389
744.0 63.1389
746.0 63.1389
748.0 63.1389
750.0 63.1389
