380.0 13.6059
382.0 13.6155912
384.0 13.62657696
386.0 13.63696152
388.0 13.63199568
390.0 13.6059
392.0 13.57110672
394.0 13.53207192
396.0 13.50838752
398.0 13.52758992
400.0 13.6059
402.0 13.74323808
404.0 13.94633592
406.0 14.18931096
408.0 14.4295272
410.0 14.64045
412.0 14.82759696
414.0 14.98911216
416.0 15.13833816
418.0 15.29910096
420.0 15.4869
422.0 15.69691992
424.0 15.92660256
426.0 16.1798604
428.0 16.46120784
430.0 16.77225
432.0 17.1122512
434.0 17.4823484
436.0 17.8695
438.0 18.2538092
440.0 18.6219
442.0 18.97412352
444.0 19.3085068
446.0 19.62566848
448.0 19.92903616
450.0 20.22075
452.0 20.49877016
454.0 20.76179248
456.0 21.0118568
458.0 21.25222352
460.0 21.4852
462.0 21.71085312
464.0 21.9296176
466.0 22.14219568
468.0 22.34917256
470.0 22.5511
472.0 22.74893104
474.0 22.94391968
476.0 23.13531352
478.0 23.32152416
480.0 23.50205
482.0 23.677192
484.0 23.84574632
486.0 24.01363184
488.0 24.18996096
490.0 24.37985
492.0 24.58062376
494.0 24.79044304
496.0 25.00519472
498.0 25.2186088
500.0 25.42485
502.0 25.62251384
504.0 25.81151672
506.0 25.9784492
508.0 26.10441768
510.0 26.17725
512.0 26.1986516
514.0 26.1695588
516.0 26.091142
518.0 25.9667452
520.0 25.80105
522.0 25.596648
524.0 25.355044
526.0 25.094212
528.0 24.83965
530.0 24.60975
532.0 24.40573256
534.0 24.2292028
536.0 24.08987504
538.0 23.99878448
540.0 23.96185
542.0 23.97793464
544.0 24.04657024
546.0 24.15642064
548.0 24.28976264
550.0 24.4321
552.0 24.5849208
554.0 24.75416064
556.0 24.90826888
558.0 25.00109832
560.0 25.00685
562.0 24.93717776
564.0 24.79925448
566.0 24.618946
568.0 24.43621312
570.0 24.2858
572.0 24.17208728
574.0 24.092266
576.0 24.11769712
578.0 24.34936944
580.0 24.8501
582.0 25.611278
584.0 26.63422432
586.0 27.88564944
588.0 29.30636456
590.0 30.8484
592.0 32.50872944
594.0 34.28472784
596.0 36.10545224
598.0 37.87342504
600.0 39.5219
602.0 41.0432528
604.0 42.42026184
606.0 43.66192248
608.0 44.79699312
610.0 45.84415
612.0 46.7919232
614.0 47.63451088
616.0 48.38472056
618.0 49.06152944
620.0 49.6793
622.0 50.2405904
624.0 50.74909576
626.0 51.21396192
628.0 51.64547168
630.0 52.05145
632.0 52.43597656
634.0 52.80369952
636.0 53.15461888
638.0 53.48597584
640.0 53.7966
642.0 54.0899524
644.0 54.36890888
646.0 54.63315176
648.0 54.88134344
650.0 55.1133
652.0 55.33042592
654.0 55.53310576
656.0 55.7259208
658.0 55.91547544
660.0 56.10605
662.0 56.29769464
664.0 56.491446
666.0 56.68511376
668.0 56.87451792
670.0 57.057
672.0 57.23326224
674.0 57.40315416
676.0 57.56727768
678.0 57.7268868
680.0 57.88255
682.0 58.03333096
684.0 58.17839368
686.0 58.3171028
688.0 58.44870592
690.0 58.57225
692.0 58.68775176
694.0 58.796298
696.0 58.89272224
698.0 58.96924968
700.0 59.0216
702.0 59.05087672
704.0 59.05624384
706.0 59.04555976
708.0 59.03128088
710.0 59.0216
712.0 59.01584832
714.0 59.01512936
716.0 59.0180052
718.0 59.02088104
720.0 59.0216
722.0 59.0216
724.0 59.0216
726.0 59.0216
728.0 59.0216
730.0 59.0216
732.0 59.0216
734.0 59.0216
736.0 59.0216
738.0 59.0216
740.0 59.0216
742.0 59.0216
744.0 59.0216
746.0 59.0216
748.0 59.0216
750.0 59.0216
