380.0 12.09065
382.0 12.10137064
384.0 12.11345864
386.0 12.12476024
388.0 12.11924264
390.0 12.09065
392.0 12.05241984
394.0 12.00929584
396.0 11.98299104
398.0 12.00408744
400.0 12.09065
402.0 12.24233384
404.0 12.46604744
406.0 12.73431984
408.0 13.00183984
410.0 13.24015
412.0 13.45493512
414.0 13.64438944
416.0 13.82038416
418.0 14.00482248
420.0 14.212
422.0 14.43693416
424.0 14.67653176
426.0 14.93610976
428.0 15.22260696
430.0 15.53915
432.0 15.8847524
434.0 16.26083536
436.0 16.65347112
438.0 17.04117448
440.0 17.4097
442.0 17.75986696
444.0 18.08980272
446.0 18.40126288
448.0 18.69943064
450.0 18.98765
452.0 19.26384768
454.0 19.52685328
456.0 19.77890728
458.0 20.02335368
460.0 20.26255
462.0 20.49668016
464.0 20.72626248
466.0 20.9517484
468.0 21.17330512
470.0 21.39115
472.0 21.60635312
474.0 21.820436
476.0 22.03176008
478.0 22.23739936
480.0 22.43615
482.0 22.62864736
484.0 22.81375448
486.0 22.9986944
488.0 23.19458592
490.0 23.408
492.0 23.63644536
494.0 23.8785008
496.0 24.13050464
498.0 24.38652128
500.0 24.6411
502.0 24.89295336
504.0 25.14164664
506.0 25.37545912
508.0 25.5780052
510.0 25.73835
512.0 25.85748
514.0 25.93616432
516.0 25.97254704
518.0 25.96537416
520.0 25.916
522.0 25.82681552
524.0 25.69884064
526.0 25.54837736
528.0 25.39908448
530.0 25.2681
532.0 25.15614288
534.0 25.06416616
536.0 25.00278704
538.0 24.98479632
540.0 25.0173
542.0 25.09912768
544.0 25.23026264
546.0 25.3991012
548.0 25.58725136
550.0 25.78015
552.0 25.9797868
554.0 26.1919636
556.0 26.3881728
558.0 26.5267816
560.0 26.5848
562.0 26.57262784
564.0 26.4959332
566.0 26.38153496
568.0 26.27081512
570.0 26.19815
572.0 26.1658804
574.0 26.17019416
576.0 26.27365752
578.0 26.56463568
580.0 27.09685
582.0 27.86189032
584.0 28.86174632
586.0 30.05613952
588.0 31.37676872
590.0 32.7712
592.0 34.2380456
594.0 35.77429592
596.0 37.32225024
598.0 38.80482936
600.0 40.1698
602.0 41.41020664
604.0 42.51130224
606.0 43.48716504
608.0 44.37123504
610.0 45.1858
612.0 45.92196488
614.0 46.57626864
616.0 47.1610172
618.0 47.69301416
620.0 48.18495
622.0 48.6400684
624.0 49.0624992
626.0 49.4582616
628.0 49.8330404
630.0 50.19135
632.0 50.53680192
634.0 50.873108
636.0 51.19946568
638.0 51.51269816
640.0 51.8111
642.0 52.09712904
644.0 52.37279168
646.0 52.63733552
648.0 52.88917216
650.0 53.1278
652.0 53.35407176
654.0 53.56788712
656.0 53.77350968
658.0 53.97729304
660.0 54.18325
662.0 54.39111304
664.0 54.60165128
666.0 54.81235672
668.0 55.01871496
670.0 55.2178
672.0 55.41031408
674.0 55.59627392
676.0 55.77571296
678.0 55.9490492
680.0 56.1165
682.0 56.277012
684.0 56.42896336
686.0 56.57447752
688.0 56.71714928
690.0 56.85845
692.0 56.99787808
694.0 57.13727272
696.0 57.26696976
698.0 57.3720048
700.0 57.44365
702.0 57.483778
704.0 57.49101776
706.0 57.47610352
708.0 57.45650768
710.0 57.44365
712.0 57.43615944
714.0 57.43522312
716.0 57.4389684
718.0 57.44271368
720.0 57.44365
722.0 57.44365
724.0 57.44365
726.0 57.44365
728.0 57.44365
730.0 57.44365
732.0 57.44365
734.0 57.44365
736.0 57.44365
738.0 57.44365
740.0 57.44365
742.0 57.44365
744.0 57.44365
746.0 57.44365
748.0 57.44365
750.0 57.44365
