380.0 22.05995
382.0 22.0621724
384.0 22.06491944
386.0 22.06795568
388.0 22.06690232
390.0 22.05995
392.0 22.05129992
394.0 22.04310848
396.0 22.03900664
398.0 22.0436828
400.0 22.05995
402.0 22.08989552
404.0 22.13840024
406.0 22.19568296
408.0 22.24544168
410.0 22.2794
412.0 22.30267424
414.0 22.31631776
416.0 22.33748528
418.0 22.39226
420.0 22.49885
422.0 22.65489776
424.0 22.85764448
426.0 23.11958
428.0 23.45725712
430.0 23.87825
432.0 24.37939856
434.0 24.9624584
436.0 25.59768464
438.0 26.23943168
440.0 26.8565
442.0 27.44940792
444.0 28.01397544
446.0 28.54694216
448.0 29.04922768
450.0 29.52125
452.0 29.95829408
454.0 30.35612976
456.0 30.72194664
458.0 31.06795032
460.0 31.40225
462.0 31.72416016
464.0 32.03513544
466.0 32.33415592
468.0 32.618212
470.0 32.88615
472.0 33.14106312
474.0 33.38567672
476.0 33.62184672
478.0 33.85157952
480.0 34.07745
482.0 34.30064528
484.0 34.52046312
486.0 34.74755416
488.0 34.9973844
490.0 35.2792
492.0 35.58984088
494.0 35.92698296
496.0 36.28652984
498.0 36.66170992
500.0 37.04525
502.0 37.43460864
504.0 37.82936784
506.0 38.20765784
508.0 38.53837944
510.0 38.80085
512.0 38.99625664
514.0 39.12408104
516.0 39.18410584
518.0 39.17934064
520.0 39.11435
522.0 38.9907056
524.0 38.80899264
526.0 38.59007768
528.0 38.36414032
530.0 38.15295
532.0 37.95829576
534.0 37.78325408
536.0 37.6378068
538.0 37.53248752
540.0 37.4737
542.0 37.46254776
544.0 37.500452
546.0 37.57932024
548.0 37.68552568
550.0 37.8081
552.0 37.95001936
554.0 38.11837304
556.0 38.28614152
558.0 38.412946
560.0 38.4769
562.0 38.4888548
564.0 38.45417752
566.0 38.40194424
568.0 38.37671376
570.0 38.4142
572.0 38.51356696
574.0 38.66662184
576.0 38.93646592
578.0 39.4133036
580.0 40.1489
582.0 41.13171832
584.0 42.36557072
586.0 43.78284152
588.0 45.27476712
590.0 46.76375
592.0 48.25114448
594.0 49.73047992
596.0 51.16107656
598.0 52.4957004
600.0 53.70255
602.0 54.77159336
604.0 55.68818376
606.0 56.47419096
608.0 57.17183296
610.0 57.8094
612.0 58.380388
614.0 58.88462976
616.0 59.33010072
618.0 59.72516088
620.0 60.07705
622.0 60.39115192
624.0 60.67280032
626.0 60.92627552
628.0 61.15500512
630.0 61.3624
632.0 61.55220544
634.0 61.72749792
636.0 61.891588
638.0 62.04773608
640.0 62.1984
642.0 62.34551928
644.0 62.491418
646.0 62.63439072
648.0 62.77075904
650.0 62.89855
652.0 63.01915136
654.0 63.13289752
656.0 63.24238008
658.0 63.35152824
660.0 63.46285
662.0 63.57611128
664.0 63.69164648
666.0 63.80835208
668.0 63.92413808
670.0 64.0376
672.0 64.14893848
674.0 64.25795288
676.0 64.36454288
678.0 64.46879208
680.0 64.57055
682.0 64.669198
684.0 64.76415088
686.0 64.85475656
688.0 64.94026264
690.0 65.0199
692.0 65.09361848
694.0 65.16198656
696.0 65.22207824
698.0 65.26954632
700.0 65.30205
702.0 65.32022464
704.0 65.32356864
706.0 65.31696424
708.0 65.30810264
710.0 65.30205
712.0 65.29843848
714.0 65.29798704
716.0 65.2997928
718.0 65.30159856
720.0 65.30205
722.0 65.30205
724.0 65.30205
726.0 65.30205
728.0 65.30205
730.0 65.30205
732.0 65.30205
734.0 65.30205
736.0 65.30205
738.0 65.30205
740.0 65.30205
742.0 65.30205
744.0 65.30205
746.0 65.30205
748.0 65.30205
750.0 65.30205
