380.0 14.7763
382.0 14.78717424
384.0 14.79964624
386.0 14.81171584
388.0 14.80619824
390.0 14.7763
392.0 14.73665712
394.0 14.69264384
396.0 14.66621776
398.0 14.68811248
400.0 14.7763
402.0 14.93116064
404.0 15.16132816
406.0 15.43513488
408.0 15.7005816
410.0 15.9258
412.0 16.11829736
414.0 16.27640168
416.0 16.419458
418.0 16.58082272
420.0 16.7827
422.0 17.01963912
424.0 17.2887308
426.0 17.59803408
428.0 17.95733016
430.0 18.3711
432.0 18.838006
434.0 19.35931888
436.0 19.91674696
438.0 20.48211704
440.0 21.03585
442.0 21.5778288
444.0 22.10522776
446.0 22.61381672
448.0 23.10100408
450.0 23.56475
452.0 24.00211176
454.0 24.41054792
456.0 24.79273368
458.0 25.15393584
460.0 25.498
462.0 25.8246252
464.0 26.13417928
466.0 26.42960496
468.0 26.71466424
470.0 26.99235
472.0 27.26399984
474.0 27.53120216
476.0 27.79539488
478.0 28.0577484
480.0 28.3195
482.0 28.58106768
484.0 28.84164888
486.0 29.10574128
488.0 29.37994928
490.0 29.66755
492.0 29.9662528
494.0 30.27472008
496.0 30.58644776
498.0 30.89173824
500.0 31.1828
502.0 31.45847936
504.0 31.71814096
506.0 31.95163576
508.0 32.14533696
510.0 32.2905
512.0 32.3880612
514.0 32.43860576
516.0 32.44367192
518.0 32.40677088
520.0 32.3323
522.0 32.22249976
524.0 32.07875792
526.0 31.91595528
528.0 31.75507544
530.0 31.61125
532.0 31.48606736
534.0 31.38191848
536.0 31.3051068
538.0 31.26190232
540.0 31.25595
542.0 31.28766784
544.0 31.3573568
546.0 31.45948256
548.0 31.58501632
550.0 31.7262
552.0 31.88468888
554.0 32.06583336
556.0 32.24697784
558.0 32.39426432
560.0 32.48905
562.0 32.54084856
564.0 32.55562904
566.0 32.55327152
568.0 32.5641228
570.0 32.61445
572.0 32.70575792
574.0 32.83224472
576.0 33.05253072
578.0 33.45088472
580.0 34.07745
582.0 34.9225624
584.0 35.98847912
586.0 37.22828384
588.0 38.56447936
590.0 39.9399
592.0 41.35439528
594.0 42.80373504
596.0 44.242792
598.0 45.61413296
600.0 46.8787
602.0 48.02858456
604.0 49.05021
606.0 49.95813944
608.0 50.78430808
610.0 51.54985
612.0 52.24739168
614.0 52.87485984
616.0 53.4402968
618.0 53.95381816
620.0 54.4236
622.0 54.85332072
624.0 55.2469764
626.0 55.60978368
628.0 55.94692576
630.0 56.2628
632.0 56.56073368
634.0 56.84388688
636.0 57.11424928
638.0 57.37299128
640.0 57.6213
642.0 57.86143264
644.0 58.09571328
646.0 58.32322232
648.0 58.54161896
650.0 58.7499
652.0 58.94943648
654.0 59.14066312
656.0 59.32679016
658.0 59.5124992
660.0 59.70085
662.0 59.89167536
664.0 60.08529296
666.0 60.28100056
668.0 60.47720976
670.0 60.6727
672.0 60.86763848
674.0 61.06207536
676.0 61.25433864
678.0 61.44208752
680.0 61.62365
682.0 61.79807304
684.0 61.96351744
686.0 62.12177224
688.0 62.27626504
690.0 62.4283
692.0 62.57709128
694.0 62.72427744
696.0 62.8601776
698.0 62.96991096
700.0 63.04485
702.0 63.08683392
704.0 63.0944248
706.0 63.07885848
708.0 63.05835976
710.0 63.04485
712.0 63.03695816
714.0 63.03597168
716.0 63.0399176
718.0 63.04386352
720.0 63.04485
722.0 63.04485
724.0 63.04485
726.0 63.04485
728.0 63.04485
730.0 63.04485
732.0 63.04485
734.0 63.04485
736.0 63.04485
738.0 63.04485
740.0 63.04485
742.0 63.04485
744.0 63.04485
746.0 63.04485
748.0 63.04485
750.0 63.04485
