380.0 16.66775
382.0 16.67083512
384.0 16.67440136
386.0 16.6779056
388.0 16.67635064
390.0 16.66775
392.0 16.65661224
394.0 16.6449832
396.0 16.63841336
398.0 16.64446712
400.0 16.66775
402.0 16.70958344
404.0 16.77397216
406.0 16.85165328
408.0 16.9270772
410.0 16.9917
412.0 17.04899944
414.0 17.09852408
416.0 17.15364992
418.0 17.23536056
420.0 17.35745
422.0 17.51692536
424.0 17.71176352
426.0 17.94522488
428.0 18.22073704
430.0 18.5383
432.0 18.89655944
434.0 19.29712048
436.0 19.71916672
438.0 20.13143176
440.0 20.51335
442.0 20.86559024
444.0 21.18467472
446.0 21.4759204
448.0 21.75119848
450.0 22.01815
452.0 22.27336408
454.0 22.5153192
456.0 22.74648992
458.0 22.97013664
460.0 23.18855
462.0 23.4023988
464.0 23.61283672
466.0 23.81909464
468.0 24.01933336
470.0 24.21265
472.0 24.40073328
474.0 24.58545584
476.0 24.7661656
478.0 24.94144136
480.0 25.11135
482.0 25.2765436
484.0 25.4355508
486.0 25.59832
488.0 25.7798992
490.0 25.98915
492.0 26.22271168
494.0 26.4785444
496.0 26.75151512
498.0 27.03334744
500.0 27.3163
502.0 27.59850016
504.0 27.87952992
506.0 28.14166608
508.0 28.35999584
510.0 28.51805
512.0 28.6171996
514.0 28.65789608
516.0 28.63957096
518.0 28.56381264
520.0 28.43445
522.0 28.25392416
524.0 28.02318816
526.0 27.76377736
528.0 27.50679096
530.0 27.2745
532.0 27.06789096
534.0 26.88873616
536.0 26.74812096
538.0 26.65850176
540.0 26.6266
542.0 26.65162984
544.0 26.73382536
546.0 26.85949288
548.0 27.0070636
550.0 27.15955
552.0 27.31934304
554.0 27.49326448
556.0 27.64862672
558.0 27.73769416
560.0 27.7343
562.0 27.65121832
564.0 27.49622392
566.0 27.29968032
568.0 27.10806912
570.0 26.961
572.0 26.8622684
574.0 26.80744352
576.0 26.87475824
578.0 27.17506616
580.0 27.7761
582.0 28.66732616
584.0 29.85083464
586.0 31.27954192
588.0 32.8729412
590.0 34.5686
592.0 36.36439488
594.0 38.25671432
596.0 40.17244176
598.0 42.0132636
600.0 43.71235
602.0 45.26072232
604.0 46.63923616
606.0 47.8644276
608.0 48.97692624
610.0 50.00325
612.0 50.93142736
614.0 51.7568436
616.0 52.49096864
618.0 53.14935208
620.0 53.74435
622.0 54.28017584
624.0 54.76162824
626.0 55.19760224
628.0 55.59787904
630.0 55.9702
632.0 56.31886216
634.0 56.64822944
636.0 56.96062592
638.0 57.256804
640.0 57.5377
642.0 57.80652416
644.0 58.06665392
646.0 58.31541408
648.0 58.54753784
650.0 58.76035
652.0 58.95582352
654.0 59.13435968
656.0 59.30110824
658.0 59.463844
660.0 59.6277
662.0 59.79244216
664.0 59.95878944
666.0 60.12580552
668.0 60.2911496
670.0 60.45325
672.0 60.61265848
674.0 60.76944192
676.0 60.92288136
678.0 61.0720572
680.0 61.2161
682.0 61.35442456
684.0 61.48642896
686.0 61.61099296
688.0 61.72677896
690.0 61.83265
692.0 61.92860608
694.0 62.01528256
696.0 62.08983704
698.0 62.14808952
700.0 62.18795
702.0 62.2101876
704.0 62.21431744
706.0 62.20632528
708.0 62.19549072
710.0 62.18795
712.0 62.18340216
714.0 62.18283368
716.0 62.1851076
718.0 62.18738152
720.0 62.18795
722.0 62.18795
724.0 62.18795
726.0 62.18795
728.0 62.18795
730.0 62.18795
732.0 62.18795
734.0 62.18795
736.0 62.18795
738.0 62.18795
740.0 62.18795
742.0 62.18795
744.0 62.18795
746.0 62.18795
748.0 62.18795
750.0 62.18795
