380.0 14.15975
382.0 14.17025464
384.0 14.18220392
386.0 14.1935792
388.0 14.18821208
390.0 14.15975
392.0 14.12182664
394.0 14.0793032
396.0 14.05352216
398.0 14.07447352
400.0 14.15975
402.0 14.30921008
404.0 14.53023176
406.0 14.79397304
408.0 15.05303272
410.0 15.2779
412.0 15.47497864
414.0 15.64284744
416.0 15.79533384
418.0 15.95726704
420.0 16.14525
422.0 16.35465128
424.0 16.58267864
426.0 16.8372072
428.0 17.12851976
430.0 17.46195
432.0 17.83644456
434.0 18.2533912
436.0 18.69876184
438.0 19.15056968
440.0 19.59375
442.0 20.02858704
444.0 20.45285704
446.0 20.86483784
448.0 21.26478024
450.0 21.6524
452.0 22.02520584
454.0 22.38150904
456.0 22.72142664
458.0 23.04587824
460.0 23.35575
462.0 23.65090816
464.0 23.93120224
466.0 24.19937432
468.0 24.4594372
470.0 24.71425
472.0 24.96443136
474.0 25.21126872
476.0 25.45451128
478.0 25.69298864
480.0 25.92645
482.0 26.15522976
484.0 26.37804048
486.0 26.6006004
488.0 26.83168752
490.0 27.07595
492.0 27.33069592
494.0 27.5945208
496.0 27.86068648
498.0 28.11899376
500.0 28.3613
502.0 28.58661872
504.0 28.79449848
506.0 28.97428864
508.0 29.11161
510.0 29.1973
512.0 29.23267952
514.0 29.21881864
516.0 29.15713856
518.0 29.05089968
520.0 28.9047
522.0 28.7214488
524.0 28.50296856
526.0 28.26634712
528.0 28.03566128
530.0 27.82835
532.0 27.6458512
534.0 27.48995392
536.0 27.36992104
538.0 27.29620256
540.0 27.2745
542.0 27.30411112
544.0 27.38505264
546.0 27.50662376
548.0 27.65193728
550.0 27.80745
552.0 27.97525192
554.0 28.16162976
556.0 28.3376412
558.0 28.46073384
560.0 28.5076
562.0 28.48930832
564.0 28.411878
566.0 28.30376648
568.0 28.20869656
570.0 28.16275
572.0 28.16756536
574.0 28.21782568
576.0 28.3796084
578.0 28.74662912
580.0 29.37495
582.0 30.25482328
584.0 31.3890412
586.0 32.72682512
588.0 34.18382264
590.0 35.6972
592.0 37.2662884
594.0 38.88647312
596.0 40.50364824
598.0 42.04800776
600.0 43.472
602.0 44.76681352
604.0 45.91683184
606.0 46.93735376
608.0 47.86332408
610.0 48.7179
612.0 49.49242056
614.0 50.18412696
616.0 50.80318496
618.0 51.36288696
620.0 51.8738
622.0 52.33976968
624.0 52.76494256
626.0 53.15667544
628.0 53.52291032
630.0 53.86975
632.0 54.20078928
634.0 54.52002424
636.0 54.8271372
638.0 55.11936936
640.0 55.39545
642.0 55.65830512
644.0 55.9103424
646.0 56.15134448
648.0 56.38030816
650.0 56.5972
652.0 56.8031904
654.0 56.99854688
656.0 57.18754976
658.0 57.37638544
660.0 57.56905
662.0 57.76537624
664.0 57.96594936
666.0 58.16919768
668.0 58.372028
670.0 58.57225
672.0 58.7702984
674.0 58.96632368
676.0 59.15858696
678.0 59.34474744
680.0 59.5232
682.0 59.69300832
684.0 59.85229976
686.0 60.003482
688.0 60.15090224
690.0 60.2965
692.0 60.43948944
694.0 60.581576
696.0 60.71321256
698.0 60.81960192
700.0 60.89215
702.0 60.93276288
704.0 60.94010296
706.0 60.92503824
708.0 60.90520832
710.0 60.89215
712.0 60.88452568
714.0 60.88357264
716.0 60.8873848
718.0 60.89119696
720.0 60.89215
722.0 60.89215
724.0 60.89215
726.0 60.89215
728.0 60.89215
730.0 60.89215
732.0 60.89215
734.0 60.89215
736.0 60.89215
738.0 60.89215
740.0 60.89215
742.0 60.89215
744.0 60.89215
746.0 60.89215
748.0 60.89215
750.0 60.89215
