380.0 10.50225
382.0 10.509658
384.0 10.51801224
386.0 10.52582568
388.0 10.52201352
390.0 10.50225
392.0 10.47587424
394.0 10.44626208
396.0 10.42827552
398.0 10.44280936
400.0 10.50225
402.0 10.60659952
404.0 10.76092512
406.0 10.94626632
408.0 11.13127312
410.0 11.29645
412.0 11.44612744
414.0 11.57936912
416.0 11.7054212
418.0 11.84083648
420.0 11.9966
422.0 12.16933432
424.0 12.3567488
426.0 12.56406008
428.0 12.79820696
430.0 13.0625
432.0 13.35596944
434.0 13.67978568
436.0 14.02191032
438.0 14.36370056
440.0 14.6927
442.0 15.0094604
444.0 15.31219272
446.0 15.60188344
448.0 15.88229456
450.0 16.1557
452.0 16.42005992
454.0 16.67413704
456.0 16.91910176
458.0 17.15687688
460.0 17.3888
462.0 17.6151888
464.0 17.83694616
466.0 18.05335312
468.0 18.26290488
470.0 18.46515
472.0 18.66154312
474.0 18.85323792
476.0 19.04259192
478.0 19.23278192
480.0 19.42655
482.0 19.62414696
484.0 19.82483712
486.0 20.03472328
488.0 20.26258344
490.0 20.51335
492.0 20.78505
494.0 21.07663008
496.0 21.38284016
498.0 21.69548744
500.0 22.0077
502.0 22.31822384
504.0 22.62630656
506.0 22.92126408
508.0 23.18855
510.0 23.41845
512.0 23.61116472
514.0 23.76637648
516.0 23.88405184
518.0 23.9657792
520.0 24.0141
522.0 24.03016792
524.0 24.01455144
526.0 23.97887096
528.0 23.93984648
530.0 23.9096
532.0 23.8892016
534.0 23.88030656
536.0 23.88896752
538.0 23.92178888
540.0 23.98275
542.0 24.07198464
544.0 24.18959312
546.0 24.3315292
548.0 24.49102128
550.0 24.662
552.0 24.84597016
554.0 25.0478976
556.0 25.24731704
558.0 25.41346368
560.0 25.52935
562.0 25.60313536
564.0 25.63923384
566.0 25.65677312
568.0 25.6851804
570.0 25.7488
572.0 25.84848464
574.0 25.98005432
576.0 26.189372
578.0 26.54172928
580.0 27.07595
582.0 27.78507864
584.0 28.671456
586.0 29.69736176
588.0 30.80051392
590.0 31.9352
592.0 33.1016708
594.0 34.29678296
596.0 35.48570872
598.0 36.62430728
600.0 37.6827
602.0 38.65441624
604.0 39.52810312
606.0 40.3175212
608.0 41.05126168
610.0 41.74775
612.0 42.400666
614.0 43.0089396
616.0 43.5742428
618.0 44.0972444
620.0 44.5797
622.0 45.02493688
624.0 45.435346
626.0 45.81699672
628.0 46.17774744
630.0 46.5234
632.0 46.85565984
634.0 47.17675072
636.0 47.4878096
638.0 47.78892008
640.0 48.08045
642.0 48.36447264
644.0 48.6431616
646.0 48.91507896
648.0 49.17729872
650.0 49.4285
652.0 49.66990336
654.0 49.90155896
656.0 50.12786416
658.0 50.35542336
660.0 50.58845
662.0 50.82644248
664.0 51.06970176
666.0 51.31672304
668.0 51.56458032
670.0 51.8111
672.0 52.0565496
674.0 52.30102944
676.0 52.54216528
678.0 52.77669672
680.0 53.0024
682.0 53.21802112
684.0 53.42096848
686.0 53.61463624
688.0 53.8051272
690.0 53.99515
692.0 54.18353424
694.0 54.37255384
696.0 54.54886624
698.0 54.69182224
700.0 54.78935
702.0 54.84399096
704.0 54.85383904
706.0 54.83350752
708.0 54.8068224
710.0 54.78935
712.0 54.77918424
714.0 54.77791352
716.0 54.7829964
718.0 54.78807928
720.0 54.78935
722.0 54.78935
724.0 54.78935
726.0 54.78935
728.0 54.78935
730.0 54.78935
732.0 54.78935
734.0 54.78935
736.0 54.78935
738.0 54.78935
740.0 54.78935
742.0 54.78935
744.0 54.78935
746.0 54.78935
748.0 54.78935
750.0 54.78935
