380.0 18.46515
382.0 18.4709852
384.0 18.47768136
386.0 18.48416832
388.0 18.48120888
390.0 18.46515
392.0 18.44399984
394.0 18.42092632
396.0 18.4072992
398.0 18.41891928
400.0 18.46515
402.0 18.54689408
404.0 18.6696356
406.0 18.81645392
408.0 18.95934304
410.0 19.0817
412.0 19.18884176
414.0 19.28101912
416.0 19.37127368
418.0 19.48100704
420.0 19.6251
422.0 19.80069344
424.0 20.00504528
426.0 20.24927432
428.0 20.54851216
430.0 20.91045
432.0 21.33268016
434.0 21.81643992
436.0 22.34133088
438.0 22.87566864
440.0 23.39755
442.0 23.90720904
444.0 24.40173648
446.0 24.87678512
448.0 25.32993056
450.0 25.75925
452.0 26.16148304
454.0 26.53373712
456.0 26.8794064
458.0 27.20492808
460.0 27.51485
462.0 27.80900496
464.0 28.0884296
466.0 28.35456184
468.0 28.60865568
470.0 28.85245
472.0 29.08835248
474.0 29.31863704
476.0 29.546748
478.0 29.77678176
480.0 30.0124
482.0 30.25445544
484.0 30.502296
486.0 30.76409776
488.0 31.05148112
490.0 31.3709
492.0 31.72003032
494.0 32.09810296
496.0 32.496574
498.0 32.90206744
500.0 33.30415
502.0 33.70153424
504.0 34.0927488
506.0 34.46690896
508.0 34.80988632
510.0 35.112
512.0 35.37256448
514.0 35.59066016
516.0 35.76553464
518.0 35.89794032
520.0 35.9898
522.0 36.0423844
524.0 36.05671344
526.0 36.04328728
528.0 36.01715392
530.0 35.9898
532.0 35.96286408
534.0 35.93786768
536.0 35.92474248
538.0 35.93594488
540.0 35.97935
542.0 36.05505816
544.0 36.16392208
546.0 36.3011264
548.0 36.45797672
550.0 36.62725
552.0 36.81160472
554.0 37.0171604
556.0 37.22229808
558.0 37.39433016
560.0 37.5155
562.0 37.59453544
564.0 37.63544928
566.0 37.66181672
568.0 37.70983656
570.0 37.8081
572.0 37.95583792
574.0 38.14719832
576.0 38.42893032
578.0 38.86749592
580.0 39.501
582.0 40.32123304
584.0 41.33135512
586.0 42.4805876
588.0 43.68725328
590.0 44.8932
592.0 46.09944768
594.0 47.30088
596.0 48.46828712
598.0 49.56822904
600.0 50.578
602.0 51.48970816
604.0 52.29231832
606.0 53.00104568
608.0 53.64565184
610.0 54.24595
612.0 54.79702448
614.0 55.29862448
616.0 55.75566568
618.0 56.17308048
620.0 56.5554
622.0 56.90628592
624.0 57.22903208
626.0 57.52786864
628.0 57.8072264
630.0 58.07065
632.0 58.32054712
634.0 58.55949264
636.0 58.78782096
638.0 59.00461248
640.0 59.2097
642.0 59.40502304
644.0 59.59222016
646.0 59.77172608
648.0 59.9436244
650.0 60.1084
652.0 60.2669892
654.0 60.41987688
656.0 60.56950416
658.0 60.71921504
660.0 60.87125
662.0 61.02562576
664.0 61.18254296
666.0 61.34188456
668.0 61.50306536
670.0 61.66545
672.0 61.82890472
674.0 61.99329576
676.0 62.1566836
678.0 62.31630944
680.0 62.4701
682.0 62.6174032
684.0 62.7571824
686.0 62.8890196
688.0 63.0129148
690.0 63.12845
692.0 63.23527408
694.0 63.334106
696.0 63.42081592
698.0 63.48921744
700.0 63.536
702.0 63.56213336
704.0 63.56694872
706.0 63.55746848
708.0 63.54472784
710.0 63.536
712.0 63.53078336
714.0 63.53013128
716.0 63.5327396
718.0 63.53534792
720.0 63.536
722.0 63.536
724.0 63.536
726.0 63.536
728.0 63.536
730.0 63.536
732.0 63.536
734.0 63.536
736.0 63.536
738.0 63.536
740.0 63.536
742.0 63.536
744.0 63.536
746.0 63.536
748.0 63.536
750.0 63.536
