380.0 17.6396
382.0 17.64475392
384.0 17.6506832
386.0 17.65645568
388.0 17.65384736
390.0 17.6396
392.0 17.6209908
394.0 17.60112328
396.0 17.58963656
398.0 17.59980224
400.0 17.6396
402.0 17.71054296
404.0 17.81838696
406.0 17.94805056
408.0 18.07437016
410.0 18.183
412.0 18.2790564
414.0 18.36203776
416.0 18.44919912
418.0 18.56804488
420.0 18.73685
422.0 18.95185248
424.0 19.21062792
426.0 19.51881096
428.0 19.8828388
430.0 20.30435
432.0 20.78160568
434.0 21.31621096
436.0 21.88442344
438.0 22.45037872
440.0 22.99
442.0 23.50335416
444.0 23.98596024
446.0 24.44072752
448.0 24.8767684
450.0 25.29945
452.0 25.70445856
454.0 26.08973752
456.0 26.45528688
458.0 26.80127384
460.0 27.1282
462.0 27.43678432
464.0 27.72776248
466.0 28.00319104
468.0 28.2658288
470.0 28.51805
472.0 28.76114208
474.0 28.99660984
476.0 29.2264764
478.0 29.45291536
480.0 29.678
482.0 29.90198112
484.0 30.123588
486.0 30.34945848
488.0 30.58937376
490.0 30.8484
492.0 31.12364464
494.0 31.41368648
496.0 31.70974752
498.0 31.99853536
500.0 32.2696
502.0 32.52168744
504.0 32.75391152
506.0 32.9541168
508.0 33.10616848
510.0 33.19965
512.0 33.23586552
514.0 33.2162028
516.0 33.14102968
518.0 33.01218536
520.0 32.8339
522.0 32.6099356
524.0 32.34248248
526.0 32.05262456
528.0 31.77029064
530.0 31.5172
532.0 31.2947404
534.0 31.10443336
536.0 30.95927032
538.0 30.87463368
540.0 30.85885
542.0 30.91036432
544.0 31.02907632
546.0 31.19928592
548.0 31.39633112
550.0 31.6008
552.0 31.81538448
554.0 32.04782592
556.0 32.26095576
558.0 32.4005176
560.0 32.4368
562.0 32.38261048
564.0 32.24331616
566.0 32.05887784
568.0 31.89115952
570.0 31.7889
572.0 31.75199896
574.0 31.77355104
576.0 31.92802712
578.0 32.320178
580.0 33.01155
582.0 33.99102432
584.0 35.26299832
586.0 36.75960552
588.0 38.36990872
590.0 40.01305
592.0 41.68966472
594.0 43.39410152
596.0 45.06927832
598.0 46.64388432
600.0 48.07
602.0 49.33744288
604.0 50.42862352
606.0 51.36790296
608.0 52.204438
610.0 52.97105
612.0 53.65871016
614.0 54.26589696
616.0 54.80361216
618.0 55.28464656
620.0 55.7194
622.0 56.11337336
624.0 56.47218456
626.0 56.80156856
628.0 57.10654136
630.0 57.3914
632.0 57.66024088
634.0 57.91695976
636.0 58.16214184
638.0 58.39461672
640.0 58.61405
642.0 58.82294968
644.0 59.02355624
646.0 59.215134
648.0 59.39584376
650.0 59.565
652.0 59.72373968
654.0 59.8723136
656.0 60.01419952
658.0 60.15449704
660.0 60.2965
662.0 60.44014152
664.0 60.58610712
666.0 60.73282512
668.0 60.87728592
670.0 61.01755
672.0 61.15400192
674.0 61.28634072
676.0 61.41508472
678.0 61.54132072
680.0 61.66545
682.0 61.78668672
684.0 61.90456272
686.0 62.01742272
688.0 62.12292592
690.0 62.2193
692.0 62.30669544
694.0 62.38568072
696.0 62.4536308
698.0 62.50678368
700.0 62.54325
702.0 62.56363168
704.0 62.5674104
706.0 62.56007032
708.0 62.55013864
710.0 62.54325
712.0 62.53910344
714.0 62.53858512
716.0 62.5406584
718.0 62.54273168
720.0 62.54325
722.0 62.54325
724.0 62.54325
726.0 62.54325
728.0 62.54325
730.0 62.54325
732.0 62.54325
734.0 62.54325
736.0 62.54325
738.0 62.54325
740.0 62.54325
742.0 62.54325
744.0 62.54325
746.0 62.54325
748.0 62.54325
750.0 62.54325
