380.0 14.0866
382.0 14.09173856
384.0 14.09762944
386.0 14.10332512
388.0 14.1007168
390.0 14.0866
392.0 14.06806352
394.0 14.04801072
396.0 14.03626192
398.0 14.04641632
400.0 14.0866
402.0 14.1579108
404.0 14.26552072
406.0 14.39469944
408.0 14.52095216
410.0 14.63
412.0 14.72662488
414.0 14.81069304
416.0 14.8960152
418.0 15.00491256
420.0 15.1525
422.0 15.33593512
424.0 15.5532784
426.0 15.81141848
428.0 16.11896616
430.0 16.47965
432.0 16.89198192
434.0 17.35718248
436.0 17.85741144
438.0 18.3653316
440.0 18.86225
442.0 19.34784896
444.0 19.81841664
446.0 20.27376912
448.0 20.7174176
450.0 21.1508
452.0 21.57023792
454.0 21.97385872
456.0 22.35908752
458.0 22.72274752
460.0 23.06315
462.0 23.38079656
464.0 23.67587112
466.0 23.95155048
468.0 24.21276704
470.0 24.46345
472.0 24.70465272
474.0 24.93786328
476.0 25.16630864
478.0 25.3937508
480.0 25.6234
482.0 25.85595848
484.0 26.09092464
486.0 26.334418
488.0 26.59504936
490.0 26.8774
492.0 27.17914584
494.0 27.4988824
496.0 27.82990496
498.0 28.16201432
500.0 28.4867
502.0 28.80255752
504.0 29.10906856
506.0 29.3927568
508.0 29.63514664
510.0 29.8243
512.0 29.96105288
514.0 30.0451712
516.0 30.07946392
518.0 30.07003384
520.0 30.02285
522.0 29.93938376
524.0 29.82072192
526.0 29.68141088
528.0 29.54184904
530.0 29.41675
532.0 29.3079864
534.0 29.21843408
536.0 29.15337656
538.0 29.11749544
540.0 29.1137
542.0 29.14272592
544.0 29.20453976
546.0 29.2965332
548.0 29.41419184
550.0 29.5526
552.0 29.71329592
554.0 29.902466
556.0 30.09523088
558.0 30.25380336
560.0 30.35725
562.0 30.41592048
564.0 30.43573368
566.0 30.43874328
568.0 30.45880728
570.0 30.52445
572.0 30.63652416
574.0 30.78877648
576.0 31.0401784
578.0 31.47533312
580.0 32.1442
582.0 33.037048
584.0 34.1567864
586.0 35.452252
588.0 36.8395104
590.0 38.25745
592.0 39.7064052
594.0 41.1814436
596.0 42.6407652
598.0 44.0326216
600.0 45.32165
602.0 46.49892192
604.0 47.5503424
606.0 48.49116008
608.0 49.35397896
610.0 50.16
612.0 50.90193328
614.0 51.57850808
616.0 52.19346968
618.0 52.75032928
620.0 53.2532
622.0 53.70621168
624.0 54.11250768
626.0 54.48076568
628.0 54.82210448
630.0 55.14465
632.0 55.45101056
634.0 55.74479768
636.0 56.026212
638.0 56.29316352
640.0 56.54495
642.0 56.78468136
644.0 57.0148656
646.0 57.23610464
648.0 57.44848208
650.0 57.65265
652.0 57.84979552
654.0 58.04033664
656.0 58.22803536
658.0 58.41815848
660.0 58.61405
662.0 58.81559288
664.0 59.02332216
666.0 59.23531504
668.0 59.44806032
670.0 59.65905
672.0 59.86843456
674.0 60.07591304
676.0 60.28013112
678.0 60.4795004
680.0 60.6727
682.0 60.8585428
684.0 61.03537352
686.0 61.20367704
688.0 61.36487456
690.0 61.51915
692.0 61.66596832
694.0 61.80668384
696.0 61.93360536
698.0 62.03502888
700.0 62.10435
702.0 62.1431404
704.0 62.15021296
706.0 62.13596752
708.0 62.11704048
710.0 62.10435
712.0 62.09685944
714.0 62.09592312
716.0 62.0996684
718.0 62.10341368
720.0 62.10435
722.0 62.10435
724.0 62.10435
726.0 62.10435
728.0 62.10435
730.0 62.10435
732.0 62.10435
734.0 62.10435
736.0 62.10435
738.0 62.10435
740.0 62.10435
742.0 62.10435
744.0 62.10435
746.0 62.10435
748.0 62.10435
750.0 62.10435
