380.0 13.80445
382.0 13.80867944
384.0 13.81350136
386.0 13.81811248
388.0 13.8159556
390.0 13.80445
392.0 13.78925728
394.0 13.77260488
396.0 13.76272048
398.0 13.77106088
400.0 13.80445
402.0 13.8634716
404.0 13.95190368
406.0 14.05805896
408.0 14.16254224
410.0 14.2538
412.0 14.33549392
414.0 14.40784136
416.0 14.4793528
418.0 14.56407304
420.0 14.6718
422.0 14.80081152
424.0 14.9496028
426.0 15.12531328
428.0 15.33755696
430.0 15.5914
432.0 15.88565528
434.0 16.22130928
436.0 16.58647408
438.0 16.96250688
440.0 17.33655
442.0 17.70846968
444.0 18.07580808
446.0 18.43729448
448.0 18.79359768
450.0 19.1444
452.0 19.48712656
454.0 19.82045648
456.0 20.1414136
458.0 20.44623592
460.0 20.7328
462.0 21.00127304
464.0 21.2512036
466.0 21.48633696
468.0 21.71269232
470.0 21.93455
472.0 22.15229456
474.0 22.36723016
476.0 22.58007576
478.0 22.79091496
480.0 23.00045
482.0 23.2095336
484.0 23.41766416
486.0 23.63030912
488.0 23.85549408
490.0 24.0977
492.0 24.35478672
494.0 24.62531632
496.0 24.90504192
498.0 25.18744272
500.0 25.46665
502.0 25.74134288
504.0 26.01123712
506.0 26.26424416
508.0 26.4834768
510.0 26.65795
512.0 26.78858336
514.0 26.87536016
516.0 26.91983536
518.0 26.92602176
520.0 26.8983
522.0 26.83812472
524.0 26.74653256
526.0 26.6363812
528.0 26.52581184
530.0 26.42805
532.0 26.34465064
534.0 26.2777372
536.0 26.23381376
538.0 26.21981912
540.0 26.23995
542.0 26.29429
544.0 26.38262176
546.0 26.50121672
548.0 26.64380488
550.0 26.80425
552.0 26.98393984
554.0 27.18857592
556.0 27.3934628
558.0 27.56139848
560.0 27.6716
562.0 27.73348072
564.0 27.7519396
566.0 27.74882968
568.0 27.75800896
570.0 27.80745
572.0 27.89787176
574.0 28.02420808
576.0 28.2394112
578.0 28.61897192
580.0 29.20775
582.0 29.99771984
584.0 30.991774
586.0 32.14583856
588.0 33.38718152
590.0 34.66265
592.0 35.97261184
594.0 37.31307096
596.0 38.64567168
598.0 39.922344
600.0 41.1103
602.0 42.2019488
604.0 43.18490088
606.0 44.07246536
608.0 44.89340064
610.0 45.6665
612.0 46.38499184
614.0 47.04703696
616.0 47.65783528
618.0 48.2234896
620.0 48.74925
622.0 49.23820968
624.0 49.69341168
626.0 50.11935368
628.0 50.52088448
630.0 50.90195
632.0 51.2650248
634.0 51.61261688
636.0 51.94616416
638.0 52.26633544
640.0 52.57395
642.0 52.87129848
644.0 53.16103936
646.0 53.44158424
648.0 53.70958912
650.0 53.9638
652.0 54.20578856
654.0 54.43533744
656.0 54.65987032
658.0 54.890506
660.0 55.1342
662.0 55.39011632
664.0 55.65905752
666.0 55.93694392
668.0 56.21650232
670.0 56.4927
672.0 56.76627264
674.0 57.03720352
676.0 57.3031184
678.0 57.56117488
680.0 57.8094
682.0 58.04605488
684.0 58.2680296
686.0 58.47947072
688.0 58.68773504
690.0 58.8962
692.0 59.103528
694.0 59.31229392
696.0 59.50751664
698.0 59.66595536
700.0 59.774
702.0 59.8345264
704.0 59.84542784
706.0 59.82288928
708.0 59.79332832
710.0 59.774
712.0 59.76276416
714.0 59.76135968
716.0 59.7669776
718.0 59.77259552
720.0 59.774
722.0 59.774
724.0 59.774
726.0 59.774
728.0 59.774
730.0 59.774
732.0 59.774
734.0 59.774
736.0 59.774
738.0 59.774
740.0 59.774
742.0 59.774
744.0 59.774
746.0 59.774
748.0 59.774
750.0 59.774
