380.0 10.868
382.0 10.87341568
384.0 10.87946432
386.0 10.88500736
388.0 10.8821984
390.0 10.868
392.0 10.84906904
394.0 10.82793656
396.0 10.81515608
398.0 10.8255328
400.0 10.868
402.0 10.9429056
404.0 11.05416048
406.0 11.18907416
408.0 11.32641224
410.0 11.4532
412.0 11.57304896
414.0 11.68599256
416.0 11.79901976
418.0 11.92416896
420.0 12.06975
422.0 12.2337732
424.0 12.41448296
426.0 12.61818272
428.0 12.85356688
430.0 13.1252
432.0 13.43169432
434.0 13.77353472
436.0 14.14053872
438.0 14.51682232
440.0 14.89125
442.0 15.26365456
444.0 15.63229712
446.0 15.99416808
448.0 16.34692664
450.0 16.68865
452.0 17.0173652
454.0 17.33135008
456.0 17.63103936
458.0 17.91802144
460.0 18.19345
462.0 18.45672312
464.0 18.70738936
466.0 18.9473548
468.0 19.17946184
470.0 19.40565
472.0 19.62667168
474.0 19.8442992
476.0 20.05640912
478.0 20.25907224
480.0 20.45065
482.0 20.63191152
484.0 20.80111792
486.0 20.96806712
488.0 21.14789072
490.0 21.34935
492.0 21.5695524
494.0 21.80799632
496.0 22.05613784
498.0 22.30026656
500.0 22.5302
502.0 22.74578768
504.0 22.94647784
506.0 23.1235928
508.0 23.26593016
510.0 23.3662
512.0 23.42493736
514.0 23.4427776
516.0 23.42015544
518.0 23.35874288
520.0 23.2617
522.0 23.1316184
524.0 22.97022024
526.0 22.79160048
528.0 22.61565592
530.0 22.45705
532.0 22.31715376
534.0 22.19728808
536.0 22.1073512
538.0 22.05929792
540.0 22.05995
542.0 22.10825408
544.0 22.2039092
546.0 22.33793672
548.0 22.49595744
550.0 22.66605
552.0 22.8500536
554.0 23.05413792
556.0 23.24927704
558.0 23.39258416
560.0 23.46025
562.0 23.46304224
564.0 23.40677944
566.0 23.31791264
568.0 23.23732224
570.0 23.199
572.0 23.20453432
574.0 23.24869184
576.0 23.39576096
578.0 23.73711648
580.0 24.3276
582.0 25.15804896
584.0 26.23164016
586.0 27.49968496
588.0 28.88100776
590.0 30.31545
592.0 31.80289464
594.0 33.33906136
596.0 34.87397408
598.0 36.343428
600.0 37.7036
602.0 38.94591272
604.0 40.05550208
606.0 41.04663024
608.0 41.9519012
610.0 42.79275
612.0 43.56085008
614.0 44.25352624
616.0 44.8790716
618.0 45.44818696
620.0 45.96955
622.0 46.44675552
624.0 46.8836324
626.0 47.28665128
628.0 47.66283456
630.0 48.01775
632.0 48.35479176
634.0 48.67758808
636.0 48.987092
638.0 49.28263472
640.0 49.56435
642.0 49.83503008
644.0 50.0972164
646.0 50.35079192
648.0 50.59466984
650.0 50.8288
652.0 51.05446984
654.0 51.27189672
656.0 51.4856452
658.0 51.70231968
660.0 51.92605
662.0 52.1565352
664.0 52.3944608
666.0 52.6369844
668.0 52.87909
670.0 53.11735
672.0 53.35213224
674.0 53.5830856
676.0 53.80944096
678.0 54.03061312
680.0 54.24595
682.0 54.4539468
684.0 54.65254696
686.0 54.84295432
688.0 55.02767688
690.0 55.20735
692.0 55.38130488
694.0 55.55138072
696.0 55.70707736
698.0 55.8323436
700.0 55.91795
702.0 55.96590296
704.0 55.97459736
706.0 55.95687416
708.0 55.93346616
710.0 55.91795
712.0 55.90885432
714.0 55.90771736
716.0 55.9122652
718.0 55.91681304
720.0 55.91795
722.0 55.91795
724.0 55.91795
726.0 55.91795
728.0 55.91795
730.0 55.91795
732.0 55.91795
734.0 55.91795
736.0 55.91795
738.0 55.91795
740.0 55.91795
742.0 55.91795
744.0 55.91795
746.0 55.91795
748.0 55.91795
750.0 55.91795
