380.0 14.5464
382.0 14.553816
384.0 14.562324
386.0 14.570562
388.0 14.5668
390.0 14.5464
392.0 14.51937504
394.0 14.4894372
396.0 14.47149936
398.0 14.48641632
400.0 14.5464
402.0 14.6518196
404.0 14.80870336
406.0 14.99543232
408.0 15.17647648
410.0 15.33015
412.0 15.4619872
414.0 15.57143632
416.0 15.67152224
418.0 15.78456616
420.0 15.9258
422.0 16.0918296
424.0 16.28029744
426.0 16.50011528
428.0 16.76307072
430.0 17.0753
432.0 17.43539864
434.0 17.84465408
436.0 18.28768392
438.0 18.74041136
440.0 19.1862
442.0 19.62521704
444.0 20.05507152
446.0 20.4727204
448.0 20.87674248
450.0 21.26575
452.0 21.63690056
454.0 21.9878032
456.0 22.31972864
458.0 22.63568648
460.0 22.93775
462.0 23.22568512
464.0 23.50016064
466.0 23.76134376
468.0 24.00906728
470.0 24.244
472.0 24.46784736
474.0 24.68194696
476.0 24.89027816
478.0 25.09819136
480.0 25.3099
482.0 25.52573848
484.0 25.74517176
486.0 25.97421904
488.0 26.22124032
490.0 26.49075
492.0 26.78102592
494.0 27.09153304
496.0 27.41499816
498.0 27.74013528
500.0 28.05825
502.0 28.36845616
504.0 28.66975056
506.0 28.95348896
508.0 29.20846896
510.0 29.4272
512.0 29.60948144
514.0 29.75487856
516.0 29.86382608
518.0 29.9383304
520.0 29.98105
522.0 29.99335592
524.0 29.97643528
526.0 29.93961784
528.0 29.8960288
530.0 29.85565
532.0 29.82008656
534.0 29.79089344
536.0 29.77599592
538.0 29.7850916
540.0 29.8243
542.0 29.89367128
544.0 29.99360672
546.0 30.12054496
548.0 30.2680488
550.0 30.4304
552.0 30.60975544
554.0 30.81183336
556.0 31.01591768
558.0 31.1905748
560.0 31.31865
562.0 31.40912192
564.0 31.46710688
566.0 31.51271904
568.0 31.5766396
570.0 31.6844
572.0 31.83668576
574.0 32.02819664
576.0 32.30924312
578.0 32.7518048
580.0 33.3982
582.0 34.23983464
584.0 35.27879872
586.0 36.4705836
588.0 37.74245728
590.0 39.0412
592.0 40.36657768
594.0 41.7140592
596.0 43.04582392
598.0 44.31480504
600.0 45.48885
602.0 46.56040136
604.0 47.51750432
606.0 48.37269888
608.0 49.15340584
610.0 49.87785
612.0 50.53992856
614.0 51.13810328
616.0 51.6795136
618.0 52.17310472
620.0 52.6262
622.0 53.04209328
624.0 53.424162
626.0 53.77797392
628.0 54.10954824
630.0 54.4236
632.0 54.72307192
634.0 55.01124112
636.0 55.28820792
638.0 55.55230032
640.0 55.803
642.0 56.04281496
644.0 56.27376832
646.0 56.49669608
648.0 56.71218344
650.0 56.92115
652.0 57.12458224
654.0 57.32283128
656.0 57.51932472
658.0 57.71882776
660.0 57.92435
662.0 58.13570752
664.0 58.35323472
666.0 58.57527632
668.0 58.79882272
670.0 59.0216
672.0 59.2437252
674.0 59.46519832
676.0 59.68349464
678.0 59.89518656
680.0 60.09795
682.0 60.290648
684.0 60.47092304
686.0 60.64191848
688.0 60.80931912
690.0 60.97575
692.0 61.14014104
694.0 61.30444848
696.0 61.45730272
698.0 61.58106416
700.0 61.66545
702.0 61.71270072
704.0 61.72122792
706.0 61.70367192
708.0 61.68059832
710.0 61.66545
712.0 61.65662184
714.0 61.65551832
716.0 61.6599324
718.0 61.66434648
720.0 61.66545
722.0 61.66545
724.0 61.66545
726.0 61.66545
728.0 61.66545
730.0 61.66545
732.0 61.66545
734.0 61.66545
736.0 61.66545
738.0 61.66545
740.0 61.66545
742.0 61.66545
744.0 61.66545
746.0 61.66545
748.0 61.66545
750.0 61.66545
