380.0 15.72725
382.0 15.73659848
384.0 15.74712872
386.0 15.75695336
388.0 15.752138
390.0 15.72725
392.0 15.6940448
394.0 15.65680736
396.0 15.63420992
398.0 15.65249288
400.0 15.72725
402.0 15.8585856
404.0 16.05297232
406.0 16.28673464
408.0 16.52066416
410.0 16.73045
412.0 16.92194416
414.0 17.09464504
416.0 17.25965472
418.0 17.4367864
420.0 17.6396
422.0 17.86435024
424.0 18.10794392
426.0 18.3803796
428.0 18.69553488
430.0 19.0608
432.0 19.474202
434.0 19.9368444
436.0 20.4328432
438.0 20.9372856
440.0 21.43295
442.0 21.92010392
444.0 22.39644
446.0 22.85848048
448.0 23.30421896
450.0 23.73195
452.0 24.13879776
454.0 24.52212048
456.0 24.8841252
458.0 25.22932632
460.0 25.5607
462.0 25.87811248
464.0 26.1829348
466.0 26.47362872
468.0 26.74718464
470.0 27.0028
472.0 27.24226384
474.0 27.46554272
476.0 27.6817156
478.0 27.90424208
480.0 28.14185
482.0 28.39380368
484.0 28.6608388
486.0 28.94074832
488.0 29.22876704
490.0 29.52125
492.0 29.81762872
494.0 30.11599712
496.0 30.41461632
498.0 30.71189792
500.0 31.00515
502.0 31.29236616
504.0 31.57373032
506.0 31.83636808
508.0 32.06172024
510.0 32.23825
512.0 32.36744544
514.0 32.44857088
516.0 32.48839792
518.0 32.49888136
520.0 32.48905
522.0 32.45915464
524.0 32.41039912
526.0 32.3508592
528.0 32.29090128
530.0 32.23825
532.0 32.19499536
534.0 32.1635116
536.0 32.14665784
538.0 32.14669128
540.0 32.1651
542.0 32.20285376
544.0 32.26060464
546.0 32.33658032
548.0 32.427604
550.0 32.53085
552.0 32.64777296
554.0 32.78200112
556.0 32.92208128
558.0 33.05045744
560.0 33.15785
562.0 33.2503952
564.0 33.33239008
566.0 33.41522096
568.0 33.51577504
570.0 33.649
572.0 33.81631704
574.0 34.01454936
576.0 34.27865848
578.0 34.658888
580.0 35.18515
582.0 35.85124136
584.0 36.65758008
586.0 37.5776984
588.0 38.56787352
590.0 39.59505
592.0 40.65797384
594.0 41.7536856
596.0 42.85123656
598.0 43.91041512
600.0 44.90365
602.0 45.82570784
604.0 46.66740936
606.0 47.43629528
608.0 48.150674
610.0 48.8224
612.0 49.44623992
614.0 50.02053848
616.0 50.54902424
618.0 51.0364624
620.0 51.48715
622.0 51.90309344
624.0 52.28581424
626.0 52.64186664
628.0 52.97977784
630.0 53.30545
632.0 53.62048824
634.0 53.92771824
636.0 54.22466544
638.0 54.50589584
640.0 54.76845
642.0 55.01507
644.0 55.24767864
646.0 55.46758008
648.0 55.67644632
650.0 55.87615
652.0 56.06746024
654.0 56.25024328
656.0 56.43068552
658.0 56.61764856
660.0 56.81665
662.0 57.02733872
664.0 57.25071792
666.0 57.48262432
668.0 57.71578472
670.0 57.94525
672.0 58.17167224
674.0 58.39478392
676.0 58.6132976
678.0 58.82604288
680.0 59.03205
682.0 59.22969712
684.0 59.41661
686.0 59.59507928
688.0 59.76936856
690.0 59.9412
692.0 60.10968744
694.0 60.27675368
696.0 60.43127992
698.0 60.55612816
700.0 60.64135
702.0 60.6890856
704.0 60.69771312
706.0 60.68000664
708.0 60.65669896
710.0 60.64135
712.0 60.63238808
714.0 60.63126784
716.0 60.6357488
718.0 60.64022976
720.0 60.64135
722.0 60.64135
724.0 60.64135
726.0 60.64135
728.0 60.64135
730.0 60.64135
732.0 60.64135
734.0 60.64135
736.0 60.64135
738.0 60.64135
740.0 60.64135
742.0 60.64135
744.0 60.64135
746.0 60.64135
748.0 60.64135
750.0 60.64135
