380.0 14.6718
382.0 14.67946272
384.0 14.68818624
386.0 14.69650416
388.0 14.69259168
390.0 14.6718
392.0 14.64425592
394.0 14.61382056
396.0 14.5956156
398.0 14.61076704
400.0 14.6718
402.0 14.77937648
404.0 14.9398216
406.0 15.13211832
408.0 15.32148904
410.0 15.4869
412.0 15.63435368
414.0 15.76388352
416.0 15.88881536
418.0 16.0316376
420.0 16.20795
422.0 16.41464264
424.0 16.64915736
426.0 16.92262968
428.0 17.2501076
430.0 17.6396
432.0 18.08908376
434.0 18.59964568
436.0 19.154014
438.0 19.72510232
440.0 20.2939
442.0 20.86015624
444.0 21.4209116
446.0 21.97079896
448.0 22.50547112
450.0 23.02135
452.0 23.51512504
454.0 23.98405416
456.0 24.42807048
458.0 24.8486788
460.0 25.2472
462.0 25.622982
464.0 25.97550648
466.0 26.30880296
468.0 26.62889064
470.0 26.9401
472.0 27.24343424
474.0 27.54098336
476.0 27.83251328
478.0 28.1164356
480.0 28.39265
482.0 28.66224328
484.0 28.92407848
486.0 29.18683328
488.0 29.46354928
490.0 29.7616
492.0 30.0777752
494.0 30.41031928
496.0 30.75231016
498.0 31.09296344
500.0 31.42315
502.0 31.74118112
504.0 32.04618736
506.0 32.3232712
508.0 32.55203424
510.0 32.71895
512.0 32.825122
514.0 32.8714364
516.0 32.8565556
518.0 32.780396
520.0 32.6458
522.0 32.45642928
524.0 32.2147584
526.0 31.94073432
528.0 31.66278104
530.0 31.40225
532.0 31.16116432
534.0 30.94087832
536.0 30.75963352
538.0 30.64067072
540.0 30.5976
542.0 30.62905032
544.0 30.73622552
546.0 30.90233872
548.0 31.09996912
550.0 31.3082
552.0 31.53087696
554.0 31.77604232
556.0 32.00808248
558.0 32.17508184
560.0 32.2487
562.0 32.24045704
564.0 32.15388088
566.0 32.03035352
568.0 31.93416336
570.0 31.9143
572.0 31.96845608
574.0 32.08887352
576.0 32.34079376
578.0 32.8155916
580.0 33.5654
582.0 34.57978568
584.0 35.86419936
586.0 37.34457144
588.0 38.90193912
590.0 40.45195
592.0 41.99644328
594.0 43.52804544
596.0 45.006896
598.0 46.38818536
600.0 47.64155
602.0 48.75598816
604.0 49.7165856
606.0 50.54484424
608.0 51.28239688
610.0 51.9574
612.0 52.5635836
614.0 53.10057984
616.0 53.57863808
618.0 54.00954592
620.0 54.4027
622.0 54.76314976
624.0 55.09631248
626.0 55.4055656
628.0 55.69266472
630.0 55.95975
632.0 56.21081752
634.0 56.4493116
636.0 56.67651968
638.0 56.89277616
640.0 57.0988
642.0 57.29666448
644.0 57.48819208
646.0 57.67395128
648.0 57.85402568
650.0 58.02885
652.0 58.19936056
654.0 58.36599208
656.0 58.5307844
658.0 58.69649632
660.0 58.86485
662.0 59.03582872
664.0 59.2097836
666.0 59.38532688
668.0 59.56003416
670.0 59.7322
672.0 59.90180768
674.0 60.06842248
676.0 60.23169328
678.0 60.39145288
680.0 60.5473
682.0 60.69826488
684.0 60.84331088
686.0 60.98183608
688.0 61.11333888
690.0 61.237
692.0 61.35263552
694.0 61.46119848
696.0 61.55755584
698.0 61.6340164
700.0 61.68635
702.0 61.71562672
704.0 61.72099384
706.0 61.71030976
708.0 61.69603088
710.0 61.68635
712.0 61.68059832
714.0 61.67987936
716.0 61.6827552
718.0 61.68563104
720.0 61.68635
722.0 61.68635
724.0 61.68635
726.0 61.68635
728.0 61.68635
730.0 61.68635
732.0 61.68635
734.0 61.68635
736.0 61.68635
738.0 61.68635
740.0 61.68635
742.0 61.68635
744.0 61.68635
746.0 61.68635
748.0 61.68635
750.0 61.68635
