380.0 20.9836
382.0 20.98899904
384.0 20.9952736
386.0 21.00150256
388.0 20.99879392
390.0 20.9836
392.0 20.96378224
394.0 20.94263296
396.0 20.93042128
398.0 20.9412832
400.0 20.9836
402.0 21.05885672
404.0 21.17318808
406.0 21.30958984
408.0 21.4398888
410.0 21.5479
412.0 21.63914104
414.0 21.71304344
416.0 21.78803264
418.0 21.89361944
420.0 22.0495
422.0 22.2515612
424.0 22.49696064
426.0 22.79285448
428.0 23.14785352
430.0 23.56475
432.0 24.04157096
434.0 24.58030608
436.0 25.154404
438.0 25.72356952
440.0 26.26085
442.0 26.7669644
444.0 27.2377996
446.0 27.6759472
448.0 28.0903524
450.0 28.4867
452.0 28.86081
454.0 29.2101744
456.0 29.5389732
458.0 29.8536436
460.0 30.1587
462.0 30.45461056
464.0 30.7428132
466.0 31.02340824
468.0 31.29547608
470.0 31.559
472.0 31.81595296
474.0 32.06799024
476.0 32.31685072
478.0 32.5645408
480.0 32.813
482.0 33.062128
484.0 33.31018592
486.0 33.56443024
488.0 33.83572896
490.0 34.1297
492.0 34.44263152
494.0 34.77211584
496.0 35.10962576
498.0 35.44245408
500.0 35.7599
502.0 36.0599404
504.0 36.34180616
506.0 36.58822552
508.0 36.77553968
510.0 36.8885
512.0 36.92891224
514.0 36.89787992
516.0 36.7972088
518.0 36.63166408
520.0 36.4078
522.0 36.12944544
524.0 35.7991084
526.0 35.44084896
528.0 35.08860872
530.0 34.76715
532.0 34.47826184
534.0 34.22363296
536.0 34.01899688
538.0 33.8832472
540.0 33.82665
542.0 33.84749984
544.0 33.94626488
546.0 34.10321552
548.0 34.28725256
550.0 34.47455
552.0 34.6683348
554.0 34.87651552
556.0 35.06011784
558.0 35.16279536
560.0 35.1538
562.0 35.04699264
564.0 34.84927864
566.0 34.60123744
568.0 34.36540184
570.0 34.1924
572.0 34.08387048
574.0 34.03309184
576.0 34.1256036
578.0 34.48212416
580.0 35.1747
582.0 36.19095832
584.0 37.534728
586.0 39.13866088
588.0 40.89115096
590.0 42.70915
592.0 44.59208952
594.0 46.53450208
596.0 48.46462544
598.0 50.2896636
600.0 51.94695
602.0 53.42576712
604.0 54.70595064
606.0 55.81115936
608.0 56.79247288
610.0 57.684
612.0 58.47463864
614.0 59.16134576
616.0 59.75876808
618.0 60.2855484
620.0 60.7563
622.0 61.17660736
624.0 61.55265688
626.0 61.8923404
628.0 62.20309832
630.0 62.491
632.0 62.76099456
634.0 63.0180144
636.0 63.26215984
638.0 63.49092288
640.0 63.7032
642.0 63.90211784
644.0 64.09021784
646.0 64.26694824
648.0 64.43072064
650.0 64.581
652.0 64.71905704
654.0 64.84546024
656.0 64.96308544
658.0 65.07602904
660.0 65.1871
662.0 65.29649896
664.0 65.40482784
666.0 65.51198632
668.0 65.617222
670.0 65.72005
672.0 65.82068768
674.0 65.91895112
676.0 66.01495736
678.0 66.1089572
680.0 66.20075
682.0 66.29008496
684.0 66.37736336
686.0 66.45912416
688.0 66.53018416
690.0 66.5874
692.0 66.63132344
694.0 66.66168696
696.0 66.68101528
698.0 66.693572
700.0 66.70235
702.0 66.70714864
704.0 66.70818528
706.0 66.70679752
708.0 66.70449016
710.0 66.70235
712.0 66.70087864
714.0 66.70069472
716.0 66.7014304
718.0 66.70216608
720.0 66.70235
722.0 66.70235
724.0 66.70235
726.0 66.70235
728.0 66.70235
730.0 66.70235
732.0 66.70235
734.0 66.70235
736.0 66.70235
738.0 66.70235
740.0 66.70235
742.0 66.70235
744.0 66.70235
746.0 66.70235
748.0 66.70235
750.0 66.70235
