380.0 13.01025
382.0 13.01828008
384.0 13.02738696
386.0 13.03600344
388.0 13.03189032
390.0 13.01025
392.0 12.98145576
394.0 12.94931544
396.0 12.92990472
398.0 12.9457732
400.0 13.01025
402.0 13.12354472
404.0 13.29158072
406.0 13.49288952
408.0 13.69202472
410.0 13.86715
412.0 14.0235656
414.0 14.16060272
416.0 14.28978144
418.0 14.43124936
420.0 14.59865
422.0 14.78830496
424.0 14.99737184
426.0 15.23427752
428.0 15.5104752
430.0 15.83175
432.0 16.19642992
434.0 16.60581912
436.0 17.04363232
438.0 17.48453872
440.0 17.9113
442.0 18.32458496
444.0 18.72240392
446.0 19.10291768
448.0 19.46646064
450.0 19.8132
452.0 20.14067792
454.0 20.44662048
456.0 20.73525784
458.0 21.013696
460.0 21.28665
462.0 21.55380216
464.0 21.81612224
466.0 22.07275752
468.0 22.3215344
470.0 22.56155
472.0 22.79472712
474.0 23.02270432
476.0 23.24683592
478.0 23.46871032
480.0 23.69015
482.0 23.91170672
484.0 24.13266152
486.0 24.36005352
488.0 24.60416552
490.0 24.871
492.0 25.15840008
494.0 25.46507832
496.0 25.78680456
498.0 26.1168072
500.0 26.44895
502.0 26.78157768
504.0 27.11370376
506.0 27.43337344
508.0 27.72411752
510.0 27.97465
512.0 28.18525512
514.0 28.35615024
516.0 28.48407496
518.0 28.56593608
520.0 28.60165
522.0 28.59307264
524.0 28.54058856
526.0 28.45976408
528.0 28.3735892
530.0 28.2986
532.0 28.23561576
534.0 28.18639208
536.0 28.1592388
538.0 28.16343552
540.0 28.20455
542.0 28.28308384
544.0 28.4000904
546.0 28.54844696
548.0 28.71628232
550.0 28.89425
552.0 29.0849416
554.0 29.29415896
556.0 29.50061752
558.0 29.67254928
560.0 29.79295
562.0 29.87066456
564.0 29.91009032
566.0 29.93555488
568.0 29.98417664
570.0 30.08555
572.0 30.23902288
574.0 30.43807448
576.0 30.73351688
578.0 31.19783128
580.0 31.8725
582.0 32.74851096
584.0 33.82955928
586.0 35.0594156
588.0 36.34770832
590.0 37.63045
592.0 38.909112
594.0 40.1779928
596.0 41.4076652
598.0 42.565358
600.0 43.62875
602.0 44.58928056
604.0 45.4355968
606.0 46.18334864
608.0 46.86305008
610.0 47.49525
612.0 48.0752668
614.0 48.60298344
616.0 49.08505448
618.0 49.52883672
620.0 49.94055
622.0 50.32395632
624.0 50.68256688
626.0 51.02094624
628.0 51.3436924
630.0 51.65435
632.0 51.95544376
634.0 52.24978264
636.0 52.53634672
638.0 52.8121264
640.0 53.07555
642.0 53.32875768
644.0 53.57348832
646.0 53.80977536
648.0 54.0372844
650.0 54.2564
652.0 54.467908
654.0 54.67169136
656.0 54.87254872
658.0 55.07750248
660.0 55.29095
662.0 55.51237296
664.0 55.74215592
666.0 55.97787448
668.0 56.21518144
670.0 56.4509
672.0 56.685398
674.0 56.91887608
676.0 57.14825776
678.0 57.36936304
680.0 57.5795
682.0 57.7774648
684.0 57.96043176
686.0 58.13328312
688.0 58.30446248
690.0 58.4782
692.0 58.65312464
694.0 58.83159392
696.0 59.0000312
698.0 59.13720208
700.0 59.2306
702.0 59.28290016
704.0 59.2922968
706.0 59.27276784
708.0 59.24721968
710.0 59.2306
712.0 59.22096928
714.0 59.21976544
716.0 59.2245808
718.0 59.22939616
720.0 59.2306
722.0 59.2306
724.0 59.2306
726.0 59.2306
728.0 59.2306
730.0 59.2306
732.0 59.2306
734.0 59.2306
736.0 59.2306
738.0 59.2306
740.0 59.2306
742.0 59.2306
744.0 59.2306
746.0 59.2306
748.0 59.2306
750.0 59.2306
