380.0 16.10345
382.0 16.11258056
384.0 16.12296728
386.0 16.132856
388.0 16.12819112
390.0 16.10345
392.0 16.07063384
394.0 16.0342664
396.0 16.01245256
398.0 16.03051592
400.0 16.10345
402.0 16.23187632
404.0 16.42310296
406.0 16.6522004
408.0 16.87795384
410.0 17.0753
412.0 17.25032496
414.0 17.40134
416.0 17.54566704
418.0 17.71273328
420.0 17.92175
422.0 18.16741696
424.0 18.44670784
426.0 18.76428752
428.0 19.1253392
430.0 19.53105
432.0 19.98024952
434.0 20.47482712
436.0 20.99364872
438.0 21.50469552
440.0 21.9868
442.0 22.44063096
444.0 22.86261032
446.0 23.25725248
448.0 23.63534184
450.0 24.00365
452.0 24.35854872
454.0 24.69834928
456.0 25.02460664
458.0 25.3394108
460.0 25.6443
462.0 25.93987616
464.0 26.22710904
466.0 26.50573112
468.0 26.7748228
470.0 27.03415
472.0 27.28508376
474.0 27.52899512
476.0 27.76655288
478.0 27.99834224
480.0 28.22545
482.0 28.4479932
484.0 28.66441688
486.0 28.88242896
488.0 29.11364984
490.0 29.3645
492.0 29.63161872
494.0 29.91279896
496.0 30.2016704
498.0 30.48853544
500.0 30.7648
502.0 31.0286416
504.0 31.2796924
506.0 31.5009816
508.0 31.6688504
510.0 31.768
512.0 31.80048696
514.0 31.7676656
516.0 31.67038864
518.0 31.51191648
520.0 31.29775
522.0 31.0314004
524.0 30.71458984
526.0 30.37203048
528.0 30.03900152
530.0 29.7407
532.0 29.47843008
534.0 29.25438208
536.0 29.08015968
538.0 28.96838648
540.0 28.9256
542.0 28.9508472
544.0 29.04421168
546.0 29.18965896
548.0 29.36219264
550.0 29.54215
552.0 29.73198888
554.0 29.93913296
556.0 30.12671464
558.0 30.24106272
560.0 30.25275
562.0 30.17478464
564.0 30.01335304
566.0 29.80644304
568.0 29.61274184
570.0 29.47945
572.0 29.40743696
574.0 29.38986424
576.0 29.50538272
578.0 29.8650968
580.0 30.5349
582.0 31.50325552
584.0 32.77439352
586.0 34.28203592
588.0 35.91700112
590.0 37.5991
592.0 39.32863352
594.0 41.10011752
596.0 42.85212272
598.0 44.50673392
600.0 46.01135
602.0 47.35573832
604.0 48.52187472
606.0 49.53209712
608.0 50.43338872
610.0 51.25725
612.0 51.99411712
614.0 52.64151552
616.0 53.21308872
618.0 53.72605832
620.0 54.1937
622.0 54.6210632
624.0 55.01399992
626.0 55.37776024
628.0 55.71618976
630.0 56.0329
632.0 56.33237192
634.0 56.61855144
636.0 56.89244176
638.0 57.15354128
640.0 57.40185
642.0 57.63980904
644.0 57.86989296
646.0 58.09019568
648.0 58.2970388
650.0 58.48865
652.0 58.6663836
654.0 58.83030648
656.0 58.98511696
658.0 59.13792104
660.0 59.2933
662.0 59.450886
664.0 59.61128096
666.0 59.77284632
668.0 59.93232168
670.0 60.0875
672.0 60.23896648
674.0 60.38688832
676.0 60.53021216
678.0 60.6676004
680.0 60.7981
682.0 60.92114248
684.0 61.03574136
686.0 61.14289984
688.0 61.24454072
690.0 61.3415
692.0 61.43349344
694.0 61.52152424
696.0 61.60086064
698.0 61.66414584
700.0 61.70725
702.0 61.73131008
704.0 61.73570744
706.0 61.726896
708.0 61.71515856
710.0 61.70725
712.0 61.7025684
714.0 61.7019832
716.0 61.704324
718.0 61.7066648
720.0 61.70725
722.0 61.70725
724.0 61.70725
726.0 61.70725
728.0 61.70725
730.0 61.70725
732.0 61.70725
734.0 61.70725
736.0 61.70725
738.0 61.70725
740.0 61.70725
742.0 61.70725
744.0 61.70725
746.0 61.70725
748.0 61.70725
750.0 61.70725
