380.0 17.94265
382.0 17.94729672
384.0 17.9526268
386.0 17.95778608
388.0 17.95542856
390.0 17.94265
392.0 17.9259248
394.0 17.90798568
396.0 17.89756336
398.0 17.90670344
400.0 17.94265
402.0 18.00665416
404.0 18.10371376
406.0 18.22050296
408.0 18.33478416
410.0 18.4338
412.0 18.52173048
414.0 18.59762256
416.0 18.67685864
418.0 18.78410072
420.0 18.9354
422.0 19.12696104
424.0 19.35661024
426.0 19.62680544
428.0 19.93955304
430.0 20.2939
432.0 20.68862576
434.0 21.12525184
436.0 21.58286152
438.0 22.0301884
440.0 22.4466
442.0 22.83261464
444.0 23.18472112
446.0 23.5078184
448.0 23.81319248
450.0 24.10815
452.0 24.38941384
454.0 24.6555628
456.0 24.90933896
458.0 25.15442072
460.0 25.3935
462.0 25.62736264
464.0 25.85719576
466.0 26.08318328
468.0 26.3048236
470.0 26.5221
472.0 26.73638352
474.0 26.94902848
476.0 27.16016864
478.0 27.3695532
480.0 27.57755
482.0 27.78434296
484.0 27.98872824
486.0 28.19654112
488.0 28.4166432
490.0 28.6539
492.0 28.90523504
494.0 29.16805672
496.0 29.4386532
498.0 29.71159048
500.0 29.98105
502.0 30.24479128
504.0 30.5025468
506.0 30.73706152
508.0 30.92384064
510.0 31.04695
512.0 31.10837928
514.0 31.10908152
516.0 31.04967536
518.0 30.933254
520.0 30.7648
522.0 30.54720592
524.0 30.28197656
526.0 29.9909984
528.0 29.70553784
530.0 29.4481
532.0 29.2199556
534.0 29.0229104
536.0 28.8688356
538.0 28.7712744
540.0 28.7375
542.0 28.76635872
544.0 28.8578004
546.0 28.99722848
548.0 29.16173656
550.0 29.33315
552.0 29.51396008
554.0 29.71167408
556.0 29.89016008
558.0 29.99658288
560.0 30.00195
562.0 29.91980464
564.0 29.75757048
566.0 29.55035952
568.0 29.35217736
570.0 29.20775
572.0 29.11975264
574.0 29.08261752
576.0 29.1777376
578.0 29.52023008
580.0 30.1796
582.0 31.14427712
584.0 32.4168196
586.0 33.94108168
588.0 35.62276256
590.0 37.3901
592.0 39.241422
594.0 41.17231448
596.0 43.10880816
598.0 44.95292384
600.0 46.63835
602.0 48.15562312
604.0 49.48531456
606.0 50.647388
608.0 51.68765624
610.0 52.63665
612.0 53.48289936
614.0 54.2222912
616.0 54.87030824
618.0 55.44768328
620.0 55.9702
622.0 56.44259016
624.0 56.87077264
626.0 57.26175312
628.0 57.6216344
630.0 57.9557
632.0 58.2690328
634.0 58.56641472
636.0 58.84891584
638.0 59.11561656
640.0 59.36645
642.0 59.60439232
644.0 59.83205184
646.0 60.04875976
648.0 60.25259328
650.0 60.4428
652.0 60.62073424
654.0 60.78694776
656.0 60.94429968
658.0 61.0968864
660.0 61.24745
662.0 61.3961744
664.0 61.54379528
666.0 61.68949336
668.0 61.83142944
670.0 61.9685
672.0 62.10112304
674.0 62.22913136
676.0 62.35337768
678.0 62.4752832
680.0 62.5955
682.0 62.71339272
684.0 62.82864368
686.0 62.93954744
688.0 63.043596
690.0 63.1389
692.0 63.2256768
694.0 63.30454504
696.0 63.37271248
698.0 63.42616632
700.0 63.46285
702.0 63.48336544
704.0 63.48716088
706.0 63.47975392
708.0 63.46975536
710.0 63.46285
712.0 63.45870344
714.0 63.45818512
716.0 63.4602584
718.0 63.46233168
720.0 63.46285
722.0 63.46285
724.0 63.46285
726.0 63.46285
728.0 63.46285
730.0 63.46285
732.0 63.46285
734.0 63.46285
736.0 63.46285
738.0 63.46285
740.0 63.46285
742.0 63.46285
744.0 63.46285
746.0 63.46285
748.0 63.46285
750.0 63.46285
