380.0 23.2826
382.0 23.28499488
384.0 23.28803936
386.0 23.29155344
388.0 23.29044992
390.0 23.2826
392.0 23.27282088
394.0 23.26343704
396.0 23.2586708
398.0 23.26402016
400.0 23.2826
402.0 23.31639112
404.0 23.3706308
406.0 23.43314688
408.0 23.48395896
410.0 23.5125
412.0 23.52360208
414.0 23.51683048
416.0 23.51256688
418.0 23.54241208
420.0 23.62745
422.0 23.76415272
424.0 23.95046368
426.0 24.19211784
428.0 24.4951344
430.0 24.86055
432.0 25.28677624
434.0 25.77591984
436.0 26.30067704
438.0 26.81983304
440.0 27.30585
442.0 27.75922952
444.0 28.17540704
446.0 28.55789376
448.0 28.91722328
450.0 29.26
452.0 29.58172624
454.0 29.87994416
456.0 30.15784728
458.0 30.4202844
460.0 30.67075
462.0 30.91024728
464.0 31.14089968
466.0 31.36193808
468.0 31.57110528
470.0 31.768
472.0 31.95516368
474.0 32.13406768
476.0 32.31063088
478.0 32.49312968
480.0 32.6876
482.0 32.89390808
484.0 33.11126808
486.0 33.34526448
488.0 33.60342128
490.0 33.88935
492.0 34.20055936
494.0 34.53547768
496.0 34.8855276
498.0 35.23791832
500.0 35.58225
502.0 35.91651624
504.0 36.2391788
506.0 36.53692856
508.0 36.79212592
510.0 36.993
512.0 37.13983504
514.0 37.23273136
516.0 37.27120408
518.0 37.2564236
520.0 37.19155
522.0 37.0788572
524.0 36.91933168
526.0 36.73113136
528.0 36.54042304
530.0 36.366
532.0 36.20911624
534.0 36.07194536
536.0 35.96319848
538.0 35.8922388
540.0 35.8644
542.0 35.87989944
544.0 35.93945608
546.0 36.03395752
548.0 36.14869016
550.0 36.27195
552.0 36.40631192
554.0 36.55829672
556.0 36.70175432
558.0 36.79789432
560.0 36.8258
562.0 36.79618888
564.0 36.71479592
566.0 36.60966056
568.0 36.523586
570.0 36.4914
572.0 36.51337008
574.0 36.58249056
576.0 36.76213024
578.0 37.14266072
580.0 37.77675
582.0 38.65381432
584.0 39.77766584
586.0 41.08685856
588.0 42.48157408
590.0 43.89
592.0 45.3132064
594.0 46.74549176
596.0 48.14408632
598.0 49.45757608
600.0 50.65115
602.0 51.71544488
604.0 52.63624872
606.0 53.43232136
608.0 54.1415336
610.0 54.78935
612.0 55.36909928
614.0 55.87979496
616.0 56.33105104
618.0 56.73432072
620.0 57.0988
622.0 57.42905344
624.0 57.72992984
626.0 58.00606064
628.0 58.26129144
630.0 58.4991
632.0 58.72313128
634.0 58.93669584
636.0 59.1410644
638.0 59.33640416
640.0 59.5232
642.0 59.70345832
644.0 59.8790016
646.0 60.04936168
648.0 60.21311736
650.0 60.36965
652.0 60.51984576
654.0 60.66398888
656.0 60.8038684
658.0 60.94207592
660.0 61.08025
662.0 61.2182736
664.0 61.3563808
666.0 61.493652
668.0 61.6284152
670.0 61.7595
672.0 61.8870736
674.0 62.011136
676.0 62.1310184
678.0 62.2458848
680.0 62.35515
682.0 62.45834584
684.0 62.5546196
686.0 62.64504136
688.0 62.73153392
690.0 62.81495
692.0 62.8950388
694.0 62.97275336
696.0 63.04352912
698.0 63.10026008
700.0 63.1389
702.0 63.16048552
704.0 63.16441472
706.0 63.15647272
708.0 63.14593912
710.0 63.1389
712.0 63.13475344
714.0 63.13423512
716.0 63.1363084
718.0 63.13838168
720.0 63.1389
722.0 63.1389
724.0 63.1389
726.0 63.1389
728.0 63.1389
730.0 63.1389
732.0 63.1389
734.0 63.1389
736.0 63.1389
738.0 63.1389
740.0 63.1389
742.0 63.1389
744.0 63.1389
746.0 63.1389
748.0 63.1389
750.0 63.1389
