380.0 17.6605
382.0 17.66537264
384.0 17.671
386.0 17.67651976
388.0 17.67406192
390.0 17.6605
392.0 17.64271984
394.0 17.62351816
396.0 17.61229408
398.0 17.6220536
400.0 17.6605
402.0 17.72865072
404.0 17.83152888
406.0 17.95438744
408.0 18.0728152
410.0 18.17255
412.0 18.2585744
414.0 18.33133984
416.0 18.40352008
418.0 18.49559712
420.0 18.6219
422.0 18.78008792
424.0 18.96790368
426.0 19.19601464
428.0 19.4788
430.0 19.82365
432.0 20.22847464
434.0 20.69454464
436.0 21.20291624
438.0 21.72407864
440.0 22.2376
442.0 22.74358064
444.0 23.23907784
446.0 23.72011224
448.0 24.18459384
450.0 24.63065
452.0 25.05476952
454.0 25.45380904
456.0 25.83010936
458.0 26.18860288
460.0 26.53255
462.0 26.86114816
464.0 27.17464816
466.0 27.47335096
468.0 27.75725656
470.0 28.0269
472.0 28.28358544
474.0 28.52838296
476.0 28.76373368
478.0 28.9928144
480.0 29.2182
482.0 29.44002424
484.0 29.65758488
486.0 29.87556352
488.0 30.10064816
490.0 30.33635
492.0 30.5801276
494.0 30.82960672
496.0 31.08117584
498.0 31.32965176
500.0 31.56945
502.0 31.7983468
504.0 32.01607464
506.0 32.20596368
508.0 32.34435512
510.0 32.4159
512.0 32.42295584
514.0 32.36722808
516.0 32.24846592
518.0 32.06817416
520.0 31.8307
522.0 31.54000608
524.0 31.19836632
526.0 30.82964016
528.0 30.4678528
530.0 30.1378
532.0 29.84100328
534.0 29.57898416
536.0 29.36771024
538.0 29.22649312
540.0 29.16595
542.0 29.18437544
544.0 29.28218744
546.0 29.44035864
548.0 29.62879304
550.0 29.8243
552.0 30.0302904
554.0 30.25520784
556.0 30.45905808
558.0 30.58373912
560.0 30.5976
562.0 30.51460192
564.0 30.34084768
566.0 30.12002664
568.0 29.919604
570.0 29.79295
572.0 29.74024856
574.0 29.75394224
576.0 29.91694552
578.0 30.345964
580.0 31.10965
582.0 32.1953632
584.0 33.60738392
586.0 35.27170944
588.0 37.06728696
590.0 38.90535
592.0 40.78578152
594.0 42.70191024
596.0 44.58794296
598.0 46.36111568
600.0 47.9655
602.0 49.3897932
604.0 50.61475056
606.0 51.66414792
608.0 52.58806168
610.0 53.4204
612.0 54.15136496
614.0 54.77841512
616.0 55.31860488
618.0 55.79392104
620.0 56.221
622.0 56.60552656
624.0 56.95457328
626.0 57.2731896
628.0 57.56405072
630.0 57.8303
632.0 58.07752192
634.0 58.3103312
636.0 58.53076768
638.0 58.73966736
640.0 58.938
642.0 59.12845752
644.0 59.31384888
646.0 59.49238504
648.0 59.660304
650.0 59.8158
652.0 59.96036112
654.0 60.09405424
656.0 60.22164456
658.0 60.35032168
660.0 60.4846
662.0 60.62406152
664.0 60.76947536
666.0 60.9179824
668.0 61.06448304
670.0 61.20565
672.0 61.34211864
674.0 61.4736716
676.0 61.60054296
678.0 61.72356872
680.0 61.8431
682.0 61.95823392
684.0 62.06811776
686.0 62.1726512
688.0 62.27191784
690.0 62.3656
692.0 62.45361408
694.0 62.5368128
696.0 62.61106632
698.0 62.67010464
700.0 62.71045
702.0 62.73300528
704.0 62.73713512
706.0 62.72889216
708.0 62.7178904
710.0 62.71045
712.0 62.70603592
714.0 62.70548416
716.0 62.7076912
718.0 62.70989824
720.0 62.71045
722.0 62.71045
724.0 62.71045
726.0 62.71045
728.0 62.71045
730.0 62.71045
732.0 62.71045
734.0 62.71045
736.0 62.71045
738.0 62.71045
740.0 62.71045
742.0 62.71045
744.0 62.71045
746.0 62.71045
748.0 62.71045
750.0 62.71045
