380.0 16.29155
382.0 16.29922072
384.0 16.308098
386.0 16.31684048
388.0 16.31297816
390.0 16.29155
392.0 16.26328984
394.0 16.23226128
396.0 16.21383752
398.0 16.22943896
400.0 16.29155
402.0 16.40086536
404.0 16.56426992
406.0 16.75802128
408.0 16.94316184
410.0 17.0962
412.0 17.223272
414.0 17.32332448
416.0 17.41359576
418.0 17.52301144
420.0 17.67095
422.0 17.85274656
424.0 18.06517416
426.0 18.31697736
428.0 18.61935856
430.0 18.9772
432.0 19.38874608
434.0 19.85613696
436.0 20.35571384
438.0 20.85111072
440.0 21.318
442.0 21.75775272
444.0 22.16774384
446.0 22.54847496
448.0 22.90496208
450.0 23.2408
452.0 23.55274504
454.0 23.83783776
456.0 24.10453848
458.0 24.3659724
460.0 24.63065
462.0 24.89820344
464.0 25.17052208
466.0 25.44392752
468.0 25.71123016
470.0 25.96825
472.0 26.2180468
474.0 26.46309512
476.0 26.70337824
478.0 26.93864536
480.0 27.17
482.0 27.39844536
484.0 27.62297824
486.0 27.85503512
488.0 28.1115868
490.0 28.4031
492.0 28.7262976
494.0 29.07860472
496.0 29.45824904
498.0 29.86180296
500.0 30.2841
502.0 30.72219744
504.0 31.17547664
506.0 31.62156624
508.0 32.02836384
510.0 32.3741
512.0 32.65977792
514.0 32.88509664
516.0 33.04604336
518.0 33.14011008
520.0 33.1683
522.0 33.13230184
524.0 33.03208216
526.0 32.89006248
528.0 32.739432
530.0 32.604
532.0 32.48460248
534.0 32.38327928
536.0 32.31230288
538.0 32.28563448
540.0 32.3114
542.0 32.38954928
544.0 32.52088488
546.0 32.69402048
548.0 32.89039688
550.0 33.09515
552.0 33.31128944
554.0 33.54665688
556.0 33.76797952
558.0 33.92601696
560.0 33.99385
562.0 33.98370096
564.0 33.90098712
566.0 33.78123848
568.0 33.67929664
570.0 33.63855
572.0 33.65868088
574.0 33.73258328
576.0 33.92912688
578.0 34.34562208
580.0 35.03885
582.0 35.99805968
584.0 37.22773208
586.0 38.66130488
588.0 40.19051608
590.0 41.7373
592.0 43.3027936
594.0 44.88106128
596.0 46.42388256
598.0 47.87273744
600.0 49.18815
602.0 50.3601384
604.0 51.37300256
606.0 52.24826112
608.0 53.02905168
610.0 53.74435
612.0 54.38658192
614.0 54.95456032
616.0 55.45900272
618.0 55.91261632
620.0 56.3255
622.0 56.70255272
624.0 57.04899112
626.0 57.36934632
628.0 57.66704592
630.0 57.94525
632.0 58.20787104
634.0 58.45857072
636.0 58.69765
638.0 58.92377128
640.0 59.13655
642.0 59.33831024
644.0 59.5309748
646.0 59.71486136
648.0 59.88980272
650.0 60.05615
652.0 60.21488968
654.0 60.36643976
656.0 60.51355904
658.0 60.66009312
660.0 60.80855
662.0 60.95897984
664.0 61.11188424
666.0 61.26620984
668.0 61.41986664
670.0 61.5714
672.0 61.72091024
674.0 61.86804624
676.0 62.01250704
678.0 62.15412544
680.0 62.29245
682.0 62.4267116
684.0 62.55632504
686.0 62.67958488
688.0 62.79423392
690.0 62.89855
692.0 62.99258328
694.0 63.07685208
696.0 63.14883168
698.0 63.20492728
700.0 63.2434
702.0 63.2648852
704.0 63.26888128
706.0 63.26117336
708.0 63.25070664
710.0 63.2434
712.0 63.23898592
714.0 63.23843416
716.0 63.2406412
718.0 63.24284824
720.0 63.2434
722.0 63.2434
724.0 63.2434
726.0 63.2434
728.0 63.2434
730.0 63.2434
732.0 63.2434
734.0 63.2434
736.0 63.2434
738.0 63.2434
740.0 63.2434
742.0 63.2434
744.0 63.2434
746.0 63.2434
748.0 63.2434
750.0 63.2434
