380.0 18.183
382.0 18.18703456
384.0 18.19177056
386.0 18.19656096
388.0 18.19455456
390.0 18.183
392.0 18.16799528
394.0 18.15212296
396.0 18.14304744
398.0 18.15127712
400.0 18.183
402.0 18.23948016
404.0 18.32565504
406.0 18.42796472
408.0 18.5240044
410.0 18.601
412.0 18.6636164
414.0 18.71178672
416.0 18.76037504
418.0 18.83304016
420.0 18.94585
422.0 19.09597888
424.0 19.28137024
426.0 19.5095648
428.0 19.79000936
430.0 20.1267
432.0 20.51789784
434.0 20.9649572
436.0 21.44754656
438.0 21.93456672
440.0 22.4048
442.0 22.85859752
444.0 23.29310016
446.0 23.706452
448.0 24.09982344
450.0 24.4739
452.0 24.825438
454.0 25.151478
456.0 25.4573704
458.0 25.7520604
460.0 26.0414
462.0 26.324804
464.0 26.6032756
466.0 26.8753936
468.0 27.1379812
470.0 27.38945
472.0 27.63190672
474.0 27.8671404
476.0 28.09602048
478.0 28.31946656
480.0 28.53895
482.0 28.7548888
484.0 28.96604568
486.0 29.18096456
488.0 29.41235264
490.0 29.66755
492.0 29.94322936
494.0 30.23683256
496.0 30.54406256
498.0 30.85823136
500.0 31.17235
502.0 31.4840108
504.0 31.79287936
506.0 32.07892512
508.0 32.31372408
510.0 32.4786
512.0 32.5754924
514.0 32.60518712
516.0 32.56741664
518.0 32.46443816
520.0 32.30095
522.0 32.0797444
524.0 31.80180784
526.0 31.49210328
528.0 31.18666232
530.0 30.9111
532.0 30.66670376
534.0 30.45621568
536.0 30.289952
538.0 30.17844632
540.0 30.12735
542.0 30.13659616
544.0 30.2065192
546.0 30.32451224
548.0 30.47067848
550.0 30.62895
552.0 30.80148368
554.0 30.99531864
556.0 31.1760284
558.0 31.29311856
560.0 31.31865
562.0 31.26476144
564.0 31.1373216
566.0 30.96983736
568.0 30.81422432
570.0 30.71255
572.0 30.666152
574.0 30.66954616
576.0 30.79399312
578.0 31.14006368
580.0 31.768
582.0 32.66768648
584.0 33.84221632
586.0 35.23736656
588.0 36.7629328
590.0 38.3515
592.0 40.0022656
594.0 41.71051456
596.0 43.41625552
598.0 45.04165688
600.0 46.53385
602.0 47.883572
604.0 49.07380192
606.0 50.12199544
608.0 51.06752816
610.0 51.9365
612.0 52.71929696
614.0 53.41282584
616.0 54.02843952
618.0 54.5809352
620.0 55.08195
622.0 55.53571408
624.0 55.94697592
626.0 56.32270776
628.0 56.669932
630.0 56.9943
632.0 57.29987472
634.0 57.59083616
636.0 57.8676692
638.0 58.12878544
640.0 58.3737
642.0 58.60528872
644.0 58.825976
646.0 59.03562808
648.0 59.23324176
650.0 59.4187
652.0 59.59327352
654.0 59.75751408
656.0 59.91456504
658.0 60.0688572
660.0 60.22335
662.0 60.37821064
664.0 60.53412464
666.0 60.69028944
668.0 60.84486584
670.0 60.99665
672.0 61.145876
674.0 61.29220944
676.0 61.43595128
678.0 61.57777032
680.0 61.7177
682.0 61.8549712
684.0 61.98921608
686.0 62.11785976
688.0 62.23722384
690.0 62.3447
692.0 62.4405056
694.0 62.52507536
696.0 62.59635272
698.0 62.65157888
700.0 62.68955
702.0 62.71076768
704.0 62.71473032
706.0 62.70715616
708.0 62.6968232
710.0 62.68955
712.0 62.68513592
714.0 62.68458416
716.0 62.6867912
718.0 62.68899824
720.0 62.68955
722.0 62.68955
724.0 62.68955
726.0 62.68955
728.0 62.68955
730.0 62.68955
732.0 62.68955
734.0 62.68955
736.0 62.68955
738.0 62.68955
740.0 62.68955
742.0 62.68955
744.0 62.68955
746.0 62.68955
748.0 62.68955
750.0 62.68955
