380.0 18.29795
382.0 18.29689016
384.0 18.29584568
386.0 18.2951612
388.0 18.29576312
390.0 18.29795
392.0 18.30144616
394.0 18.3068532
396.0 18.31097384
398.0 18.30890808
400.0 18.29795
402.0 18.28032712
404.0 18.25852424
406.0 18.23287576
408.0 18.20354888
410.0 18.17255
412.0 18.1427048
414.0 18.11525056
416.0 18.10317872
418.0 18.12496488
420.0 18.19345
422.0 18.30763088
424.0 18.46600272
426.0 18.67578856
428.0 18.9461008
430.0 19.28025
432.0 19.67589536
434.0 20.13427416
436.0 20.63161056
438.0 21.13187296
440.0 21.6106
442.0 22.06810936
444.0 22.50090656
446.0 22.90820576
448.0 23.29343456
450.0 23.6588
452.0 24.0005568
454.0 24.31552816
456.0 24.60993392
458.0 24.89388968
460.0 25.17405
462.0 25.45041488
464.0 25.72515792
466.0 25.99530296
468.0 26.2549144
470.0 26.5012
472.0 26.73733656
474.0 26.96514656
476.0 27.19011416
478.0 27.42009776
480.0 27.66115
482.0 27.9132876
484.0 28.17550736
486.0 28.45611912
488.0 28.76674328
490.0 29.1137
492.0 29.49371216
494.0 29.90423832
496.0 30.33825608
498.0 30.78514824
500.0 31.23505
502.0 31.68491832
504.0 32.13331528
506.0 32.55964184
508.0 32.9353904
510.0 33.24145
512.0 33.47850616
514.0 33.64627464
516.0 33.74340112
518.0 33.7709724
520.0 33.7326
522.0 33.6305244
524.0 33.46551472
526.0 33.26054424
528.0 33.04896936
530.0 32.8548
532.0 32.67939048
534.0 32.52511504
536.0 32.404196
538.0 32.33034376
540.0 32.3114
542.0 32.34821744
544.0 32.443488
546.0 32.58197976
548.0 32.73894712
550.0 32.8966
552.0 33.0597036
554.0 33.23581536
556.0 33.40097552
558.0 33.52015568
560.0 33.57585
562.0 33.57790656
564.0 33.52921792
566.0 33.46966128
568.0 33.45984664
570.0 33.5445
572.0 33.72161496
574.0 33.98639288
576.0 34.3845128
578.0 34.97817312
580.0 35.8017
582.0 36.84696752
584.0 38.1166676
586.0 39.55197928
588.0 41.05985576
590.0 42.5733
592.0 44.09062328
594.0 45.60311448
596.0 47.07648088
598.0 48.47218288
600.0 49.7629
602.0 50.93849992
604.0 51.98747928
606.0 52.91682704
608.0 53.745186
610.0 54.4863
612.0 55.1359556
614.0 55.69184544
616.0 56.17232808
618.0 56.60373752
620.0 57.00475
622.0 57.37787352
624.0 57.72820768
626.0 58.05822704
628.0 58.3672628
630.0 58.65585
632.0 58.9286368
634.0 59.18916784
636.0 59.43807848
638.0 59.67486712
640.0 59.8994
642.0 60.11396776
644.0 60.32147968
646.0 60.5185416
648.0 60.69921792
650.0 60.8608
652.0 61.00507688
654.0 61.1314132
656.0 61.24989112
658.0 61.37589304
660.0 61.51915
662.0 61.67819064
664.0 61.85348312
666.0 62.0413156
668.0 62.23466568
670.0 62.4283
672.0 62.62337224
674.0 62.8213036
676.0 63.01455336
678.0 63.19225352
680.0 63.3479
682.0 63.48110824
684.0 63.58838376
686.0 63.68027688
688.0 63.7743436
690.0 63.88085
692.0 63.99757232
694.0 64.12695168
696.0 64.25582944
698.0 64.3627204
700.0 64.4347
702.0 64.47484472
704.0 64.48196744
706.0 64.46676896
708.0 64.44713968
710.0 64.4347
712.0 64.42761072
714.0 64.42672456
716.0 64.4302692
718.0 64.43381384
720.0 64.4347
722.0 64.4347
724.0 64.4347
726.0 64.4347
728.0 64.4347
730.0 64.4347
732.0 64.4347
734.0 64.4347
736.0 64.4347
738.0 64.4347
740.0 64.4347
742.0 64.4347
744.0 64.4347
746.0 64.4347
748.0 64.4347
750.0 64.4347
