380.0 14.20155
382.0 14.21378872
384.0 14.22779928
386.0 14.24130744
388.0 14.2350876
390.0 14.20155
392.0 14.15687672
394.0 14.10671704
396.0 14.07628536
398.0 14.10102968
400.0 14.20155
402.0 14.3773608
404.0 14.63698896
406.0 14.94510512
408.0 15.24394168
410.0 15.49735
412.0 15.71288752
414.0 15.88894912
416.0 16.04085032
418.0 16.19659712
420.0 16.37515
422.0 16.57130904
424.0 16.78179712
426.0 17.0176996
428.0 17.29389728
430.0 17.6187
432.0 17.99090392
434.0 18.4122312
436.0 18.86766728
438.0 19.33321896
440.0 19.7923
442.0 20.2457464
444.0 20.69215368
446.0 21.12677336
448.0 21.54534184
450.0 21.945
452.0 22.32340704
454.0 22.67763696
456.0 23.01280608
458.0 23.3379432
460.0 23.6588
462.0 23.97440672
464.0 24.28569968
466.0 24.59030464
468.0 24.8837072
470.0 25.1636
472.0 25.43183896
474.0 25.68922664
476.0 25.93942472
478.0 26.1878672
480.0 26.4385
482.0 26.69132312
484.0 26.94630312
486.0 27.20638272
488.0 27.47532392
490.0 27.7552
492.0 28.04423864
494.0 28.33983152
496.0 28.6424468
498.0 28.95317128
500.0 29.27045
502.0 29.59140712
504.0 29.9157584
506.0 30.22614848
508.0 30.49733016
510.0 30.71255
512.0 30.87384784
514.0 30.98239408
516.0 31.03568072
518.0 31.03220296
520.0 30.9738
522.0 30.86323064
524.0 30.70136432
526.0 30.5101544
528.0 30.32161968
530.0 30.1587
532.0 30.02174648
534.0 29.9114948
536.0 29.84120392
538.0 29.82675784
540.0 29.87655
542.0 29.98969424
544.0 30.16816352
546.0 30.391108
548.0 30.62567288
550.0 30.8484
552.0 31.06427192
554.0 31.28103
556.0 31.47195568
558.0 31.59876016
560.0 31.6426
562.0 31.6136744
564.0 31.51400648
566.0 31.39151576
568.0 31.31918504
570.0 31.35
572.0 31.48113496
574.0 31.70802536
576.0 32.07703576
578.0 32.65011376
580.0 33.4609
582.0 34.50143576
584.0 35.77483096
586.0 37.21701456
588.0 38.72708136
590.0 40.2325
592.0 41.73181584
594.0 43.21640136
596.0 44.64898768
598.0 45.9874404
600.0 47.20265
602.0 48.2849356
604.0 49.22257648
606.0 50.02779496
608.0 50.72734304
610.0 51.34085
612.0 51.86436992
614.0 52.29636456
616.0 52.6584696
618.0 52.98078104
620.0 53.28455
622.0 53.57300344
624.0 53.8521104
626.0 54.12335896
628.0 54.38390672
630.0 54.6326
632.0 54.87430432
634.0 55.11268136
636.0 55.3458752
638.0 55.56987304
640.0 55.7821
642.0 55.98442872
644.0 56.1788656
646.0 56.36243448
648.0 56.53045376
650.0 56.6808
652.0 56.81456
654.0 56.93091448
656.0 57.03857456
658.0 57.15091624
660.0 57.27645
662.0 57.41387168
664.0 57.56349896
666.0 57.72265664
668.0 57.88607792
670.0 58.04975
672.0 58.21479312
674.0 58.38284584
676.0 58.54663496
678.0 58.69545968
680.0 58.82305
682.0 58.9293056
684.0 59.01086576
686.0 59.07896632
688.0 59.15208288
690.0 59.24105
692.0 59.34361048
694.0 59.46227232
696.0 59.58344216
698.0 59.6848824
700.0 59.7531
702.0 59.79117144
704.0 59.79787616
706.0 59.78334648
708.0 59.7647204
710.0 59.7531
712.0 59.74654576
714.0 59.74572648
716.0 59.7490036
718.0 59.75228072
720.0 59.7531
722.0 59.7531
724.0 59.7531
726.0 59.7531
728.0 59.7531
730.0 59.7531
732.0 59.7531
734.0 59.7531
736.0 59.7531
738.0 59.7531
740.0 59.7531
742.0 59.7531
744.0 59.7531
746.0 59.7531
748.0 59.7531
750.0 59.7531
