380.0 5.8938
382.0 5.89695936
384.0 5.90044368
386.0 5.90355
388.0 5.90189472
390.0 5.8938
392.0 5.88287088
394.0 5.8703316
396.0 5.86255392
398.0 5.86857024
400.0 5.8938
402.0 5.93795752
404.0 6.00258032
406.0 6.08099712
408.0 6.16208912
410.0 6.23865
412.0 6.31203408
414.0 6.38212432
416.0 6.44953936
418.0 6.516202
420.0 6.5835
422.0 6.65056392
424.0 6.71647416
426.0 6.7839728
428.0 6.85723984
430.0 6.9388
432.0 7.028252
434.0 7.1259804
436.0 7.2296444
438.0 7.3353148
440.0 7.4404
442.0 7.54520096
444.0 7.6494
446.0 7.75326464
448.0 7.85763088
450.0 7.9629
452.0 8.06867072
454.0 8.17494304
456.0 8.28071376
458.0 8.38447808
460.0 8.4854
462.0 8.58363
464.0 8.67890056
466.0 8.77283352
468.0 8.86802048
470.0 8.9661
472.0 9.06690488
474.0 9.17076952
476.0 9.27672416
478.0 9.3830132
480.0 9.4886
482.0 9.59383568
484.0 9.69865336
486.0 9.80397264
488.0 9.91129832
490.0 10.02155
492.0 10.13434312
494.0 10.24939344
496.0 10.36661736
498.0 10.48584768
500.0 10.60675
502.0 10.72900664
504.0 10.85241696
506.0 10.97549288
508.0 11.0961444
510.0 11.21285
512.0 11.32557624
514.0 11.43437328
516.0 11.53807072
518.0 11.63516376
520.0 11.7249
522.0 11.80778104
524.0 11.88425832
526.0 11.955636
528.0 12.02383688
530.0 12.09065
532.0 12.15654352
534.0 12.2215676
536.0 12.28976848
538.0 12.36683096
540.0 12.4564
542.0 12.55802416
544.0 12.67156968
546.0 12.7963176
548.0 12.93067952
550.0 13.07295
552.0 13.22363064
554.0 13.3845272
556.0 13.54751376
558.0 13.70030112
560.0 13.8358
562.0 13.95715376
564.0 14.06650256
566.0 14.16849456
568.0 14.27040296
570.0 14.3792
572.0 14.49553776
574.0 14.61725936
576.0 14.76498056
578.0 14.96871376
580.0 15.24655
582.0 15.59544624
584.0 16.01680696
586.0 16.49501568
588.0 17.0039056
590.0 17.52465
592.0 18.0581016
594.0 18.60332408
596.0 19.14796136
598.0 19.67663104
600.0 20.17895
602.0 20.6524604
604.0 21.09299896
606.0 21.50603312
608.0 21.90259808
610.0 22.28985
612.0 22.66569888
614.0 23.03014472
616.0 23.38347176
618.0 23.725262
620.0 24.0559
622.0 24.3770076
624.0 24.68963816
626.0 24.99708552
628.0 25.30378048
630.0 25.61295
632.0 25.92459408
634.0 26.23829472
636.0 26.55692776
638.0 26.8843388
640.0 27.22225
642.0 27.5706112
644.0 27.93131176
646.0 28.29493832
648.0 28.64677728
650.0 28.97785
652.0 29.28969472
654.0 29.58112432
656.0 29.85926152
658.0 30.13622832
660.0 30.41995
662.0 30.7091224
664.0 31.00424712
666.0 31.30472224
668.0 31.60845776
670.0 31.9143
672.0 32.22280072
674.0 32.53330784
676.0 32.84807856
678.0 33.17070768
680.0 33.5027
682.0 33.84109608
684.0 34.18258536
686.0 34.52541224
688.0 34.86773752
690.0 35.20605
692.0 35.539196
694.0 35.87028544
696.0 36.17679648
698.0 36.42520552
700.0 36.5959
702.0 36.6919564
704.0 36.70924488
706.0 36.67344736
708.0 36.62653104
710.0 36.5959
712.0 36.57810992
714.0 36.57588616
716.0 36.5847812
718.0 36.59367624
720.0 36.5959
722.0 36.5959
724.0 36.5959
726.0 36.5959
728.0 36.5959
730.0 36.5959
732.0 36.5959
734.0 36.5959
736.0 36.5959
738.0 36.5959
740.0 36.5959
742.0 36.5959
744.0 36.5959
746.0 36.5959
748.0 36.5959
750.0 36.5959
