380.0 15.8631
382.0 15.8680696
384.0 15.87353808
386.0 15.87838896
388.0 15.87578064
390.0 15.8631
392.0 15.846166
394.0 15.82728536
396.0 15.81586392
398.0 15.82509168
400.0 15.8631
402.0 15.93043144
404.0 16.03065112
406.0 16.1536936
408.0 16.28242088
410.0 16.4065
412.0 16.52900744
414.0 16.649776
416.0 16.77572776
418.0 16.91848312
420.0 17.08575
422.0 17.27505384
424.0 17.48407056
426.0 17.71724768
428.0 17.9807716
430.0 18.27705
432.0 18.60380896
434.0 18.96071408
436.0 19.3349244
438.0 19.70721192
440.0 20.064
442.0 20.40518832
444.0 20.7297068
446.0 21.03190408
448.0 21.30576096
450.0 21.5479
452.0 21.75736816
454.0 21.93202528
456.0 22.0806828
458.0 22.21763632
460.0 22.35255
462.0 22.4852232
464.0 22.6177292
466.0 22.7493992
468.0 22.8773072
470.0 23.00045
472.0 23.12165328
474.0 23.2425556
476.0 23.36721992
478.0 23.50116384
480.0 23.64835
482.0 23.80931344
484.0 23.98477312
486.0 24.1760332
488.0 24.38418048
490.0 24.60975
492.0 24.85232376
494.0 25.110932
496.0 25.38525704
498.0 25.67496448
500.0 25.9787
502.0 26.29474144
504.0 26.62220264
506.0 26.95350944
508.0 27.27796104
510.0 27.588
512.0 27.88347584
514.0 28.16412104
516.0 28.42654144
518.0 28.66697504
520.0 28.8838
522.0 29.07731728
524.0 29.24674104
526.0 29.4005316
528.0 29.55173056
530.0 29.70935
532.0 29.87327288
534.0 30.044586
536.0 30.22517872
538.0 30.41622144
540.0 30.6185
542.0 30.83300088
544.0 31.06050992
546.0 31.29930496
548.0 31.5463764
550.0 31.79935
552.0 32.05961352
554.0 32.33000936
556.0 32.6029968
558.0 32.86695544
560.0 33.11605
562.0 33.35492864
564.0 33.5868852
566.0 33.82118256
568.0 34.07136392
570.0 34.34915
572.0 34.6549588
574.0 34.98522896
576.0 35.36733112
578.0 35.84089168
580.0 36.4287
582.0 37.12487064
584.0 37.92975472
586.0 38.8162324
588.0 39.74074808
590.0 40.6714
592.0 41.6075528
594.0 42.54613
596.0 43.4650612
598.0 44.3371764
600.0 45.144
602.0 45.88125168
604.0 46.5422936
606.0 47.13478352
608.0 47.67510704
610.0 48.1745
612.0 48.62993608
614.0 49.04077992
616.0 49.41350216
618.0 49.7565464
620.0 50.0764
622.0 50.37515296
624.0 50.65521296
626.0 50.91980696
628.0 51.17194456
630.0 51.414
632.0 51.64814688
634.0 51.87685976
636.0 52.09880104
638.0 52.31079392
640.0 52.51125
642.0 52.70187472
644.0 52.88355424
646.0 53.05846216
648.0 53.22969168
650.0 53.3995
652.0 53.56832184
654.0 53.73687616
656.0 53.90576488
658.0 54.0753224
660.0 54.24595
662.0 54.41773128
664.0 54.59003088
666.0 54.76500568
668.0 54.94591608
670.0 55.1342
672.0 55.32937256
674.0 55.53253728
676.0 55.7364544
678.0 55.92992152
680.0 56.10605
682.0 56.26477296
684.0 56.4029136
686.0 56.52893224
688.0 56.65720808
690.0 56.79575
692.0 56.9423844
694.0 57.09950224
696.0 57.25269088
698.0 57.37896032
700.0 57.46455
702.0 57.51243608
704.0 57.52096328
706.0 57.50290568
708.0 57.47949768
710.0 57.46455
712.0 57.45598936
714.0 57.45491928
716.0 57.4591996
718.0 57.46347992
720.0 57.46455
722.0 57.46455
724.0 57.46455
726.0 57.46455
728.0 57.46455
730.0 57.46455
732.0 57.46455
734.0 57.46455
736.0 57.46455
738.0 57.46455
740.0 57.46455
742.0 57.46455
744.0 57.46455
746.0 57.46455
748.0 57.46455
750.0 57.46455
