380.0 22.1122
382.0 22.11543232
384.0 22.11909904
386.0 22.12257016
388.0 22.12091488
390.0 22.1122
392.0 22.10083768
394.0 22.08882736
396.0 22.08194344
398.0 22.08810112
400.0 22.1122
402.0 22.15548808
404.0 22.22174944
406.0 22.3025572
408.0 22.38361576
410.0 22.45705
412.0 22.52650488
414.0 22.5923984
416.0 22.66556512
418.0 22.76289224
420.0 22.89595
422.0 23.0626484
424.0 23.26088072
426.0 23.49765264
428.0 23.78224376
430.0 24.1186
432.0 24.5042468
434.0 24.93941824
436.0 25.40619048
438.0 25.87739352
440.0 26.334
442.0 26.7757424
444.0 27.20024648
446.0 27.60192776
448.0 27.97602104
450.0 28.3195
452.0 28.62997368
454.0 28.90458296
456.0 29.14993224
458.0 29.37730752
460.0 29.5944
462.0 29.80084184
464.0 29.99813784
466.0 30.18665584
468.0 30.36547624
470.0 30.5349
472.0 30.69730136
474.0 30.85411824
476.0 31.00976472
478.0 31.1701764
480.0 31.33955
482.0 31.51801928
484.0 31.70556752
486.0 31.90423456
488.0 32.1163612
490.0 32.34275
492.0 32.58181256
494.0 32.83177656
496.0 33.08918096
498.0 33.34926056
500.0 33.6072
502.0 33.860926
504.0 34.10960256
506.0 34.34139192
508.0 34.53982488
510.0 34.694
512.0 34.80497064
514.0 34.87350592
516.0 34.8984856
518.0 34.87974248
520.0 34.8194
522.0 34.71951472
524.0 34.5804712
526.0 34.41994248
528.0 34.26367736
530.0 34.1297
532.0 34.01862904
534.0 33.93263808
536.0 33.87665952
538.0 33.85462256
540.0 33.86845
542.0 33.91881064
544.0 34.00632312
546.0 34.12343
548.0 34.25826008
550.0 34.4014
552.0 34.55483944
554.0 34.7238452
556.0 34.88766776
558.0 35.01554232
560.0 35.0911
562.0 35.12360368
564.0 35.11865456
566.0 35.09865744
568.0 35.09747032
570.0 35.14335
572.0 35.23775112
574.0 35.37579144
576.0 35.61206176
578.0 36.02431008
580.0 36.6586
582.0 37.50598632
584.0 38.56832496
586.0 39.8007896
588.0 41.12964504
590.0 42.50015
592.0 43.9112344
594.0 45.358016
596.0 46.7961868
598.0 48.1694004
600.0 49.43895
602.0 50.5967264
604.0 51.6296044
606.0 52.5485356
608.0 53.3799376
610.0 54.14145
612.0 54.82606712
614.0 55.4312308
616.0 55.96675568
618.0 56.44601776
620.0 56.87935
622.0 57.26991248
624.0 57.62161768
626.0 57.94013368
628.0 58.23106168
630.0 58.4991
632.0 58.74804408
634.0 58.98178968
636.0 59.20132328
638.0 59.40605968
640.0 59.59635
642.0 59.77503664
644.0 59.94444368
646.0 60.10607592
648.0 60.26127096
650.0 60.41145
652.0 60.55785032
654.0 60.70122432
656.0 60.84434752
658.0 60.99081472
660.0 61.14295
662.0 61.30058616
664.0 61.46357272
666.0 61.63157528
668.0 61.80375784
670.0 61.97895
672.0 62.15705144
674.0 62.33883128
676.0 62.51810312
678.0 62.68567096
680.0 62.83585
682.0 62.96850648
684.0 63.08123272
686.0 63.18058296
688.0 63.2777596
690.0 63.37925
692.0 63.48351592
694.0 63.59222936
696.0 63.6964284
698.0 63.78156664
700.0 63.83905
702.0 63.87108552
704.0 63.8768372
706.0 63.86486568
708.0 63.84921576
710.0 63.83905
712.0 63.83316456
714.0 63.83242888
716.0 63.8353716
718.0 63.83831432
720.0 63.83905
722.0 63.83905
724.0 63.83905
726.0 63.83905
728.0 63.83905
730.0 63.83905
732.0 63.83905
734.0 63.83905
736.0 63.83905
738.0 63.83905
740.0 63.83905
742.0 63.83905
744.0 63.83905
746.0 63.83905
748.0 63.83905
750.0 63.83905
