380.0 18.71595
382.0 18.71953816
384.0 18.72355944
386.0 18.72727152
388.0 18.7254156
390.0 18.71595
392.0 18.70347984
394.0 18.68997672
396.0 18.6820416
398.0 18.68882008
400.0 18.71595
402.0 18.7643544
404.0 18.8375044
406.0 18.9268728
408.0 19.0179968
410.0 19.1026
412.0 19.18405984
414.0 19.2628612
416.0 19.34743096
418.0 19.45114512
420.0 19.5833
422.0 19.74200624
424.0 19.92502336
426.0 20.13989208
428.0 20.3970624
430.0 20.70145
432.0 21.05049672
434.0 21.44430288
436.0 21.86686744
438.0 22.2937792
440.0 22.70785
442.0 23.1089628
444.0 23.49531184
446.0 23.86059368
448.0 24.19853832
450.0 24.50525
452.0 24.77897312
454.0 25.01728328
456.0 25.22691864
458.0 25.4193324
460.0 25.6025
462.0 25.77618736
464.0 25.94178224
466.0 26.10119072
468.0 26.2557504
470.0 26.40715
472.0 26.55783064
474.0 26.70988232
476.0 26.8659468
478.0 27.02895008
480.0 27.20135
482.0 27.38386552
484.0 27.5763796
486.0 27.78285488
488.0 28.00872536
490.0 28.2568
492.0 28.52513928
494.0 28.81197088
496.0 29.11368328
498.0 29.42500968
500.0 29.7407
502.0 30.05861408
504.0 30.37771528
506.0 30.68553048
508.0 30.96475448
510.0 31.2037
512.0 31.40280176
514.0 31.56207648
516.0 31.6797184
518.0 31.75489152
520.0 31.7889
522.0 31.78309816
524.0 31.737486
526.0 31.66746264
528.0 31.59568368
530.0 31.5381
532.0 31.495464
534.0 31.47008304
536.0 31.46652168
538.0 31.48845832
540.0 31.5381
542.0 31.616684
544.0 31.72518008
546.0 31.85917416
548.0 32.01130944
550.0 32.17555
552.0 32.35371832
554.0 32.55037896
556.0 32.7489624
558.0 32.92455584
560.0 33.0638
562.0 33.1743192
564.0 33.2608452
566.0 33.3402652
568.0 33.4380772
570.0 33.57585
572.0 33.75426912
574.0 33.9681848
576.0 34.26319248
578.0 34.70483456
580.0 35.33145
582.0 36.13491288
584.0 37.11721288
586.0 38.23628248
588.0 39.42365328
590.0 40.6296
592.0 41.85402232
594.0 43.09227208
596.0 44.31238064
598.0 45.475474
600.0 46.55475
602.0 47.54285184
604.0 48.42909544
606.0 49.22354624
608.0 49.94877624
610.0 50.6198
612.0 51.23145104
614.0 51.78245864
616.0 52.27895904
618.0 52.72872704
620.0 53.13825
622.0 53.51047064
624.0 53.84829824
626.0 54.15761824
628.0 54.44520224
630.0 54.7162
632.0 54.97333688
634.0 55.21992344
636.0 55.455642
638.0 55.67815176
640.0 55.8866
642.0 56.08369536
644.0 56.2714944
646.0 56.45160224
648.0 56.62577448
650.0 56.79575
652.0 56.96248184
654.0 57.12633784
656.0 57.29111344
658.0 57.46199184
660.0 57.6422
662.0 57.8313032
664.0 58.02921784
666.0 58.23440568
668.0 58.44410792
670.0 58.65585
672.0 58.86971552
674.0 59.08654048
676.0 59.29968704
678.0 59.4994576
680.0 59.67995
682.0 59.84067936
684.0 59.97835184
686.0 60.10181232
688.0 60.2259416
690.0 60.3592
692.0 60.4995644
694.0 60.64947592
696.0 60.79537464
698.0 60.91544096
700.0 60.99665
702.0 61.04201136
704.0 61.05010384
706.0 61.03303272
708.0 61.010862
710.0 60.99665
712.0 60.98849064
714.0 60.98747072
716.0 60.9915504
718.0 60.99563008
720.0 60.99665
722.0 60.99665
724.0 60.99665
726.0 60.99665
728.0 60.99665
730.0 60.99665
732.0 60.99665
734.0 60.99665
736.0 60.99665
738.0 60.99665
740.0 60.99665
742.0 60.99665
744.0 60.99665
746.0 60.99665
748.0 60.99665
750.0 60.99665
