380.0 19.7714
382.0 19.77679264
384.0 19.78278368
386.0 19.78821152
388.0 19.78540256
390.0 19.7714
392.0 19.75278712
394.0 19.73221272
396.0 19.71987512
398.0 19.73002592
400.0 19.7714
402.0 19.84476736
404.0 19.95441712
406.0 20.08839448
408.0 20.22646824
410.0 20.3566
412.0 20.4826688
414.0 20.60470808
416.0 20.73184696
418.0 20.87913344
420.0 21.05675
422.0 21.26192112
424.0 21.49185456
426.0 21.7534724
428.0 22.05638864
430.0 22.4048
432.0 22.79599784
434.0 23.2300992
436.0 23.68978216
438.0 24.14879632
440.0 24.58885
442.0 25.01009368
444.0 25.41085536
446.0 25.78553384
448.0 26.12902952
450.0 26.4385
452.0 26.7122064
454.0 26.94740664
456.0 27.15359768
458.0 27.34624552
460.0 27.53575
462.0 27.72170984
464.0 27.90616488
466.0 28.08827912
468.0 28.26479216
470.0 28.43445
472.0 28.60011176
474.0 28.76343272
476.0 28.92817488
478.0 29.09943784
480.0 29.2809
482.0 29.472762
484.0 29.67505728
486.0 29.89005976
488.0 30.12052824
490.0 30.3677
492.0 30.63032104
494.0 30.90705376
496.0 31.19507248
498.0 31.4903644
500.0 31.7889
502.0 32.08884008
504.0 32.38913128
506.0 32.68047728
508.0 32.95008728
510.0 33.1892
512.0 33.39823344
514.0 33.57775608
516.0 33.72467472
518.0 33.83564536
520.0 33.91025
522.0 33.95034456
524.0 33.95624672
526.0 33.94208488
528.0 33.92875904
530.0 33.93115
532.0 33.94942496
534.0 33.98438648
536.0 34.043592
538.0 34.13573592
540.0 34.26555
542.0 34.43261624
544.0 34.6374864
546.0 34.87044616
548.0 35.11611312
550.0 35.3628
552.0 35.61288104
554.0 35.87155616
556.0 36.11836008
558.0 36.3232804
560.0 36.4705
562.0 36.56842904
564.0 36.62121408
566.0 36.65401872
568.0 36.70513176
570.0 36.8049
572.0 36.95323984
574.0 37.14491792
576.0 37.4286396
578.0 37.87329128
580.0 38.5187
582.0 39.35655592
584.0 40.3895008
586.0 41.56832768
588.0 42.81353296
590.0 44.06765
592.0 45.33097976
594.0 46.59879048
596.0 47.8353348
598.0 48.99730792
600.0 50.0555
602.0 51.0025208
604.0 51.8268168
606.0 52.544272
608.0 53.186738
610.0 53.7757
612.0 54.30585776
614.0 54.7767264
616.0 55.19634824
618.0 55.57417008
620.0 55.91795
622.0 56.2315336
624.0 56.51856584
626.0 56.78469808
628.0 57.03586592
630.0 57.27645
632.0 57.50925928
634.0 57.73773808
636.0 57.95944528
638.0 58.16894688
640.0 58.36325
642.0 58.54476232
644.0 58.71477128
646.0 58.87524984
648.0 59.0290404
650.0 59.17835
652.0 59.3235632
654.0 59.46504784
656.0 59.60486048
658.0 59.74559272
660.0 59.88895
662.0 60.034832
664.0 60.18303808
666.0 60.33366856
668.0 60.48663984
670.0 60.64135
672.0 60.7977656
674.0 60.95682296
676.0 61.11270352
678.0 61.25662928
680.0 61.3833
682.0 61.492816
684.0 61.58295352
686.0 61.66080184
688.0 61.73823216
690.0 61.8222
692.0 61.91121728
694.0 62.00698944
696.0 62.1006716
698.0 62.17780096
700.0 62.22975
702.0 62.25869232
704.0 62.2638588
706.0 62.25297408
708.0 62.23882896
710.0 62.22975
712.0 62.22453336
714.0 62.22388128
716.0 62.2264896
718.0 62.22909792
720.0 62.22975
722.0 62.22975
724.0 62.22975
726.0 62.22975
728.0 62.22975
730.0 62.22975
732.0 62.22975
734.0 62.22975
736.0 62.22975
738.0 62.22975
740.0 62.22975
742.0 62.22975
744.0 62.22975
746.0 62.22975
748.0 62.22975
750.0 62.22975
