380.0 15.16295
382.0 15.16824696
384.0 15.17413256
386.0 15.17946656
388.0 15.17670776
390.0 15.16295
392.0 15.14460096
394.0 15.12413896
396.0 15.11176976
398.0 15.12180536
400.0 15.16295
402.0 15.23564856
404.0 15.34374336
406.0 15.47541336
408.0 15.61076176
410.0 15.7377
412.0 15.85965568
414.0 15.97651176
416.0 16.09554144
418.0 16.22911752
420.0 16.3856
422.0 16.56253104
424.0 16.75756984
426.0 16.97651824
428.0 17.22748544
430.0 17.5142
432.0 17.83453848
434.0 18.18855104
436.0 18.5632128
438.0 18.93871056
440.0 19.30115
442.0 19.650598
444.0 19.985834
446.0 20.301842
448.0 20.593606
450.0 20.8582
452.0 21.09431984
454.0 21.2997752
456.0 21.48182256
458.0 21.65241672
460.0 21.8196
462.0 21.98308816
464.0 22.14460336
466.0 22.30335976
468.0 22.45659856
470.0 22.60335
472.0 22.74623912
474.0 22.88697136
476.0 23.0290412
478.0 23.17713024
480.0 23.33485
482.0 23.50295288
484.0 23.6820408
486.0 23.87517352
488.0 24.08611304
490.0 24.31715
492.0 24.56751528
494.0 24.83598832
496.0 25.12260256
498.0 25.427358
500.0 25.7488
502.0 26.08485528
504.0 26.43453736
506.0 26.78781424
508.0 27.13039032
510.0 27.45215
512.0 27.7529428
514.0 28.03245104
516.0 28.28587608
518.0 28.50778392
520.0 28.6957
522.0 28.85030984
524.0 28.97114528
526.0 29.06832192
528.0 29.15738936
530.0 29.24955
532.0 29.34495432
534.0 29.44443832
536.0 29.55453952
538.0 29.68303272
540.0 29.83475
542.0 30.0100592
544.0 30.20987992
546.0 30.42976464
548.0 30.66202216
550.0 30.90065
552.0 31.14795552
554.0 31.40863704
556.0 31.66781376
558.0 31.90299728
560.0 32.1024
562.0 32.27297744
564.0 32.41845816
566.0 32.55700008
568.0 32.716024
570.0 32.9175
572.0 33.16131104
574.0 33.44290928
576.0 33.80016552
578.0 34.28700176
580.0 34.93435
582.0 35.73502064
584.0 36.69055192
586.0 37.7614512
588.0 38.88426608
590.0 40.01305
592.0 41.1476692
594.0 42.284044
596.0 43.3935832
598.0 44.44176
600.0 45.40525
602.0 46.2779504
604.0 47.0504144
606.0 47.7354328
608.0 48.3586708
610.0 48.93735
612.0 49.46713992
614.0 49.9477396
616.0 50.38478368
618.0 50.78462576
620.0 51.15275
622.0 51.49240008
624.0 51.80648528
626.0 52.10008848
628.0 52.37889448
630.0 52.6471
632.0 52.90699568
634.0 53.16147408
636.0 53.40901368
638.0 53.64576888
640.0 53.86975
642.0 54.08319752
644.0 54.28756608
646.0 54.48432704
648.0 54.6754032
650.0 54.8625
652.0 55.04620264
654.0 55.22677864
656.0 55.40718744
658.0 55.59144184
660.0 55.7821
662.0 55.97884424
664.0 56.18149064
666.0 56.38948744
668.0 56.60166424
670.0 56.81665
672.0 57.034428
674.0 57.25583424
676.0 57.47473248
678.0 57.68201032
680.0 57.8721
682.0 58.04446648
684.0 58.19578248
686.0 58.33447488
688.0 58.47475568
690.0 58.6245
692.0 58.781668
694.0 58.94885128
696.0 59.11110216
698.0 59.24459464
700.0 59.3351
702.0 59.38572816
704.0 59.39475696
706.0 59.37569616
708.0 59.35095056
710.0 59.3351
712.0 59.32600432
714.0 59.32486736
716.0 59.3294152
718.0 59.33396304
720.0 59.3351
722.0 59.3351
724.0 59.3351
726.0 59.3351
728.0 59.3351
730.0 59.3351
732.0 59.3351
734.0 59.3351
736.0 59.3351
738.0 59.3351
740.0 59.3351
742.0 59.3351
744.0 59.3351
746.0 59.3351
748.0 59.3351
750.0 59.3351
