380.0 16.2811
382.0 16.28485648
384.0 16.28903104
386.0 16.2928156
388.0 16.29085936
390.0 16.2811
392.0 16.26818616
394.0 16.25408
396.0 16.24571464
398.0 16.25273168
400.0 16.2811
402.0 16.33164456
404.0 16.40770384
406.0 16.50098472
408.0 16.5973588
410.0 16.68865
412.0 16.77805184
414.0 16.86598232
416.0 16.9600156
418.0 17.07227368
420.0 17.21115
422.0 17.37460472
424.0 17.5600964
426.0 17.77501528
428.0 18.02981136
430.0 18.3293
432.0 18.67070568
434.0 19.05409528
436.0 19.46281568
438.0 19.87153608
440.0 20.26255
442.0 20.63597448
444.0 20.99018768
446.0 21.31932088
448.0 21.61777288
450.0 21.8823
452.0 22.111364
454.0 22.30262408
456.0 22.46437336
458.0 22.61023864
460.0 22.74965
462.0 22.88252384
464.0 23.01069936
466.0 23.13553088
468.0 23.2571856
470.0 23.37665
472.0 23.49681664
474.0 23.62007648
476.0 23.74902112
478.0 23.88649296
480.0 24.035
482.0 24.1956792
484.0 24.36899872
486.0 24.55887104
488.0 24.77047936
490.0 25.00685
492.0 25.2669296
494.0 25.54969824
496.0 25.85336688
498.0 26.17509312
500.0 26.51165
502.0 26.86116488
504.0 27.22231688
506.0 27.58631128
508.0 27.94102608
510.0 28.2777
512.0 28.59568096
514.0 28.89440048
516.0 29.1689596
518.0 29.41367352
520.0 29.62575
522.0 29.80577424
524.0 29.9532948
526.0 30.07715656
528.0 30.19106992
530.0 30.305
532.0 30.41926448
534.0 30.53486656
536.0 30.65790904
538.0 30.79566512
540.0 30.9529
542.0 31.1302156
544.0 31.32846464
546.0 31.54544008
548.0 31.77679472
550.0 32.0188
552.0 32.2736128
554.0 32.54596488
556.0 32.82149376
558.0 33.07812904
560.0 33.30415
562.0 33.50659576
564.0 33.68959616
566.0 33.86891816
568.0 34.06830416
570.0 34.30735
572.0 34.58620616
574.0 34.90012416
576.0 35.28761016
578.0 35.80392376
580.0 36.48095
582.0 37.31119832
584.0 38.29595616
586.0 39.3968344
588.0 40.55196904
590.0 41.7164
592.0 42.8896424
594.0 44.067232
596.0 45.2206612
598.0 46.3154868
600.0 47.32805
602.0 48.2519136
604.0 49.077798
606.0 49.81515
608.0 50.4847024
610.0 51.1005
612.0 51.6582792
614.0 52.1570368
616.0 52.604046
618.0 53.0087536
620.0 53.3786
622.0 53.71639416
624.0 54.0253296
626.0 54.30968664
628.0 54.57364528
630.0 54.8207
632.0 55.0537768
634.0 55.27593544
636.0 55.48756048
638.0 55.68764872
640.0 55.87615
642.0 56.05532152
644.0 56.22691888
646.0 56.39249704
648.0 56.553728
650.0 56.71215
652.0 56.8687328
654.0 57.02417864
656.0 57.18062768
658.0 57.34075512
660.0 57.50635
662.0 57.67726184
664.0 57.85310608
666.0 58.03446792
668.0 58.22201616
670.0 58.4155
672.0 58.61461848
674.0 58.82022432
676.0 59.02549576
678.0 59.22015
680.0 59.3978
682.0 59.5581448
684.0 59.69814136
686.0 59.82534712
688.0 59.95272008
690.0 60.0875
692.0 60.22771392
694.0 60.37551872
696.0 60.51814032
698.0 60.63518032
700.0 60.7145
702.0 60.75884144
704.0 60.76676672
706.0 60.7501136
708.0 60.72844448
710.0 60.7145
712.0 60.7064744
714.0 60.7054712
716.0 60.709484
718.0 60.7134968
720.0 60.7145
722.0 60.7145
724.0 60.7145
726.0 60.7145
728.0 60.7145
730.0 60.7145
732.0 60.7145
734.0 60.7145
736.0 60.7145
738.0 60.7145
740.0 60.7145
742.0 60.7145
744.0 60.7145
746.0 60.7145
748.0 60.7145
750.0 60.7145
