380.0 13.92985
382.0 13.9336276
384.0 13.93785496
386.0 13.94174512
388.0 13.93978888
390.0 13.92985
392.0 13.91671704
394.0 13.90238912
396.0 13.8939076
398.0 13.90105928
400.0 13.92985
402.0 13.98108008
404.0 14.058176
406.0 14.15224272
408.0 14.24823224
410.0 14.3374
412.0 14.42298968
414.0 14.50528552
416.0 14.59234656
418.0 14.6971308
420.0 14.82855
422.0 14.98476496
424.0 15.16391976
426.0 15.37216736
428.0 15.61786776
430.0 15.9049
432.0 16.23122424
434.0 16.59690736
436.0 16.98867368
438.0 17.386292
440.0 17.77545
442.0 18.15601392
444.0 18.52657928
446.0 18.88126064
448.0 19.2138716
450.0 19.5206
452.0 19.79985744
454.0 20.04906904
456.0 20.27520704
458.0 20.49005904
460.0 20.70145
462.0 20.90879472
464.0 21.11363144
466.0 21.31470616
468.0 21.50867488
470.0 21.6942
472.0 21.87372264
474.0 22.04854696
476.0 22.22295328
478.0 22.4029608
480.0 22.5929
482.0 22.79268728
484.0 23.00193808
486.0 23.22397968
488.0 23.46315928
490.0 23.7215
492.0 23.99739672
494.0 24.28962888
496.0 24.59314704
498.0 24.9005108
500.0 25.2054
502.0 25.50630984
504.0 25.80233744
506.0 26.08365144
508.0 26.33695944
510.0 26.55345
512.0 26.73342408
514.0 26.87676464
516.0 26.9837392
518.0 27.05618696
520.0 27.09685
522.0 27.1070492
524.0 27.0874868
526.0 27.0497832
528.0 27.0105748
530.0 26.9819
532.0 26.96481216
534.0 26.9609164
536.0 26.97608144
538.0 27.01666088
540.0 27.0864
542.0 27.18583384
544.0 27.31599904
546.0 27.47090984
548.0 27.64070144
550.0 27.8179
552.0 28.00456208
554.0 28.20475064
556.0 28.4042704
558.0 28.58205416
560.0 28.72705
562.0 28.84604624
564.0 28.9434068
566.0 29.03491536
568.0 29.14423072
570.0 29.29135
572.0 29.47699216
574.0 29.69644216
576.0 29.99171736
578.0 30.42317696
580.0 31.02605
582.0 31.79276232
584.0 32.72510296
586.0 33.7837632
588.0 34.90487264
590.0 36.04205
592.0 37.19544576
594.0 38.3612812
596.0 39.50897544
598.0 40.60099208
600.0 41.6119
602.0 42.53527872
604.0 43.36084544
606.0 44.10164176
608.0 44.78425248
610.0 45.42615
612.0 46.0220508
614.0 46.57110216
616.0 47.07718312
618.0 47.54422288
620.0 47.97595
622.0 48.37549112
624.0 48.74567192
626.0 49.09052192
628.0 49.41447192
630.0 49.7211
632.0 50.01262992
634.0 50.29143592
636.0 50.55853792
638.0 50.81410312
640.0 51.0587
642.0 51.2943684
644.0 51.52311472
646.0 51.74500584
648.0 51.95937296
650.0 52.1664
652.0 52.3672908
654.0 52.56236304
656.0 52.75576328
658.0 52.95342712
660.0 53.15915
662.0 53.37238016
664.0 53.59293368
666.0 53.8200916
668.0 54.05226552
670.0 54.28775
672.0 54.52657848
674.0 54.7696204
676.0 55.01015432
678.0 55.23823184
680.0 55.4477
682.0 55.6379736
684.0 55.80560832
686.0 55.95894744
688.0 56.11220296
690.0 56.27325
692.0 56.43999856
694.0 56.61504024
696.0 56.78347752
698.0 56.921568
700.0 57.0152
702.0 57.06755032
704.0 57.07691352
706.0 57.05726752
708.0 57.03168592
710.0 57.0152
712.0 57.00570304
714.0 57.00451592
716.0 57.0092644
718.0 57.01401288
720.0 57.0152
722.0 57.0152
724.0 57.0152
726.0 57.0152
728.0 57.0152
730.0 57.0152
732.0 57.0152
734.0 57.0152
736.0 57.0152
738.0 57.0152
740.0 57.0152
742.0 57.0152
744.0 57.0152
746.0 57.0152
748.0 57.0152
750.0 57.0152
