380.0 11.73535
382.0 11.73830648
384.0 11.74155112
386.0 11.74441216
388.0 11.7428572
390.0 11.73535
392.0 11.72532496
394.0 11.71415896
396.0 11.70740896
398.0 11.71286456
400.0 11.73535
402.0 11.7752272
404.0 11.83463336
406.0 11.90774992
408.0 11.98462848
410.0 12.0593
412.0 12.13390464
414.0 12.20896072
416.0 12.2877788
418.0 12.37587648
420.0 12.4773
422.0 12.59128024
424.0 12.7166468
426.0 12.85864976
428.0 13.02481312
430.0 13.21925
432.0 13.44050576
434.0 13.68837976
436.0 13.95640136
438.0 14.23445496
440.0 14.51505
442.0 14.7978688
444.0 15.08224256
446.0 15.36243632
448.0 15.63126048
450.0 15.884
452.0 16.1196684
454.0 16.33629272
456.0 16.53753464
458.0 16.73016576
460.0 16.91855
462.0 17.10211888
464.0 17.28199264
466.0 17.4562652
468.0 17.62125816
470.0 17.77545
472.0 17.92088056
474.0 18.058436
476.0 18.19356704
478.0 18.33421568
480.0 18.48605
482.0 18.6489864
484.0 18.82290784
486.0 19.01137568
488.0 19.21882072
490.0 19.44745
492.0 19.69597608
494.0 19.96332888
496.0 20.24514448
498.0 20.53490208
500.0 20.82685
502.0 21.11931624
504.0 21.41119728
506.0 21.69262832
508.0 21.95023336
510.0 22.1749
512.0 22.36666168
514.0 22.52536792
516.0 22.64938016
518.0 22.7377788
520.0 22.79145
522.0 22.811514
524.0 22.79802096
526.0 22.76329352
528.0 22.72547288
530.0 22.6974
532.0 22.6797604
534.0 22.67442672
536.0 22.68556224
538.0 22.71684536
540.0 22.77055
542.0 22.84759576
544.0 22.94865144
546.0 23.07052352
548.0 23.207778
550.0 23.35575
552.0 23.51597776
554.0 23.69259112
556.0 23.87054208
558.0 24.02709144
560.0 24.14995
562.0 24.24562184
564.0 24.31763488
566.0 24.38178952
568.0 24.46216256
570.0 24.5784
572.0 24.73108704
574.0 24.91699672
576.0 25.171124
578.0 25.54312728
580.0 26.0623
582.0 26.72304096
584.0 27.5268884
586.0 28.44359584
588.0 29.42358848
590.0 30.4304
592.0 31.46364584
594.0 32.52009904
596.0 33.57262304
598.0 34.58719264
600.0 35.54045
602.0 36.42676048
604.0 37.23714544
606.0 37.9801488
608.0 38.67491496
610.0 39.3338
612.0 39.95190496
614.0 40.5279424
616.0 41.06443704
618.0 41.56414768
620.0 42.0299
622.0 42.46385088
624.0 42.86768904
626.0 43.2464472
628.0 43.60656256
630.0 43.9527
632.0 44.2864312
634.0 44.6100468
636.0 44.9230452
638.0 45.2232528
640.0 45.50975
642.0 45.7848776
644.0 46.0507256
646.0 46.3076284
648.0 46.5555024
650.0 46.7951
652.0 47.02762504
654.0 47.253228
656.0 47.47782776
658.0 47.70995152
660.0 47.95505
662.0 48.21235408
664.0 48.48169656
666.0 48.76190704
668.0 49.05047752
670.0 49.3449
672.0 49.64529152
674.0 49.95278904
676.0 50.25861456
678.0 50.54981008
680.0 50.81835
682.0 51.06331472
684.0 51.27995576
686.0 51.4794588
688.0 51.68088464
690.0 51.8947
692.0 52.1179956
694.0 52.3542492
696.0 52.582728
698.0 52.7704936
700.0 52.8979
702.0 52.96919408
704.0 52.981918
706.0 52.95509912
708.0 52.92025464
710.0 52.8979
712.0 52.88505904
714.0 52.88345392
716.0 52.8898744
718.0 52.89629488
720.0 52.8979
722.0 52.8979
724.0 52.8979
726.0 52.8979
728.0 52.8979
730.0 52.8979
732.0 52.8979
734.0 52.8979
736.0 52.8979
738.0 52.8979
740.0 52.8979
742.0 52.8979
744.0 52.8979
746.0 52.8979
748.0 52.8979
750.0 52.8979
