380.0 5.852
382.0 5.8567344
384.0 5.86201616
386.0 5.86684472
388.0 5.86438688
390.0 5.852
392.0 5.8353592
394.0 5.81642952
396.0 5.80478624
398.0 5.81395936
400.0 5.852
402.0 5.91861248
404.0 6.01647464
406.0 6.1344844
408.0 6.25424976
410.0 6.36405
412.0 6.4661256
414.0 6.5599248
416.0 6.6486244
418.0 6.7386616
420.0 6.8343
422.0 6.93393448
424.0 7.036612
426.0 7.14463992
428.0 7.26119504
430.0 7.38815
432.0 7.525254
434.0 7.67274112
436.0 7.82842104
438.0 7.98869896
440.0 8.151
442.0 8.31525728
444.0 8.48100264
446.0 8.647166
448.0 8.81266056
450.0 8.97655
452.0 9.13838288
454.0 9.297992
456.0 9.45408992
458.0 9.60500464
460.0 9.74985
462.0 9.88867616
464.0 10.02106512
466.0 10.14944128
468.0 10.27765024
470.0 10.4082
472.0 10.54097352
474.0 10.67653928
476.0 10.81394424
478.0 10.9512656
480.0 11.08745
482.0 11.22294888
484.0 11.35751144
486.0 11.4929936
488.0 11.63232136
490.0 11.77715
492.0 11.92676056
494.0 12.0808688
496.0 12.23781944
498.0 12.39502088
500.0 12.55045
502.0 12.70378912
504.0 12.85462024
506.0 13.00102056
508.0 13.14056568
510.0 13.2715
512.0 13.39373992
514.0 13.50746936
516.0 13.611334
518.0 13.70357824
520.0 13.78355
522.0 13.852102
524.0 13.909786
526.0 13.9598624
528.0 14.0070964
530.0 14.05525
532.0 14.10487496
534.0 14.1563224
536.0 14.21395624
538.0 14.28354488
540.0 14.36875
542.0 14.46938768
544.0 14.58564184
546.0 14.7158572
548.0 14.85694056
550.0 15.0062
552.0 15.1643712
554.0 15.3334104
556.0 15.5049576
558.0 15.6664728
560.0 15.81085
562.0 15.9414332
564.0 16.0604796
566.0 16.173674
568.0 16.2897944
570.0 16.41695
572.0 16.55579288
574.0 16.7040324
576.0 16.88362192
578.0 17.12641304
580.0 17.4515
582.0 17.85557224
584.0 18.34010112
586.0 18.8876644
588.0 19.46925288
590.0 20.064
592.0 20.67259128
594.0 21.2935888
596.0 21.91400112
598.0 22.51794424
600.0 23.0945
602.0 23.64050832
604.0 24.15113712
606.0 24.63141912
608.0 25.09205512
610.0 25.5398
612.0 25.9721792
614.0 26.38902552
616.0 26.78956984
618.0 27.17197296
620.0 27.53575
622.0 27.88253952
624.0 28.21319424
626.0 28.53189416
628.0 28.84457488
630.0 29.1555
632.0 29.46466952
634.0 29.77193296
636.0 30.0801996
638.0 30.39314784
640.0 30.71255
642.0 31.03874048
644.0 31.373826
646.0 31.70924592
648.0 32.03145704
650.0 32.3323
652.0 32.61339664
654.0 32.87371032
656.0 33.1204808
658.0 33.36583008
660.0 33.61765
662.0 33.87485376
664.0 34.1383108
666.0 34.40653304
668.0 34.67600928
670.0 34.9448
672.0 35.21354056
674.0 35.48112744
676.0 35.75164032
678.0 36.0316
680.0 36.3242
682.0 36.62656448
684.0 36.93667032
686.0 37.24903336
688.0 37.5557116
690.0 37.8499
692.0 38.13136448
694.0 38.40212816
696.0 38.64680864
698.0 38.84316832
700.0 38.9785
702.0 39.05467632
704.0 39.06848704
706.0 39.04033056
708.0 39.00314528
710.0 38.9785
712.0 38.96405392
714.0 38.96224816
716.0 38.9694712
718.0 38.97669424
720.0 38.9785
722.0 38.9785
724.0 38.9785
726.0 38.9785
728.0 38.9785
730.0 38.9785
732.0 38.9785
734.0 38.9785
736.0 38.9785
738.0 38.9785
740.0 38.9785
742.0 38.9785
744.0 38.9785
746.0 38.9785
748.0 38.9785
750.0 38.9785
