380.0 13.1043
382.0 13.10691984
384.0 13.10985792
386.0 13.112574
388.0 13.11121968
390.0 13.1043
392.0 13.09516232
394.0 13.0852024
396.0 13.07931288
398.0 13.08429136
400.0 13.1043
402.0 13.13989688
404.0 13.19348448
406.0 13.25877608
408.0 13.32515448
410.0 13.38645
412.0 13.44507032
414.0 13.50146688
416.0 13.56095664
418.0 13.6320668
420.0 13.72085
422.0 13.82620272
424.0 13.94668704
426.0 14.08815496
428.0 14.25879928
430.0 14.4628
432.0 14.69860216
434.0 14.96654016
436.0 15.25629776
438.0 15.55190736
440.0 15.8422
442.0 16.12725928
444.0 16.40588136
446.0 16.67447144
448.0 16.92968552
450.0 17.16935
452.0 17.39202696
454.0 17.59591064
456.0 17.78474632
458.0 17.9650548
460.0 18.1412
462.0 18.31298128
464.0 18.48155232
466.0 18.64611056
468.0 18.804566
470.0 18.9563
472.0 19.10305144
474.0 19.24560616
476.0 19.38841168
478.0 19.5378216
480.0 19.69825
482.0 19.86968016
484.0 20.05227928
486.0 20.247502
488.0 20.45676952
490.0 20.68055
492.0 20.91800744
494.0 21.1681052
496.0 21.42840216
498.0 21.69547072
500.0 21.9659
502.0 22.23815176
504.0 22.51135656
506.0 22.77778976
508.0 23.02683416
510.0 23.25125
512.0 23.45108744
514.0 23.62616256
516.0 23.77515448
518.0 23.8973108
520.0 23.9932
522.0 24.0637584
524.0 24.10938728
526.0 24.13837976
528.0 24.16285784
530.0 24.19175
532.0 24.2257752
534.0 24.26586976
536.0 24.31800272
538.0 24.38936368
540.0 24.48435
542.0 24.60307872
544.0 24.74620192
546.0 24.90938912
548.0 25.08528352
550.0 25.2681
552.0 25.45966104
554.0 25.66387912
556.0 25.867094
558.0 26.04882368
560.0 26.19815
562.0 26.32122592
564.0 26.4216128
566.0 26.51422488
568.0 26.62163416
570.0 26.76245
572.0 26.93712384
574.0 27.14189368
576.0 27.41212232
578.0 27.79830416
580.0 28.32995
582.0 29.00122456
584.0 29.81428472
586.0 30.73543968
588.0 31.70984784
590.0 32.69805
592.0 33.70046416
594.0 34.71354568
596.0 35.714338
598.0 36.67550392
600.0 37.5782
602.0 38.41659096
604.0 39.1824004
606.0 39.88417224
608.0 40.54021488
610.0 41.16255
612.0 41.74703104
614.0 42.29260464
616.0 42.80281544
618.0 43.28184344
620.0 43.73325
622.0 44.15899136
624.0 44.56092344
626.0 44.94220632
628.0 45.3063512
630.0 45.65605
632.0 45.992958
634.0 46.31909832
636.0 46.63395264
638.0 46.93568176
640.0 47.22355
642.0 47.49941328
644.0 47.76480984
646.0 48.0207596
648.0 48.26834936
650.0 48.5089
652.0 48.74343144
654.0 48.972462
656.0 49.19982056
658.0 49.43077392
660.0 49.66885
662.0 49.91368096
664.0 50.16481536
666.0 50.42322296
668.0 50.68990696
670.0 50.96465
672.0 51.24726816
674.0 51.53911576
676.0 51.83104696
678.0 52.10918416
680.0 52.36495
682.0 52.59780944
684.0 52.80323136
686.0 52.99235128
688.0 53.1841464
690.0 53.38905
692.0 53.60413608
694.0 53.83278208
696.0 54.05457288
698.0 54.23707168
700.0 54.3609
702.0 54.4302044
704.0 54.44256048
706.0 54.41646056
708.0 54.38258584
710.0 54.3609
712.0 54.34846032
714.0 54.34690536
716.0 54.3531252
718.0 54.35934504
720.0 54.3609
722.0 54.3609
724.0 54.3609
726.0 54.3609
728.0 54.3609
730.0 54.3609
732.0 54.3609
734.0 54.3609
736.0 54.3609
738.0 54.3609
740.0 54.3609
742.0 54.3609
744.0 54.3609
746.0 54.3609
748.0 54.3609
750.0 54.3609
