380.0 14.57775
382.0 14.57861112
384.0 14.57956008
386.0 14.58040464
388.0 14.5799532
390.0 14.57775
392.0 14.5750076
394.0 14.57252464
396.0 14.57133768
398.0 14.57274232
400.0 14.57775
402.0 14.5874476
404.0 14.60364928
406.0 14.62478336
408.0 14.64784024
410.0 14.6718
412.0 14.69883624
414.0 14.73020296
416.0 14.77135088
418.0 14.8300548
420.0 14.91215
422.0 15.01753616
424.0 15.14529368
426.0 15.3023112
428.0 15.49811912
430.0 15.7377
432.0 16.019014
434.0 16.3416264
436.0 16.6956724
438.0 17.0659368
440.0 17.44105
442.0 17.82020944
444.0 18.2021444
446.0 18.57789296
448.0 18.93625272
450.0 19.2698
452.0 19.5769464
454.0 19.85471576
456.0 20.10807392
458.0 20.34646768
460.0 20.57605
462.0 20.79576752
464.0 21.00669032
466.0 21.20749752
468.0 21.39517952
470.0 21.5688
472.0 21.73054928
474.0 21.88122992
476.0 22.02747976
478.0 22.1789128
480.0 22.3421
482.0 22.51672368
484.0 22.70280056
486.0 22.90208624
488.0 23.11616912
490.0 23.3453
492.0 23.58839208
494.0 23.84442544
496.0 24.1082336
498.0 24.37237616
500.0 24.63065
502.0 24.88158376
504.0 25.1242244
506.0 25.34981064
508.0 25.54663848
510.0 25.707
512.0 25.83129648
514.0 25.91971184
516.0 25.9725136
518.0 25.99129016
520.0 25.9787
522.0 25.93624792
524.0 25.864586
526.0 25.77595328
528.0 25.68790576
530.0 25.61295
532.0 25.55218952
534.0 25.50776448
536.0 25.48365424
538.0 25.4832028
540.0 25.50845
542.0 25.56038232
544.0 25.63973544
546.0 25.74308176
548.0 25.86465288
550.0 25.9996
552.0 26.14947808
554.0 26.31833336
556.0 26.49153584
558.0 26.64701512
560.0 26.7729
562.0 26.87591192
564.0 26.96019744
566.0 27.04047016
568.0 27.13896768
570.0 27.2745
572.0 27.4476356
574.0 27.65384336
576.0 27.93295032
578.0 28.34222248
580.0 28.91515
582.0 29.64459344
584.0 30.53224152
586.0 31.5413604
588.0 32.61217608
590.0 33.70125
592.0 34.80854872
594.0 35.9301932
596.0 37.03779288
598.0 38.09665376
600.0 39.083
602.0 39.99037768
604.0 40.80898888
606.0 41.54926688
608.0 42.23353288
610.0 42.87635
612.0 43.47280256
614.0 44.02207128
616.0 44.527032
618.0 44.99052712
620.0 45.4157
622.0 45.80540976
624.0 46.16183
626.0 46.49116384
628.0 46.80135328
630.0 47.09815
632.0 47.38337648
634.0 47.65964104
636.0 47.926626
638.0 48.18215776
640.0 48.4253
642.0 48.65842696
644.0 48.8835116
646.0 49.10082144
648.0 49.31018928
650.0 49.5121
652.0 49.70762368
654.0 49.89711144
656.0 50.0845092
658.0 50.27541816
660.0 50.4735
662.0 50.67828656
664.0 50.8894936
666.0 51.10722144
668.0 51.33113568
670.0 51.5603
672.0 51.79468096
674.0 52.03534864
676.0 52.27484592
678.0 52.5019704
680.0 52.7098
682.0 52.8979
684.0 53.06269232
686.0 53.21310544
688.0 53.36435456
690.0 53.5249
692.0 53.69246784
694.0 53.86969984
696.0 54.04107984
698.0 54.18186224
700.0 54.2773
702.0 54.33067024
704.0 54.34020064
706.0 54.32013664
708.0 54.29405344
710.0 54.2773
712.0 54.26766928
714.0 54.26646544
716.0 54.2712808
718.0 54.27609616
720.0 54.2773
722.0 54.2773
724.0 54.2773
726.0 54.2773
728.0 54.2773
730.0 54.2773
732.0 54.2773
734.0 54.2773
736.0 54.2773
738.0 54.2773
740.0 54.2773
742.0 54.2773
744.0 54.2773
746.0 54.2773
748.0 54.2773
750.0 54.2773
