380.0 16.29155
382.0 16.28963256
384.0 16.28751416
386.0 16.28561816
388.0 16.28662136
390.0 16.29155
392.0 16.29856296
394.0 16.30763656
396.0 16.31381096
398.0 16.30978616
400.0 16.29155
402.0 16.26108616
404.0 16.21962056
406.0 16.17163416
408.0 16.12398216
410.0 16.08255
412.0 16.04926048
414.0 16.02608656
416.0 16.02097024
418.0 16.04419432
420.0 16.10345
422.0 16.19890448
424.0 16.32911984
426.0 16.5028908
428.0 16.73233936
430.0 17.02305
432.0 17.37213016
434.0 17.780048
436.0 18.22675624
438.0 18.68165728
440.0 19.1235
442.0 19.55221752
444.0 19.96505104
446.0 20.35715176
448.0 20.72525928
450.0 21.0672
452.0 21.37981384
454.0 21.65955616
456.0 21.91313168
458.0 22.1520772
460.0 22.3839
462.0 22.6081152
464.0 22.82687968
466.0 23.03686616
468.0 23.23155384
470.0 23.408
472.0 23.56969912
474.0 23.71845696
476.0 23.8616136
478.0 24.00978624
480.0 24.17085
482.0 24.34510584
484.0 24.5325036
486.0 24.73996536
488.0 24.97651992
490.0 25.2472
492.0 25.55019984
494.0 25.88419856
496.0 26.24344448
498.0 26.6189924
500.0 27.0028
502.0 27.39252648
504.0 27.78661688
506.0 28.17025728
508.0 28.52321648
510.0 28.83155
512.0 29.09504048
514.0 29.31315288
516.0 29.48252648
518.0 29.60056968
520.0 29.66755
522.0 29.68470472
524.0 29.65173288
526.0 29.58565544
528.0 29.5118032
530.0 29.4481
532.0 29.39514776
534.0 29.35508664
536.0 29.33450432
538.0 29.339838
540.0 29.37495
542.0 29.440994
544.0 29.53932432
546.0 29.66357064
548.0 29.80311576
550.0 29.9497
552.0 30.10584808
554.0 30.27694384
556.0 30.4444448
558.0 30.58059576
560.0 30.67075
562.0 30.72336784
564.0 30.7432312
566.0 30.75180856
568.0 30.78153672
570.0 30.85885
572.0 30.98389888
574.0 31.15091496
576.0 31.40880424
578.0 31.82745632
580.0 32.44725
582.0 33.25979184
584.0 34.26850944
586.0 35.42244024
588.0 36.63923824
590.0 37.86035
592.0 39.08689576
594.0 40.31345824
596.0 41.51142952
598.0 42.6483728
600.0 43.7019
602.0 44.66350064
604.0 45.52188872
606.0 46.2899888
608.0 46.99421848
610.0 47.652
612.0 48.25821704
614.0 48.8122008
616.0 49.31803096
618.0 49.77988752
620.0 50.2018
622.0 50.5870288
624.0 50.93836616
626.0 51.26094512
628.0 51.56078488
630.0 51.84245
632.0 52.10836488
634.0 52.36162272
636.0 52.60167176
638.0 52.826004
640.0 53.03375
642.0 53.22748464
644.0 53.40891336
646.0 53.58097888
648.0 53.7475268
650.0 53.91155
652.0 54.07393464
654.0 54.23556688
656.0 54.39853672
658.0 54.56518496
660.0 54.7371
662.0 54.91439888
664.0 55.09693112
666.0 55.28498096
668.0 55.4787156
670.0 55.6776
672.0 55.88134992
674.0 56.09063416
676.0 56.2992496
678.0 56.49791664
680.0 56.6808
682.0 56.84748168
684.0 56.995136
686.0 57.13016672
688.0 57.26369264
690.0 57.40185
692.0 57.5428832
694.0 57.68878192
696.0 57.82782544
698.0 57.94137096
700.0 58.0184
702.0 58.061454
704.0 58.06917864
706.0 58.05307728
708.0 58.03204352
710.0 58.0184
712.0 58.01050816
714.0 58.00952168
716.0 58.0134676
718.0 58.01741352
720.0 58.0184
722.0 58.0184
724.0 58.0184
726.0 58.0184
728.0 58.0184
730.0 58.0184
732.0 58.0184
734.0 58.0184
736.0 58.0184
738.0 58.0184
740.0 58.0184
742.0 58.0184
744.0 58.0184
746.0 58.0184
748.0 58.0184
750.0 58.0184
