380.0 16.70955
382.0 16.71641688
384.0 16.72435464
386.0 16.7321544
388.0 16.72869336
390.0 16.70955
392.0 16.68425952
394.0 16.6563756
396.0 16.63975248
398.0 16.65372696
400.0 16.70955
402.0 16.80766296
404.0 16.95397968
406.0 17.1273828
408.0 17.29326192
410.0 17.4306
412.0 17.54543296
414.0 17.638346
416.0 17.72122704
418.0 17.81430728
420.0 17.9322
422.0 18.07254768
424.0 18.23277544
426.0 18.427948
428.0 18.67904896
430.0 18.9981
432.0 19.38262656
434.0 19.8335148
436.0 20.33464664
438.0 20.86010608
440.0 21.39115
442.0 21.92767808
444.0 22.46786784
446.0 23.00045
448.0 23.51196496
450.0 23.9932
452.0 24.44159696
454.0 24.8535276
456.0 25.23302144
458.0 25.58868928
460.0 25.92645
462.0 26.24484896
464.0 26.54378584
466.0 26.82642072
468.0 27.0967664
470.0 27.3581
472.0 27.61237776
474.0 27.86214112
476.0 28.10830968
478.0 28.35096704
480.0 28.5912
482.0 28.83042976
484.0 29.06820488
486.0 29.3128352
488.0 29.57644272
490.0 29.8661
492.0 30.17965016
494.0 30.5163408
496.0 30.87000224
498.0 31.23068608
500.0 31.59035
502.0 31.94768984
504.0 32.30131784
506.0 32.64123544
508.0 32.95423384
510.0 33.231
512.0 33.47098216
514.0 33.67386264
516.0 33.83594632
518.0 33.9533876
520.0 34.0252
522.0 34.05327288
524.0 34.03875992
526.0 33.99281336
528.0 33.9318188
530.0 33.86845
532.0 33.80422848
534.0 33.74025776
536.0 33.68966304
538.0 33.66958232
540.0 33.6908
542.0 33.75296496
544.0 33.85703024
546.0 33.99662552
548.0 34.1602976
550.0 34.3387
552.0 34.53435744
554.0 34.75303832
556.0 34.9710504
558.0 35.15303088
560.0 35.2792
562.0 35.35748304
564.0 35.390806
566.0 35.40247656
568.0 35.42894432
570.0 35.49865
572.0 35.61080776
574.0 35.76078616
576.0 35.99127136
578.0 36.36245536
580.0 36.9094
582.0 37.62533368
584.0 38.51281456
586.0 39.53046064
588.0 40.61105752
590.0 41.70595
592.0 42.81537216
594.0 43.93517744
596.0 45.03466792
598.0 46.076558
600.0 47.03545
602.0 47.9046392
604.0 48.67394312
606.0 49.35538344
608.0 49.97404016
610.0 50.54665
612.0 51.06829728
614.0 51.53809584
616.0 51.961998
618.0 52.34710976
620.0 52.69935
622.0 53.02186208
624.0 53.3178228
626.0 53.59154592
628.0 53.84746224
630.0 54.0892
632.0 54.31916688
634.0 54.53965352
636.0 54.75203096
638.0 54.956968
640.0 55.1551
642.0 55.34811568
644.0 55.53795456
646.0 55.72269384
648.0 55.89873872
650.0 56.06425
652.0 56.22036464
654.0 56.36708264
656.0 56.50828304
658.0 56.64990144
660.0 56.79575
662.0 56.94536056
664.0 57.09900064
666.0 57.25556672
668.0 57.4128016
670.0 57.56905
672.0 57.724546
674.0 57.87930632
676.0 58.03172584
678.0 58.17963096
680.0 58.32145
682.0 58.45648072
684.0 58.58348584
686.0 58.70330136
688.0 58.81776648
690.0 58.92755
692.0 59.03218376
694.0 59.13267096
696.0 59.22346056
698.0 59.29602536
700.0 59.34555
702.0 59.37323832
704.0 59.37828776
706.0 59.368122
708.0 59.35461224
710.0 59.34555
712.0 59.3401996
714.0 59.3395308
716.0 59.342206
718.0 59.3448812
720.0 59.34555
722.0 59.34555
724.0 59.34555
726.0 59.34555
728.0 59.34555
730.0 59.34555
732.0 59.34555
734.0 59.34555
736.0 59.34555
738.0 59.34555
740.0 59.34555
742.0 59.34555
744.0 59.34555
746.0 59.34555
748.0 59.34555
750.0 59.34555
