380.0 8.9034
382.0 8.910496
384.0 8.91847152
386.0 8.92587864
388.0 8.92221696
390.0 8.9034
392.0 8.87821608
394.0 8.84976864
396.0 8.83239
398.0 8.84627776
400.0 8.9034
402.0 9.00351936
404.0 9.1511068
406.0 9.32845584
408.0 9.50630648
410.0 9.66625
412.0 9.81244968
414.0 9.94475504
416.0 10.0690348
418.0 10.19649136
420.0 10.33505
422.0 10.48228632
424.0 10.6357592
426.0 10.80444728
428.0 11.00130856
430.0 11.23375
432.0 11.50038384
434.0 11.80246408
436.0 12.12903912
438.0 12.46246936
440.0 12.7908
442.0 13.11473328
444.0 13.43278112
446.0 13.74397376
448.0 14.04898
450.0 14.34785
452.0 14.63862752
454.0 14.92005856
456.0 15.191792
458.0 15.45382784
460.0 15.70635
462.0 15.9492916
464.0 16.1825356
466.0 16.4079212
468.0 16.6282072
470.0 16.8454
472.0 17.06026872
474.0 17.2743516
476.0 17.48684608
478.0 17.69582936
480.0 17.90085
482.0 18.10304496
484.0 18.30202968
486.0 18.5045256
488.0 18.72056472
490.0 18.9563
492.0 19.21024336
494.0 19.4818932
496.0 19.76842384
498.0 20.06490288
500.0 20.36705
502.0 20.67414624
504.0 20.98572344
506.0 21.29404024
508.0 21.58839584
510.0 21.8614
512.0 22.11281864
514.0 22.34204984
516.0 22.54762224
518.0 22.72869984
520.0 22.8855
522.0 23.01885872
524.0 23.12972904
526.0 23.22329416
528.0 23.30699448
530.0 23.3871
532.0 23.46469752
534.0 23.53980376
536.0 23.6231028
538.0 23.72939184
540.0 23.8678
542.0 24.03719032
544.0 24.2378972
546.0 24.46410208
548.0 24.70568936
550.0 24.9546
552.0 25.21299088
554.0 25.48561048
556.0 25.75371568
558.0 25.98938408
560.0 26.17725
562.0 26.32375064
564.0 26.43104288
566.0 26.51977592
568.0 26.62205216
570.0 26.76245
572.0 26.93998296
574.0 27.15087232
576.0 27.42847448
578.0 27.81952184
580.0 28.35085
582.0 29.01720888
584.0 29.82119008
586.0 30.72657808
588.0 31.67502008
590.0 32.6249
592.0 33.57705384
594.0 34.52812088
596.0 35.45619792
598.0 36.33578696
600.0 37.14975
602.0 37.89271992
604.0 38.55675472
606.0 39.15390952
608.0 39.70734152
610.0 40.2325
612.0 40.72574
614.0 41.18689432
616.0 41.61987544
618.0 42.02861256
620.0 42.41655
622.0 42.78632952
624.0 43.14039224
626.0 43.48107896
628.0 43.81047968
630.0 44.13035
632.0 44.44222816
634.0 44.74753536
636.0 45.04657256
638.0 45.33900536
640.0 45.6247
642.0 45.90479344
644.0 46.18069016
646.0 46.45065128
648.0 46.7116672
650.0 46.9623
652.0 47.20336896
654.0 47.43453968
656.0 47.6604436
658.0 47.88818672
660.0 48.12225
662.0 48.36198136
664.0 48.6077152
666.0 48.85746184
668.0 49.10754288
670.0 49.35535
672.0 49.60125104
674.0 49.84527944
676.0 50.08562944
678.0 50.31996024
680.0 50.54665
682.0 50.76427752
684.0 50.97011744
686.0 51.16776456
688.0 51.36357248
690.0 51.5603
692.0 51.75674328
694.0 51.95536016
696.0 52.14160424
698.0 52.29298712
700.0 52.3963
702.0 52.45421808
704.0 52.46463464
706.0 52.4430324
708.0 52.41474216
710.0 52.3963
712.0 52.3855992
714.0 52.3842616
716.0 52.389612
718.0 52.3949624
720.0 52.3963
722.0 52.3963
724.0 52.3963
726.0 52.3963
728.0 52.3963
730.0 52.3963
732.0 52.3963
734.0 52.3963
736.0 52.3963
738.0 52.3963
740.0 52.3963
742.0 52.3963
744.0 52.3963
746.0 52.3963
748.0 52.3963
750.0 52.3963
