380.0 13.6268
382.0 13.63777152
384.0 13.6502192
386.0 13.66200608
388.0 13.65638816
390.0 13.6268
392.0 13.5873152
394.0 13.54290368
396.0 13.51589696
398.0 13.53771264
400.0 13.6268
402.0 13.78284776
404.0 14.01324936
406.0 14.28846056
408.0 14.55990976
410.0 14.7972
412.0 15.00733696
414.0 15.19008656
416.0 15.35653416
418.0 15.52724536
420.0 15.7168
422.0 15.92151968
424.0 16.13802696
426.0 16.38120264
428.0 16.67211392
430.0 17.02305
432.0 17.4316868
434.0 17.89904424
436.0 18.41062608
438.0 18.94285712
440.0 19.4788
442.0 20.01862192
444.0 20.56073448
446.0 21.09557384
448.0 21.611854
450.0 22.10175
452.0 22.56277056
454.0 22.99153824
456.0 23.39121312
458.0 23.7688176
460.0 24.12905
462.0 24.47057272
464.0 24.79343592
466.0 25.09907752
468.0 25.38908592
470.0 25.6652
472.0 25.9292088
474.0 26.18295152
476.0 26.42891944
478.0 26.66995496
480.0 26.90875
482.0 27.14637464
484.0 27.38287904
486.0 27.62431584
488.0 27.87912864
490.0 28.1523
492.0 28.44254248
494.0 28.74932104
496.0 29.0686396
498.0 29.39397736
500.0 29.7198
502.0 30.04482008
504.0 30.3677836
506.0 30.68054792
508.0 30.97224504
510.0 31.23505
512.0 31.46866184
514.0 31.67338152
516.0 31.8439924
518.0 31.97397368
520.0 32.0606
522.0 32.1060784
524.0 32.1114288
526.0 32.0880208
528.0 32.0528252
530.0 32.0188
532.0 31.98698184
534.0 31.9580228
536.0 31.94503136
538.0 31.96522912
540.0 32.02925
542.0 32.13630816
544.0 32.28703896
546.0 32.47396856
548.0 32.68413896
550.0 32.90705
552.0 33.14515952
554.0 33.40435296
556.0 33.6595336
558.0 33.87341584
560.0 34.0252
562.0 34.12291168
564.0 34.168992
566.0 34.18949072
568.0 34.22520464
570.0 34.30735
572.0 34.43447216
574.0 34.60163872
576.0 34.85140208
578.0 35.24345264
580.0 35.81215
582.0 36.55072256
584.0 37.46223008
586.0 38.5014784
588.0 39.59556832
590.0 40.6923
592.0 41.79249272
594.0 42.8918996
596.0 43.96154488
598.0 44.96723616
600.0 45.88595
602.0 46.71103184
604.0 47.43253328
606.0 48.06500072
608.0 48.63685816
610.0 49.16725
612.0 49.65167856
614.0 50.08979272
616.0 50.48819688
618.0 50.85441504
620.0 51.19455
622.0 51.51199592
624.0 51.81024728
626.0 52.09219664
628.0 52.3600176
630.0 52.61575
632.0 52.86181824
634.0 53.10032904
636.0 53.33206824
638.0 53.55711944
640.0 53.7757
642.0 53.98909736
644.0 54.19866584
646.0 54.40321832
648.0 54.6004976
650.0 54.78935
652.0 54.97061152
654.0 55.14449952
656.0 55.31312072
658.0 55.47965192
660.0 55.64625
662.0 55.81271432
664.0 55.97899472
666.0 56.14569312
668.0 56.31339472
670.0 56.48225
672.0 56.6521252
674.0 56.82310392
676.0 56.99307944
678.0 57.15887496
680.0 57.31825
682.0 57.47063608
684.0 57.61472904
686.0 57.751298
688.0 57.88218216
690.0 58.00795
692.0 58.12803304
694.0 58.2435348
696.0 58.34800136
698.0 58.43156792
700.0 58.48865
702.0 58.5205852
704.0 58.52640376
706.0 58.51466632
708.0 58.49908328
710.0 58.48865
712.0 58.48249704
714.0 58.48172792
716.0 58.4848044
718.0 58.48788088
720.0 58.48865
722.0 58.48865
724.0 58.48865
726.0 58.48865
728.0 58.48865
730.0 58.48865
732.0 58.48865
734.0 58.48865
736.0 58.48865
738.0 58.48865
740.0 58.48865
742.0 58.48865
744.0 58.48865
746.0 58.48865
748.0 58.48865
750.0 58.48865
