380.0 11.42185
382.0 11.42918344
384.0 11.43748504
386.0 11.44531024
388.0 11.44154824
390.0 11.42185
392.0 11.39566944
394.0 11.36654984
396.0 11.34901744
398.0 11.36342024
400.0 11.42185
402.0 11.52471144
404.0 11.67761584
406.0 11.86128504
408.0 12.04378384
410.0 12.2056
412.0 12.35203376
414.0 12.48310184
416.0 12.60948832
418.0 12.7495852
420.0 12.9162
422.0 13.10650704
424.0 13.31799832
426.0 13.5609232
428.0 13.84941008
430.0 14.1911
432.0 14.58408688
434.0 15.0293572
436.0 15.51182952
438.0 16.00776144
440.0 16.50055
442.0 16.9902788
444.0 17.47475752
446.0 17.94912064
448.0 18.40918816
450.0 18.8518
452.0 19.2743144
454.0 19.67420664
456.0 20.05328248
458.0 20.41563832
460.0 20.76415
462.0 21.0980484
464.0 21.41713288
466.0 21.72367736
468.0 22.02077504
470.0 22.31075
472.0 22.59470576
474.0 22.87443136
476.0 23.14939176
478.0 23.41791496
480.0 23.6797
482.0 23.935934
484.0 24.18628256
486.0 24.43721632
488.0 24.69834928
490.0 24.9755
492.0 25.26699648
494.0 25.57200272
496.0 25.88770976
498.0 26.2093524
500.0 26.53255
502.0 26.85623248
504.0 27.17983136
506.0 27.49415064
508.0 27.78639952
510.0 28.0478
512.0 28.27858616
514.0 28.47887504
516.0 28.64605832
518.0 28.777628
520.0 28.87335
522.0 28.93481272
524.0 28.96281872
526.0 28.96791832
528.0 28.96557752
530.0 28.9674
532.0 28.97447256
534.0 28.98789872
536.0 29.01712528
538.0 29.07402344
540.0 29.16595
542.0 29.29263744
544.0 29.45452048
546.0 29.64641592
548.0 29.85929496
550.0 30.08555
552.0 30.32708712
554.0 30.58900592
556.0 30.85000512
558.0 31.07823312
560.0 31.25595
562.0 31.3902952
564.0 31.48369312
566.0 31.55803024
568.0 31.64749896
570.0 31.77845
572.0 31.949412
574.0 32.15526864
576.0 32.43460968
578.0 32.84202592
580.0 33.40865
582.0 34.12809488
584.0 35.00380488
586.0 35.99137168
588.0 37.01948448
590.0 38.038
592.0 39.04843976
594.0 40.04630608
596.0 41.0111504
598.0 41.92115312
600.0 42.7614
602.0 43.5251696
604.0 44.2040016
606.0 44.8097672
608.0 45.3652892
610.0 45.88595
612.0 46.3684056
614.0 46.812656
616.0 47.22355
618.0 47.6063544
620.0 47.9655
622.0 48.30384592
624.0 48.6241844
626.0 48.92914048
628.0 49.22097136
630.0 49.50165
632.0 49.77298216
634.0 50.03650608
636.0 50.2930912
638.0 50.54315552
640.0 50.787
642.0 51.0258452
644.0 51.26143
646.0 51.4909956
648.0 51.7098604
650.0 51.9156
652.0 52.10920088
654.0 52.2900444
656.0 52.46403272
658.0 52.64036184
660.0 52.82475
662.0 53.01632776
664.0 53.21576392
666.0 53.41954728
668.0 53.62149144
670.0 53.8175
672.0 54.00834208
674.0 54.19393408
676.0 54.37384128
678.0 54.54798008
680.0 54.7162
682.0 54.87724704
684.0 55.02926528
686.0 55.17451192
688.0 55.31691616
690.0 55.45815
692.0 55.59757808
694.0 55.73697272
696.0 55.86666976
698.0 55.9717048
700.0 56.04335
702.0 56.083478
704.0 56.09071776
706.0 56.07580352
708.0 56.05620768
710.0 56.04335
712.0 56.03585944
714.0 56.03492312
716.0 56.0386684
718.0 56.04241368
720.0 56.04335
722.0 56.04335
724.0 56.04335
726.0 56.04335
728.0 56.04335
730.0 56.04335
732.0 56.04335
734.0 56.04335
736.0 56.04335
738.0 56.04335
740.0 56.04335
742.0 56.04335
744.0 56.04335
746.0 56.04335
748.0 56.04335
750.0 56.04335
