380.0 11.0979
382.0 11.10484496
384.0 11.1127104
386.0 11.12013144
388.0 11.11657008
390.0 11.0979
392.0 11.0730048
394.0 11.04507624
396.0 11.02813008
398.0 11.04186512
400.0 11.0979
402.0 11.19619688
404.0 11.34157728
406.0 11.51563248
408.0 11.68801568
410.0 11.83985
412.0 11.97571672
414.0 12.09556568
416.0 12.20705464
418.0 12.3240612
420.0 12.4564
422.0 12.60174696
424.0 12.75797864
426.0 12.93460872
428.0 13.1450132
430.0 13.3969
432.0 13.68876432
434.0 14.02132512
436.0 14.38448352
438.0 14.76193752
440.0 15.14205
442.0 15.52487112
444.0 15.90909672
446.0 16.28905872
448.0 16.65840352
450.0 17.0126
452.0 17.34995944
454.0 17.66862592
456.0 17.9694856
458.0 18.25521368
460.0 18.52785
462.0 18.78674248
464.0 19.0314564
466.0 19.26538592
468.0 19.49346344
470.0 19.71915
472.0 19.94326488
474.0 20.16759712
476.0 20.39109336
478.0 20.611162
480.0 20.82685
482.0 21.0393612
484.0 21.24824416
486.0 21.45971872
488.0 21.68314808
490.0 21.9241
492.0 22.18117
494.0 22.45430792
496.0 22.73889904
498.0 23.02733576
500.0 23.31395
502.0 23.59854112
504.0 23.88045704
506.0 24.15518336
508.0 24.41703528
510.0 24.662
512.0 24.88950904
514.0 25.09902736
516.0 25.28965208
518.0 25.4608816
520.0 25.61295
522.0 25.74657624
524.0 25.86256288
526.0 25.96450472
528.0 26.05750136
530.0 26.1459
532.0 26.2308376
534.0 26.31294952
536.0 26.39899064
538.0 26.49807336
540.0 26.61615
542.0 26.75301992
544.0 26.90895064
546.0 27.08277176
548.0 27.27172448
550.0 27.47305
552.0 27.68805248
554.0 27.92019296
556.0 28.15642984
558.0 28.37686632
560.0 28.5703
562.0 28.74141248
564.0 28.89210984
566.0 29.0343636
568.0 29.18690016
570.0 29.3645
572.0 29.56676184
574.0 29.7909436
576.0 30.06085456
578.0 30.41026912
580.0 30.85885
582.0 31.40278504
584.0 32.04367936
586.0 32.75805808
588.0 33.5077996
590.0 34.26555
592.0 35.03156008
594.0 35.80318808
596.0 36.56536928
598.0 37.30046408
600.0 37.9962
602.0 38.64838032
604.0 39.25135368
606.0 39.81035344
608.0 40.3369164
610.0 40.8386
612.0 41.3126956
614.0 41.75856784
616.0 42.17835688
618.0 42.57457072
620.0 42.9495
622.0 43.30461608
624.0 43.64127328
626.0 43.96221368
628.0 44.27069768
630.0 44.56925
632.0 44.8588404
634.0 45.14038848
636.0 45.41516496
638.0 45.68434024
640.0 45.94865
642.0 46.2091476
644.0 46.46760536
646.0 46.72079632
648.0 46.96328648
650.0 47.1922
652.0 47.40877416
654.0 47.61264112
656.0 47.80965288
658.0 48.00892184
660.0 48.2163
662.0 48.43085104
664.0 48.65267528
666.0 48.88060232
668.0 49.11204056
670.0 49.3449
672.0 49.57949832
674.0 49.81625352
676.0 50.05116952
678.0 50.27847792
680.0 50.4944
682.0 50.69793256
684.0 50.88633352
686.0 51.06395008
688.0 51.23855704
690.0 51.414
692.0 51.58885776
694.0 51.76527048
696.0 51.9304808
698.0 52.06459192
700.0 52.15595
702.0 52.20709648
704.0 52.2163092
706.0 52.19726512
708.0 52.17228544
710.0 52.15595
712.0 52.14645304
714.0 52.14526592
716.0 52.1500144
718.0 52.15476288
720.0 52.15595
722.0 52.15595
724.0 52.15595
726.0 52.15595
728.0 52.15595
730.0 52.15595
732.0 52.15595
734.0 52.15595
736.0 52.15595
738.0 52.15595
740.0 52.15595
742.0 52.15595
744.0 52.15595
746.0 52.15595
748.0 52.15595
750.0 52.15595
