380.0 16.5946
382.0 16.59982688
384.0 16.60593856
386.0 16.61207584
388.0 16.60946752
390.0 16.5946
392.0 16.575056
394.0 16.55371104
396.0 16.54111168
398.0 16.55192032
400.0 16.5946
402.0 16.66968952
404.0 16.78218168
406.0 16.91473784
408.0 17.0390176
410.0 17.138
412.0 17.21735312
414.0 17.27864864
416.0 17.33150056
418.0 17.39196008
420.0 17.4724
422.0 17.57170008
424.0 17.68738576
426.0 17.83809984
428.0 18.05034352
430.0 18.33975
432.0 18.7032428
434.0 19.14150744
436.0 19.63862648
438.0 20.16851672
440.0 20.7119
442.0 21.26852552
444.0 21.83680488
446.0 22.40157304
448.0 22.943602
450.0 23.4498
452.0 23.91742496
454.0 24.34184544
456.0 24.72797712
458.0 25.0866044
460.0 25.42485
462.0 25.74067408
464.0 26.03431072
466.0 26.30696376
468.0 26.5595528
470.0 26.7938
472.0 27.01231368
474.0 27.21728416
476.0 27.41389464
478.0 27.60883312
480.0 27.80745
482.0 28.01078192
484.0 28.21896264
486.0 28.43884736
488.0 28.67963208
490.0 28.9465
492.0 29.2381804
494.0 29.55457296
496.0 29.88852152
498.0 30.22865648
500.0 30.56625
502.0 30.900232
504.0 31.22896392
506.0 31.54482144
508.0 31.83827416
510.0 32.1024
512.0 32.33616232
514.0 32.53899264
516.0 32.70737976
518.0 32.83747808
520.0 32.92795
522.0 32.98016656
524.0 32.99479656
526.0 32.98083536
528.0 32.95165896
530.0 32.9175
532.0 32.87969608
534.0 32.83971856
536.0 32.80659624
538.0 32.79169872
540.0 32.80255
542.0 32.83961824
544.0 32.90373944
546.0 32.99310784
548.0 33.10354344
550.0 33.231
552.0 33.37735016
554.0 33.54737584
556.0 33.72308632
558.0 33.8770608
560.0 33.99385
562.0 34.07977408
564.0 34.13724072
566.0 34.18300336
568.0 34.2433124
570.0 34.3387
572.0 34.46841376
574.0 34.62867496
576.0 34.85130176
578.0 35.18135456
580.0 35.64495
582.0 36.23687144
584.0 36.95919216
586.0 37.77974288
588.0 38.6464408
590.0 39.5219
592.0 40.40643816
594.0 41.29654408
596.0 42.1714348
598.0 43.00669912
600.0 43.7855
602.0 44.50221952
604.0 45.149016
606.0 45.73428288
608.0 46.27565976
610.0 46.78465
612.0 47.25742472
614.0 47.69328168
616.0 48.09444464
618.0 48.4630872
620.0 48.8015
622.0 49.11195696
624.0 49.39651464
626.0 49.65841672
628.0 49.9014252
630.0 50.12865
632.0 50.34167952
634.0 50.54198512
636.0 50.73192432
638.0 50.91400512
640.0 51.09005
642.0 51.26137984
644.0 51.42981712
646.0 51.5935728
648.0 51.74913568
650.0 51.8947
652.0 52.03165352
654.0 52.1604644
656.0 52.28409208
658.0 52.40696736
660.0 52.53215
662.0 52.65945608
664.0 52.78886888
666.0 52.92154208
668.0 53.05872968
670.0 53.20095
672.0 53.3480024
674.0 53.49997048
676.0 53.65411216
678.0 53.80624744
680.0 53.95335
682.0 54.09493496
684.0 54.22994896
686.0 54.35777336
688.0 54.47824096
690.0 54.5908
692.0 54.69494888
694.0 54.79123936
696.0 54.87565864
698.0 54.94227112
700.0 54.9879
702.0 55.01341472
704.0 55.01811304
706.0 55.00885016
708.0 54.99641048
710.0 54.9879
712.0 54.98281712
714.0 54.98218176
716.0 54.9847232
718.0 54.98726464
720.0 54.9879
722.0 54.9879
724.0 54.9879
726.0 54.9879
728.0 54.9879
730.0 54.9879
732.0 54.9879
734.0 54.9879
736.0 54.9879
738.0 54.9879
740.0 54.9879
742.0 54.9879
744.0 54.9879
746.0 54.9879
748.0 54.9879
750.0 54.9879
