380.0 10.9725
382.0 10.98015696
384.0 10.98886608
386.0 10.9971552
388.0 10.99324272
390.0 10.9725
392.0 10.94488496
394.0 10.9139872
396.0 10.89529104
398.0 10.91053648
400.0 10.9725
402.0 11.08119672
404.0 11.24214344
406.0 11.43435656
408.0 11.62330928
410.0 11.7876
412.0 11.9324788
414.0 12.05784536
416.0 12.17309632
418.0 12.29503528
420.0 12.4355
422.0 12.59181528
424.0 12.76164032
426.0 12.95570936
428.0 13.1889868
430.0 13.47005
432.0 13.797344
434.0 14.17192216
436.0 14.58169592
438.0 15.00718648
440.0 15.43465
442.0 15.86437072
444.0 16.29491072
446.0 16.72060192
448.0 17.13542512
450.0 17.5351
452.0 17.91750312
454.0 18.28015992
456.0 18.62526072
458.0 18.95757072
460.0 19.28025
462.0 19.5923288
464.0 19.89372352
466.0 20.18533704
468.0 20.46817256
470.0 20.74325
472.0 21.01187352
474.0 21.27573184
476.0 21.53499216
478.0 21.78923648
480.0 22.03905
482.0 22.28545264
484.0 22.52799296
486.0 22.77387728
488.0 23.0337228
490.0 23.31395
492.0 23.6131544
494.0 23.93123568
496.0 24.26377976
498.0 24.60334624
500.0 24.94415
502.0 25.28570616
504.0 25.62721216
506.0 25.96253176
508.0 26.28363936
510.0 26.5848
512.0 26.86541176
514.0 27.12498976
516.0 27.36115976
518.0 27.57149736
520.0 27.7552
522.0 27.91310368
524.0 28.04567656
526.0 28.15893784
528.0 28.26183272
530.0 28.3613
532.0 28.45837632
534.0 28.55411504
536.0 28.65520416
538.0 28.77017088
540.0 28.9047
542.0 29.05905904
544.0 29.23371616
546.0 29.42793568
548.0 29.639544
550.0 29.8661
552.0 30.10890784
554.0 30.37161248
556.0 30.64033632
558.0 30.89384496
560.0 31.1201
562.0 31.32423448
564.0 31.50868952
566.0 31.68495176
568.0 31.8709952
570.0 32.0815
572.0 32.31621536
574.0 32.57169696
576.0 32.87591736
578.0 33.26900456
580.0 33.7744
582.0 34.38730504
584.0 35.10929136
586.0 35.91379088
588.0 36.7575824
590.0 37.60955
592.0 38.47002808
594.0 39.33629128
596.0 40.19001448
598.0 41.00929448
600.0 41.7791
602.0 42.49495008
604.0 43.15037408
606.0 43.75246128
608.0 44.31617608
610.0 44.8514
612.0 45.3550064
614.0 45.82641008
616.0 46.26847016
618.0 46.68444704
620.0 47.07725
622.0 47.44870152
624.0 47.80044016
626.0 48.135626
628.0 48.45793744
630.0 48.77015
632.0 49.07348424
634.0 49.3693112
636.0 49.65794856
638.0 49.93897832
640.0 50.21225
642.0 50.47896744
644.0 50.74048496
646.0 50.99539808
648.0 51.2411988
650.0 51.4767
652.0 51.70282128
654.0 51.91967968
656.0 52.13060248
658.0 52.34060568
660.0 52.55305
662.0 52.76753416
664.0 52.98390768
666.0 53.2028728
668.0 53.42501472
670.0 53.6503
672.0 53.8786116
674.0 54.1103508
676.0 54.3414212
678.0 54.5656364
680.0 54.7789
682.0 54.98049304
684.0 55.168058
686.0 55.34492216
688.0 55.51727192
690.0 55.68805
692.0 55.8560024
694.0 56.02300176
696.0 56.17779552
698.0 56.30291128
700.0 56.3882
702.0 56.4359356
704.0 56.44456312
706.0 56.42685664
708.0 56.40354896
710.0 56.3882
712.0 56.37923808
714.0 56.37811784
716.0 56.3825988
718.0 56.38707976
720.0 56.3882
722.0 56.3882
724.0 56.3882
726.0 56.3882
728.0 56.3882
730.0 56.3882
732.0 56.3882
734.0 56.3882
736.0 56.3882
738.0 56.3882
740.0 56.3882
742.0 56.3882
744.0 56.3882
746.0 56.3882
748.0 56.3882
750.0 56.3882
