380.0 10.9516
382.0 10.962248
384.0 10.97428816
386.0 10.98561112
388.0 10.98014368
390.0 10.9516
392.0 10.9134828
394.0 10.87058192
396.0 10.84447144
398.0 10.86551136
400.0 10.9516
402.0 11.10248128
404.0 11.32524184
406.0 11.591976
408.0 11.85670376
410.0 12.09065
412.0 12.30025192
414.0 12.484824
416.0 12.65551848
418.0 12.83290096
420.0 13.03115
422.0 13.24631968
424.0 13.47530008
426.0 13.72936048
428.0 14.02421768
430.0 14.36875
432.0 14.76110152
434.0 15.20222528
436.0 15.67862824
438.0 16.1687416
440.0 16.6573
442.0 17.14447064
444.0 17.62859824
446.0 18.10319544
448.0 18.56132344
450.0 18.9981
452.0 19.41136824
454.0 19.79868704
456.0 20.16234704
458.0 20.50736424
460.0 20.8373
462.0 21.15136848
464.0 21.44945264
466.0 21.7344116
468.0 22.01009096
470.0 22.2794
472.0 22.54362616
474.0 22.8047424
476.0 23.06259824
478.0 23.31593968
480.0 23.56475
482.0 23.81031664
484.0 24.05242224
486.0 24.29737024
488.0 24.55444024
490.0 24.8292
492.0 25.12034536
494.0 25.42772584
496.0 25.74722832
498.0 26.0719976
500.0 26.3967
502.0 26.72088408
504.0 27.04386432
506.0 27.35990576
508.0 27.6614844
510.0 27.9433
512.0 28.2048008
514.0 28.44536816
516.0 28.66361432
518.0 28.85853608
520.0 29.0301
522.0 29.17912536
524.0 29.30658192
526.0 29.41639888
528.0 29.51417744
530.0 29.60485
532.0 29.6896204
534.0 29.76877288
536.0 29.85160376
538.0 29.95098744
540.0 30.0751
542.0 30.22342312
544.0 30.39667576
546.0 30.5909956
548.0 30.79919304
550.0 31.0156
552.0 31.24227304
554.0 31.4831748
556.0 31.72441096
558.0 31.94508152
560.0 32.13375
562.0 32.29571664
564.0 32.43325536
566.0 32.56126368
568.0 32.7027316
570.0 32.8757
572.0 33.079684
574.0 33.31132288
576.0 33.59889016
578.0 33.98243024
580.0 34.485
582.0 35.10185096
584.0 35.83493936
586.0 36.65430296
588.0 37.51162096
590.0 38.3724
592.0 39.23700792
594.0 40.10205056
596.0 40.9500388
598.0 41.76099224
600.0 42.52105
602.0 43.22516264
604.0 43.8667592
606.0 44.45259456
608.0 44.99704792
610.0 45.50975
612.0 45.9878584
614.0 46.43090496
616.0 46.84260152
618.0 47.22746248
620.0 47.5893
622.0 47.92997
624.0 48.25117792
626.0 48.55658544
628.0 48.85045616
630.0 49.1359
632.0 49.41423784
634.0 49.68710824
636.0 49.95395944
638.0 50.21295224
640.0 50.46305
642.0 50.7057408
644.0 50.94252944
646.0 51.17212848
648.0 51.39228072
650.0 51.6021
652.0 51.802322
654.0 51.99249528
656.0 52.17790336
658.0 52.36657184
660.0 52.5635
662.0 52.76805248
664.0 52.98088136
666.0 53.19880984
668.0 53.41623672
670.0 53.6294
672.0 53.83888488
674.0 54.04450744
676.0 54.2456156
678.0 54.44179136
680.0 54.6326
682.0 54.8166036
684.0 54.991662
686.0 55.1599488
688.0 55.3253932
690.0 55.4895
692.0 55.65148336
694.0 55.8132828
696.0 55.96371264
698.0 56.08555128
700.0 56.16875
702.0 56.21538208
704.0 56.22379224
706.0 56.2064536
708.0 56.18368096
710.0 56.16875
712.0 56.1600556
714.0 56.1589688
716.0 56.163316
718.0 56.1676632
720.0 56.16875
722.0 56.16875
724.0 56.16875
726.0 56.16875
728.0 56.16875
730.0 56.16875
732.0 56.16875
734.0 56.16875
736.0 56.16875
738.0 56.16875
740.0 56.16875
742.0 56.16875
744.0 56.16875
746.0 56.16875
748.0 56.16875
750.0 56.16875
