380.0 11.94435
382.0 11.94999544
384.0 11.95635096
386.0 11.96227368
388.0 11.9593644
390.0 11.94435
392.0 11.92443368
394.0 11.90243608
396.0 11.88927048
398.0 11.90018168
400.0 11.94435
402.0 12.0224324
404.0 12.13903768
406.0 12.28005416
408.0 12.42190664
410.0 12.55045
412.0 12.67014848
414.0 12.78140336
416.0 12.89349424
418.0 13.02188712
420.0 13.17745
422.0 13.35797584
424.0 13.56112384
426.0 13.79645784
428.0 14.07727024
430.0 14.41055
432.0 14.79420712
434.0 15.22911104
436.0 15.69962856
438.0 16.18134848
440.0 16.6573
442.0 17.12751656
444.0 17.58957376
446.0 18.03959256
448.0 18.47498136
450.0 18.8936
452.0 19.29267296
454.0 19.66979256
456.0 20.02643016
458.0 20.36601336
460.0 20.691
462.0 21.0009052
464.0 21.29581256
466.0 21.57767832
468.0 21.84909408
470.0 22.1122
472.0 22.36814976
474.0 22.61841472
476.0 22.86408168
478.0 23.10598664
480.0 23.3453
482.0 23.58267384
484.0 23.81753968
486.0 24.05533152
488.0 24.30399136
490.0 24.56795
492.0 24.84528464
494.0 25.13494192
496.0 25.4321232
498.0 25.72938808
500.0 26.0205
502.0 26.3041548
504.0 26.579366
506.0 26.8369376
508.0 27.0644968
510.0 27.2536
512.0 27.40476552
514.0 27.5189464
516.0 27.59291568
518.0 27.62299496
520.0 27.6089
522.0 27.55357352
524.0 27.45857048
526.0 27.33890544
528.0 27.216398
530.0 27.1073
532.0 27.01259792
534.0 26.93286024
536.0 26.88188096
538.0 26.87738328
540.0 26.92965
542.0 27.03717632
544.0 27.20031336
546.0 27.4064208
548.0 27.63501664
550.0 27.87015
552.0 28.11457968
554.0 28.3749268
556.0 28.62114552
558.0 28.80926224
560.0 28.91515
562.0 28.94812184
564.0 28.91040152
566.0 28.8371512
568.0 28.78321248
570.0 28.78975
572.0 28.8546236
574.0 28.972416
576.0 29.1921168
578.0 29.5816092
580.0 30.1796
582.0 30.97888288
584.0 31.9840224
586.0 33.13872232
588.0 34.35252744
590.0 35.56135
592.0 36.76671152
594.0 37.96311112
596.0 39.12046952
598.0 40.20501232
600.0 41.1939
602.0 42.07877256
604.0 42.84819352
606.0 43.51905008
608.0 44.12377904
610.0 44.6842
612.0 45.19553104
614.0 45.65778888
616.0 46.07749432
618.0 46.46158616
620.0 46.816
622.0 47.14468176
624.0 47.45129312
626.0 47.74001408
628.0 48.01485744
630.0 48.279
632.0 48.53484944
634.0 48.78484688
636.0 49.02865792
638.0 49.26444336
640.0 49.4912
642.0 49.71059984
644.0 49.92418112
646.0 50.13074
648.0 50.32810288
650.0 50.5153
652.0 50.6931172
654.0 50.8614876
656.0 51.024006
658.0 51.1861064
660.0 51.3513
662.0 51.51923568
664.0 51.6902144
666.0 51.86328312
668.0 52.03643544
670.0 52.2082
672.0 52.37889448
674.0 52.54871952
676.0 52.71595296
678.0 52.8781704
680.0 53.03375
682.0 53.18190592
684.0 53.32088256
686.0 53.4531712
688.0 53.58320264
690.0 53.713
692.0 53.84176072
694.0 53.9710732
696.0 54.09177488
698.0 54.18965376
700.0 54.2564
702.0 54.29378592
704.0 54.30052408
706.0 54.28661304
708.0 54.2683548
710.0 54.2564
712.0 54.24944448
714.0 54.24857504
716.0 54.2520528
718.0 54.25553056
720.0 54.2564
722.0 54.2564
724.0 54.2564
726.0 54.2564
728.0 54.2564
730.0 54.2564
732.0 54.2564
734.0 54.2564
736.0 54.2564
738.0 54.2564
740.0 54.2564
742.0 54.2564
744.0 54.2564
746.0 54.2564
748.0 54.2564
750.0 54.2564
