380.0 11.704
382.0 11.71234592
384.0 11.72184112
386.0 11.73088312
388.0 11.72661952
390.0 11.704
392.0 11.67384944
394.0 11.64000552
396.0 11.6194672
398.0 11.63613088
400.0 11.704
402.0 11.82289592
404.0 11.9986064
406.0 12.20817488
408.0 12.41389776
410.0 12.59225
412.0 12.74889968
414.0 12.88399728
416.0 13.00622048
418.0 13.13153688
420.0 13.2715
422.0 13.42355168
424.0 13.58506688
426.0 13.76940488
428.0 13.99554288
430.0 14.2747
432.0 14.60493672
434.0 14.98720608
436.0 15.40960344
438.0 15.8525664
440.0 16.302
442.0 16.758038
444.0 17.21929264
446.0 17.67753768
448.0 18.12299192
450.0 18.54875
452.0 18.95265504
454.0 19.33198168
456.0 19.68815112
458.0 20.02525976
460.0 20.34615
462.0 20.6497852
464.0 20.93596472
466.0 21.20692904
468.0 21.46577136
470.0 21.7151
472.0 21.95623584
474.0 22.19081744
476.0 22.42080104
478.0 22.64819304
480.0 22.87505
482.0 23.10242528
484.0 23.33036904
486.0 23.5642484
488.0 23.81158736
490.0 24.0768
492.0 24.35893328
494.0 24.6579872
496.0 24.96949752
498.0 25.28619104
500.0 25.6025
502.0 25.91793952
504.0 26.23169032
506.0 26.53858592
508.0 26.83202192
510.0 27.1073
512.0 27.36373464
514.0 27.60064032
516.0 27.8167296
518.0 28.01108288
520.0 28.18365
522.0 28.33486568
524.0 28.4650476
526.0 28.57850952
528.0 28.68160504
530.0 28.7793
532.0 28.87274808
534.0 28.96340392
536.0 29.05523016
538.0 29.1529084
540.0 29.26
542.0 29.37734096
544.0 29.50524896
546.0 29.64653296
548.0 29.80462056
550.0 29.98105
552.0 30.17674088
554.0 30.39500376
556.0 30.62488704
558.0 30.84900192
560.0 31.0574
562.0 31.25464584
564.0 31.44316384
566.0 31.63076224
568.0 31.82964664
570.0 32.05015
572.0 32.29235592
574.0 32.55362264
576.0 32.85627136
578.0 33.23248808
580.0 33.70125
582.0 34.258444
584.0 34.90455496
586.0 35.62088992
588.0 36.37685128
590.0 37.14975
592.0 37.93898416
594.0 38.74226312
596.0 39.54186368
598.0 40.31546464
600.0 41.0476
602.0 41.73457464
604.0 42.37072048
606.0 42.96013392
608.0 43.51309776
610.0 44.0363
612.0 44.52673104
614.0 44.98342112
616.0 45.4088448
618.0 45.80626248
620.0 46.17855
622.0 46.5270784
624.0 46.8531184
626.0 47.1603484
628.0 47.4533664
630.0 47.7356
632.0 48.0082196
634.0 48.2726464
636.0 48.5295492
638.0 48.778928
640.0 49.02095
642.0 49.25705312
644.0 49.4889428
646.0 49.71498048
648.0 49.93215656
650.0 50.1391
652.0 50.33679728
654.0 50.52498088
656.0 50.70865008
658.0 50.89541248
660.0 51.09005
662.0 51.29187712
664.0 51.50126168
666.0 51.71591304
668.0 51.9316512
670.0 52.1455
672.0 52.35782728
674.0 52.56863304
676.0 52.775844
678.0 52.97678496
680.0 53.1696
682.0 53.35311872
684.0 53.5251508
686.0 53.68840488
688.0 53.84781336
690.0 54.0056
692.0 54.16082848
694.0 54.31532128
696.0 54.45861168
698.0 54.57448128
700.0 54.6535
702.0 54.69774112
704.0 54.70573328
706.0 54.68931424
708.0 54.667712
710.0 54.6535
712.0 54.64520688
714.0 54.64417024
716.0 54.6483168
718.0 54.65246336
720.0 54.6535
722.0 54.6535
724.0 54.6535
726.0 54.6535
728.0 54.6535
730.0 54.6535
732.0 54.6535
734.0 54.6535
736.0 54.6535
738.0 54.6535
740.0 54.6535
742.0 54.6535
744.0 54.6535
746.0 54.6535
748.0 54.6535
750.0 54.6535
