380.0 14.4837
382.0 14.49090704
384.0 14.4990264
386.0 14.50660416
388.0 14.50289232
390.0 14.4837
392.0 14.45809592
394.0 14.42938696
396.0 14.4119676
398.0 14.42606544
400.0 14.4837
402.0 14.58495632
404.0 14.7348344
406.0 14.91505928
408.0 15.09536776
410.0 15.257
412.0 15.4046376
414.0 15.53821368
416.0 15.66585416
418.0 15.80210544
420.0 15.95715
422.0 16.12849656
424.0 16.31392136
426.0 16.52250336
428.0 16.76694976
430.0 17.0544
432.0 17.38309848
434.0 17.75342976
436.0 18.15477664
438.0 18.57025192
440.0 18.98765
442.0 19.40680368
444.0 19.82644224
446.0 20.2394764
448.0 20.63754616
450.0 21.01495
452.0 21.36979856
454.0 21.6992996
456.0 22.00698104
458.0 22.29986528
460.0 22.58245
462.0 22.8538992
464.0 23.11526624
466.0 23.36467848
468.0 23.59854112
470.0 23.81555
472.0 24.01757776
474.0 24.20485848
476.0 24.3851168
478.0 24.56980592
480.0 24.7665
482.0 24.97506528
484.0 25.1967892
486.0 25.42996632
488.0 25.67058384
490.0 25.916
492.0 26.16626496
494.0 26.41970672
496.0 26.67824808
498.0 26.94548384
500.0 27.22225
502.0 27.50642312
504.0 27.79823728
506.0 28.08553704
508.0 28.3502648
510.0 28.58075
512.0 28.77811288
514.0 28.94151744
516.0 29.07399
518.0 29.18196776
520.0 29.27045
522.0 29.33955376
524.0 29.3903324
526.0 29.42798584
528.0 29.45928568
530.0 29.4899
532.0 29.52126672
534.0 29.55380384
536.0 29.59603856
538.0 29.65950768
540.0 29.75115
542.0 29.87009608
544.0 30.01679736
546.0 30.18490024
548.0 30.36378752
550.0 30.54535
552.0 30.73196192
554.0 30.92835504
556.0 31.11814376
558.0 31.27691688
560.0 31.3918
562.0 31.4696316
564.0 31.51348816
566.0 31.54405232
568.0 31.59284128
570.0 31.6844
572.0 31.81876192
574.0 31.99281712
576.0 32.24144352
578.0 32.61337992
580.0 33.13695
582.0 33.80630176
584.0 34.62253872
586.0 35.55288968
588.0 36.54426864
590.0 37.5573
592.0 38.59116448
594.0 39.64276888
596.0 40.68016128
598.0 41.66262848
600.0 42.56285
602.0 43.37582656
604.0 44.09229528
606.0 44.7249132
608.0 45.29959632
610.0 45.8337
612.0 46.32240888
614.0 46.7649204
616.0 47.16755472
618.0 47.53783584
620.0 47.8819
622.0 48.20255616
624.0 48.50239592
626.0 48.78610088
628.0 49.05877064
630.0 49.324
632.0 49.58369504
634.0 49.84038048
636.0 50.09138112
638.0 50.33134656
640.0 50.5571
642.0 50.770698
644.0 50.97361192
646.0 51.16582504
648.0 51.34725376
650.0 51.5185
652.0 51.67999848
654.0 51.83111384
656.0 51.9779656
658.0 52.12966616
660.0 52.2918
662.0 52.46386552
664.0 52.6471
666.0 52.83635368
668.0 53.02284856
670.0 53.20095
672.0 53.37161104
674.0 53.53424648
676.0 53.69044472
678.0 53.84346616
680.0 53.99515
682.0 54.1438744
684.0 54.28826832
686.0 54.42831504
688.0 54.56418176
690.0 54.6953
692.0 54.82151928
694.0 54.94421064
696.0 55.056034
698.0 55.14587056
700.0 55.20735
702.0 55.24180992
704.0 55.2480632
706.0 55.23533928
708.0 55.21851896
710.0 55.20735
712.0 55.20079576
714.0 55.19997648
716.0 55.2032536
718.0 55.20653072
720.0 55.20735
722.0 55.20735
724.0 55.20735
726.0 55.20735
728.0 55.20735
730.0 55.20735
732.0 55.20735
734.0 55.20735
736.0 55.20735
738.0 55.20735
740.0 55.20735
742.0 55.20735
744.0 55.20735
746.0 55.20735
748.0 55.20735
750.0 55.20735
