380.0 16.2602
382.0 16.26621312
384.0 16.27308656
386.0 16.279694
388.0 16.27663424
390.0 16.2602
392.0 16.23842904
394.0 16.2143416
396.0 16.19992136
398.0 16.21191872
400.0 16.2602
402.0 16.34517104
404.0 16.47175816
406.0 16.62292368
408.0 16.770578
410.0 16.89765
412.0 17.00903864
414.0 17.10512848
416.0 17.19553352
418.0 17.29663936
420.0 17.42015
422.0 17.56434328
424.0 17.72781472
426.0 17.92071336
428.0 18.1568332
430.0 18.44425
432.0 18.78142552
434.0 19.16844336
436.0 19.596676
438.0 20.05207864
440.0 20.5238
442.0 21.01070312
444.0 21.5110324
446.0 22.01428768
448.0 22.50700936
450.0 22.97955
452.0 23.4299032
454.0 23.85557768
456.0 24.25500176
458.0 24.62817544
460.0 24.9755
462.0 25.29580504
464.0 25.58775296
466.0 25.85746328
468.0 26.1144664
470.0 26.36535
472.0 26.610716
474.0 26.85280488
476.0 27.09088096
478.0 27.32226904
480.0 27.5462
482.0 27.76461336
484.0 27.97754256
486.0 28.19214376
488.0 28.41895056
490.0 28.66435
492.0 28.9265196
494.0 29.20445616
496.0 29.49526712
498.0 29.79402008
500.0 30.096
502.0 30.40001976
504.0 30.70571152
506.0 31.00178928
508.0 31.27236904
510.0 31.50675
512.0 31.70514952
514.0 31.86696568
516.0 31.99157984
518.0 32.0799116
520.0 32.13375
522.0 32.15419856
524.0 32.14247784
526.0 32.10684752
528.0 32.0590116
530.0 32.00835
532.0 31.95661832
534.0 31.90486992
536.0 31.86449112
538.0 31.85052992
540.0 31.8725
542.0 31.929766
544.0 32.02257872
546.0 32.14665784
548.0 32.29406136
550.0 32.4577
552.0 32.63964704
554.0 32.84572104
556.0 33.05187864
558.0 33.22192104
560.0 33.3355
562.0 33.40050736
564.0 33.41946784
566.0 33.41602352
568.0 33.4272928
570.0 33.4818
572.0 33.57847504
574.0 33.71313792
576.0 33.9250472
578.0 34.26921168
580.0 34.7776
582.0 35.44425984
584.0 36.2718664
586.0 37.22136176
588.0 38.22937712
590.0 39.2502
592.0 40.28423168
594.0 41.32762656
596.0 42.35262944
598.0 43.32580032
600.0 44.2244
602.0 45.04199128
604.0 45.76877624
606.0 46.4169772
608.0 47.01142336
610.0 47.5684
612.0 48.08317536
614.0 48.5553816
616.0 48.98771064
618.0 49.38233608
620.0 49.742
622.0 50.0697956
624.0 50.36786304
626.0 50.64260608
628.0 50.90230112
630.0 51.15275
632.0 51.39547424
634.0 51.63293168
636.0 51.86370112
638.0 52.08402056
640.0 52.2918
642.0 52.48924648
644.0 52.67804872
646.0 52.85807296
648.0 53.0288176
650.0 53.1905
652.0 53.34385584
654.0 53.48883496
656.0 53.62971768
658.0 53.772774
660.0 53.922
662.0 54.07704456
664.0 54.23832568
666.0 54.4041212
668.0 54.57117072
670.0 54.7371
672.0 54.90219328
674.0 55.066484
676.0 55.22784872
678.0 55.38344504
680.0 55.5313
682.0 55.6706612
684.0 55.80009072
686.0 55.92107664
688.0 56.03654496
690.0 56.14785
692.0 56.25440656
694.0 56.35730144
696.0 56.45066592
698.0 56.5253876
700.0 56.5763
702.0 56.60474072
704.0 56.60992392
706.0 56.59947392
708.0 56.58559632
710.0 56.5763
712.0 56.57081584
714.0 56.57013032
716.0 56.5728724
718.0 56.57561448
720.0 56.5763
722.0 56.5763
724.0 56.5763
726.0 56.5763
728.0 56.5763
730.0 56.5763
732.0 56.5763
734.0 56.5763
736.0 56.5763
738.0 56.5763
740.0 56.5763
742.0 56.5763
744.0 56.5763
746.0 56.5763
748.0 56.5763
750.0 56.5763
