380.0 11.5577
382.0 11.56386032
384.0 11.57083424
386.0 11.57740856
388.0 11.57424848
390.0 11.5577
392.0 11.53565432
394.0 11.51098496
396.0 11.49605
398.0 11.50820144
400.0 11.5577
402.0 11.64462728
404.0 11.773388
406.0 11.92773032
408.0 12.08081864
410.0 12.21605
412.0 12.33787192
414.0 12.44680272
416.0 12.54946352
418.0 12.65772552
420.0 12.78035
422.0 12.91563152
424.0 13.06142992
426.0 13.22921512
428.0 13.43537272
430.0 13.6895
432.0 13.98985808
434.0 14.33741672
436.0 14.72100696
438.0 15.122404
440.0 15.5287
442.0 15.940012
444.0 16.35463456
446.0 16.76733432
448.0 17.17267728
450.0 17.56645
452.0 17.94626152
454.0 18.30983792
456.0 18.65652712
458.0 18.98683072
460.0 19.30115
462.0 19.59878272
464.0 19.87942792
466.0 20.14469072
468.0 20.39707912
470.0 20.63875
472.0 20.87077344
474.0 21.09463752
476.0 21.312148
478.0 21.52522768
480.0 21.736
482.0 21.94551832
484.0 22.1536656
486.0 22.36707968
488.0 22.59520736
490.0 22.8437
492.0 23.11152096
494.0 23.39887088
496.0 23.7007672
498.0 24.00893352
500.0 24.31715
502.0 24.62514912
504.0 24.9321952
506.0 25.23297128
508.0 25.52070576
510.0 25.7906
512.0 26.04183472
514.0 26.27345688
516.0 26.48468064
518.0 26.6754224
520.0 26.84605
522.0 26.99701488
524.0 27.12915304
526.0 27.2449892
528.0 27.34803456
530.0 27.4417
532.0 27.52742344
534.0 27.605974
536.0 27.68477536
538.0 27.77402672
540.0 27.8806
542.0 28.0045788
544.0 28.14658176
546.0 28.30655872
548.0 28.48317208
550.0 28.6748
552.0 28.88298072
554.0 29.11120872
556.0 29.34788032
558.0 29.57502152
560.0 29.7825
562.0 29.97508096
564.0 30.15537272
566.0 30.33265488
568.0 30.52130664
570.0 30.73345
572.0 30.96913512
574.0 31.22516848
576.0 31.52751624
578.0 31.9136312
580.0 32.40545
582.0 32.99830776
584.0 33.69334144
586.0 34.46679192
588.0 35.2799524
590.0 36.10475
592.0 36.94113456
594.0 37.78638072
596.0 38.62284888
598.0 39.42922104
600.0 40.1907
602.0 40.90300544
604.0 41.56013488
606.0 42.16710432
608.0 42.73561776
610.0 43.27345
612.0 43.7777252
614.0 44.24765752
616.0 44.68665784
618.0 45.09915696
620.0 45.48885
622.0 45.85722504
624.0 46.20566984
626.0 46.53797984
628.0 46.85875304
630.0 47.1713
632.0 47.47684128
634.0 47.77701544
636.0 48.0711704
638.0 48.35729976
640.0 48.6343
642.0 48.9036592
644.0 49.1667484
646.0 49.4228152
648.0 49.6704384
650.0 49.9092
652.0 50.13975208
654.0 50.3618104
656.0 50.57977232
658.0 50.80024224
660.0 51.02735
662.0 51.2605104
664.0 51.50004112
666.0 51.74375184
668.0 51.98771336
670.0 52.2291
672.0 52.46832976
674.0 52.70565344
676.0 52.93854632
678.0 53.1635808
680.0 53.3786
682.0 53.5823332
684.0 53.77178752
686.0 53.95238024
688.0 54.13330736
690.0 54.3191
692.0 54.50830352
694.0 54.70360984
696.0 54.88938576
698.0 55.04122008
700.0 55.14465
702.0 55.20261824
704.0 55.21300136
706.0 55.19128208
708.0 55.1629584
710.0 55.14465
712.0 55.13408296
714.0 55.13276208
716.0 55.1380456
718.0 55.14332912
720.0 55.14465
722.0 55.14465
724.0 55.14465
726.0 55.14465
728.0 55.14465
730.0 55.14465
732.0 55.14465
734.0 55.14465
736.0 55.14465
738.0 55.14465
740.0 55.14465
742.0 55.14465
744.0 55.14465
746.0 55.14465
748.0 55.14465
750.0 55.14465
