380.0 12.84305
382.0 12.84993192
384.0 12.85777352
386.0 12.86526392
388.0 12.86175272
390.0 12.84305
392.0 12.8182244
394.0 12.79064312
396.0 12.77406344
398.0 12.78774696
400.0 12.84305
402.0 12.94029352
404.0 13.08485464
406.0 13.25767256
408.0 13.42731368
410.0 13.57455
412.0 13.70508304
414.0 13.82004976
416.0 13.92816128
418.0 14.0445492
420.0 14.18065
422.0 14.33502576
424.0 14.50550288
426.0 14.7078316
428.0 14.96433312
430.0 15.28835
432.0 15.67722376
434.0 16.1309544
436.0 16.63835624
438.0 17.18087008
440.0 17.7441
442.0 18.32709296
444.0 18.92849464
446.0 19.53240432
448.0 20.1177548
450.0 20.6701
452.0 21.18740008
454.0 21.66587632
456.0 22.10773576
458.0 22.5196664
460.0 22.9064
462.0 23.26591344
464.0 23.59715336
466.0 23.90565408
468.0 24.1994412
470.0 24.48435
472.0 24.7615676
474.0 25.03325088
476.0 25.30041976
478.0 25.56307424
480.0 25.82195
482.0 26.07853512
484.0 26.33296336
486.0 26.590234
488.0 26.85745304
490.0 27.13865
492.0 27.4324204
494.0 27.7381456
496.0 28.0514784
498.0 28.3655636
500.0 28.6748
502.0 28.97815096
504.0 29.27463
506.0 29.55698064
508.0 29.81558888
510.0 30.04375
512.0 30.24133024
514.0 30.40844664
516.0 30.54245744
518.0 30.64052024
520.0 30.7021
522.0 30.7290192
524.0 30.72244824
526.0 30.69163328
528.0 30.65003392
530.0 30.60805
532.0 30.56721976
534.0 30.52894768
536.0 30.503132
538.0 30.50239632
540.0 30.5349
542.0 30.60076008
544.0 30.7006788
546.0 30.83152952
548.0 30.98712584
550.0 31.1619
552.0 31.35779152
554.0 31.57983312
556.0 31.80806112
558.0 32.01229592
560.0 32.17555
562.0 32.30497952
564.0 32.40379472
566.0 32.48981912
568.0 32.59089152
570.0 32.7294
572.0 32.90475936
574.0 33.11197032
576.0 33.39107728
578.0 33.79934624
580.0 34.37005
582.0 35.09626648
584.0 35.98033648
586.0 36.98270048
588.0 38.03923728
590.0 39.1039
592.0 40.17712336
594.0 41.25466048
596.0 42.3106288
598.0 43.31451432
600.0 44.2453
602.0 45.09641488
604.0 45.85878
606.0 46.54197592
608.0 47.16648464
610.0 47.74605
612.0 48.27662576
614.0 48.75754312
616.0 49.19431968
618.0 49.59372704
620.0 49.96145
622.0 50.30021392
624.0 50.61259368
626.0 50.90382264
628.0 51.17992
630.0 51.44535
632.0 51.70211904
634.0 51.95258464
636.0 52.19644584
638.0 52.43177984
640.0 52.65755
642.0 52.87571256
644.0 53.08820704
646.0 53.29334472
648.0 53.488116
650.0 53.6712
652.0 53.84363336
654.0 54.00519872
656.0 54.16124648
658.0 54.31988584
660.0 54.4863
662.0 54.65987032
664.0 54.84099808
666.0 55.02789424
668.0 55.2170476
670.0 55.4059
672.0 55.59485272
674.0 55.78405624
676.0 55.97100256
678.0 56.15226408
680.0 56.3255
682.0 56.48975728
684.0 56.64306296
686.0 56.78784144
688.0 56.92860712
690.0 57.06745
692.0 57.2034672
694.0 57.33818024
696.0 57.46269408
698.0 57.56321472
700.0 57.63175
702.0 57.67010568
704.0 57.67704448
706.0 57.66283248
708.0 57.64410608
710.0 57.63175
712.0 57.62452696
714.0 57.62362408
716.0 57.6272356
718.0 57.63084712
720.0 57.63175
722.0 57.63175
724.0 57.63175
726.0 57.63175
728.0 57.63175
730.0 57.63175
732.0 57.63175
734.0 57.63175
736.0 57.63175
738.0 57.63175
740.0 57.63175
742.0 57.63175
744.0 57.63175
746.0 57.63175
748.0 57.63175
750.0 57.63175
