380.0 19.48925
382.0 19.49302248
384.0 19.49750456
386.0 19.50213824
388.0 19.50028232
390.0 19.48925
392.0 19.47502104
394.0 19.46019664
396.0 19.45186184
398.0 19.45966184
400.0 19.48925
402.0 19.54210192
404.0 19.62337784
406.0 19.71945096
408.0 19.80783288
410.0 19.8759
412.0 19.92853456
414.0 19.96565296
416.0 20.00377456
418.0 20.06898256
420.0 20.17895
422.0 20.3307676
424.0 20.52251256
426.0 20.76157512
428.0 21.05690048
430.0 21.41205
432.0 21.82533496
434.0 22.29814312
436.0 22.80915648
438.0 23.32585464
440.0 23.826
442.0 24.3097096
444.0 24.77367288
446.0 25.21606736
448.0 25.63839784
450.0 26.0414
452.0 26.42157936
454.0 26.77612696
456.0 27.10893856
458.0 27.42678576
460.0 27.7343
462.0 28.03119704
464.0 28.31829616
466.0 28.59611568
468.0 28.864572
470.0 29.12415
472.0 29.37682264
474.0 29.62464648
476.0 29.86845752
478.0 30.10875736
480.0 30.3468
482.0 30.58325424
484.0 30.81689952
486.0 31.056564
488.0 31.31537288
490.0 31.6008
492.0 31.90963512
494.0 32.239922
496.0 32.58534048
498.0 32.93602576
500.0 33.28325
502.0 33.62504024
504.0 33.96056048
506.0 34.27325792
508.0 34.54022616
510.0 34.74625
512.0 34.8922992
514.0 34.97867472
516.0 35.00460744
518.0 34.97126776
520.0 34.8821
522.0 34.73977936
524.0 34.54581064
526.0 34.31999032
528.0 34.0907424
530.0 33.8789
532.0 33.68615184
534.0 33.51450432
536.0 33.3772164
538.0 33.29008848
540.0 33.26235
542.0 33.29331544
544.0 33.3833192
546.0 33.52097496
548.0 33.68772352
550.0 33.86845
552.0 34.06584632
554.0 34.28767056
556.0 34.498794
558.0 34.64730104
560.0 34.70445
562.0 34.6827976
564.0 34.588246
566.0 34.4551548
568.0 34.3367772
570.0 34.276
572.0 34.27277304
574.0 34.3192212
576.0 34.48973176
578.0 34.89005872
580.0 35.58225
582.0 36.55438424
584.0 37.81065816
586.0 39.28270368
588.0 40.8589148
590.0 42.45835
592.0 44.08212952
594.0 45.72475248
596.0 47.33176184
598.0 48.8356924
600.0 50.19135
602.0 51.38881968
604.0 52.41113064
606.0 53.2832124
608.0 54.05447256
610.0 54.758
612.0 55.38535112
614.0 55.935506
616.0 56.41928248
618.0 56.84896976
620.0 57.23465
622.0 57.58199128
624.0 57.89666168
626.0 58.18432928
628.0 58.44992648
630.0 58.69765
632.0 58.9315628
634.0 59.15559408
636.0 59.36992776
638.0 59.57280824
640.0 59.76355
642.0 59.94466104
644.0 60.11823136
646.0 60.28402688
648.0 60.4410444
650.0 60.5891
652.0 60.72909656
654.0 60.86111768
656.0 60.9885408
658.0 61.11629832
660.0 61.24745
662.0 61.38184536
664.0 61.5202368
666.0 61.65996584
668.0 61.79643448
670.0 61.9267
672.0 62.05119712
674.0 62.16942424
676.0 62.28255176
678.0 62.39283688
680.0 62.50145
682.0 62.60752168
684.0 62.71075096
686.0 62.80929864
688.0 62.90040592
690.0 62.98215
692.0 63.05484856
694.0 63.11895304
696.0 63.17294192
698.0 63.2147252
700.0 63.2434
702.0 63.25940104
704.0 63.26239392
706.0 63.2566924
708.0 63.24890088
710.0 63.2434
712.0 63.240056
714.0 63.239638
716.0 63.24131
718.0 63.242982
720.0 63.2434
722.0 63.2434
724.0 63.2434
726.0 63.2434
728.0 63.2434
730.0 63.2434
732.0 63.2434
734.0 63.2434
736.0 63.2434
738.0 63.2434
740.0 63.2434
742.0 63.2434
744.0 63.2434
746.0 63.2434
748.0 63.2434
750.0 63.2434
