380.0 9.47815
382.0 9.48413816
384.0 9.4909492
386.0 9.49743184
388.0 9.49437208
390.0 9.47815
392.0 9.45654528
394.0 9.43234904
396.0 9.4176952
398.0 9.42962616
400.0 9.47815
402.0 9.56323808
404.0 9.6891564
406.0 9.83948592
408.0 9.98722384
410.0 10.1156
412.0 10.22867736
414.0 10.32637232
416.0 10.41579088
418.0 10.50972384
420.0 10.6172
422.0 10.73631328
424.0 10.86555888
426.0 11.01286208
428.0 11.18917448
430.0 11.40095
432.0 11.64700152
434.0 11.92752968
436.0 12.23589664
438.0 12.5612344
440.0 12.8953
442.0 13.23779248
444.0 13.58812664
446.0 13.93821
448.0 14.27742536
450.0 14.59865
452.0 14.90089744
454.0 15.1820944
456.0 15.44489936
458.0 15.69499712
460.0 15.93625
462.0 16.1674876
464.0 16.38832536
466.0 16.60097032
468.0 16.80834848
470.0 17.0126
472.0 17.21459432
474.0 17.41573592
476.0 17.61545632
478.0 17.81216712
480.0 18.00535
482.0 18.19599144
484.0 18.38407472
486.0 18.5734956
488.0 18.77002248
490.0 18.9772
492.0 19.19410856
494.0 19.42028
496.0 19.65439344
498.0 19.89410808
500.0 20.13715
502.0 20.38283368
504.0 20.63075784
506.0 20.8755888
508.0 21.10988616
510.0 21.32845
512.0 21.53121344
514.0 21.718026
516.0 21.88694816
518.0 22.03597352
520.0 22.16445
522.0 22.27318016
524.0 22.36271576
526.0 22.43787216
528.0 22.50575536
530.0 22.572
532.0 22.63744208
534.0 22.70263336
536.0 22.77426184
538.0 22.86118912
540.0 22.9691
542.0 23.0976768
544.0 23.24701984
546.0 23.41534008
548.0 23.59904272
550.0 23.79465
552.0 24.00344936
554.0 24.22918608
556.0 24.4570964
558.0 24.66477552
560.0 24.83965
562.0 24.987204
564.0 25.1100124
566.0 25.221284
568.0 25.3415844
570.0 25.48755
572.0 25.65933128
574.0 25.854136
576.0 26.10093992
578.0 26.44087424
580.0 26.8983
582.0 27.46890344
584.0 28.15440672
586.0 28.9298636
588.0 29.75422648
590.0 30.5976
592.0 31.46003432
594.0 32.3388208
596.0 33.21384528
598.0 34.06036216
600.0 34.8612
602.0 35.61172736
604.0 36.30520608
606.0 36.9469364
608.0 37.54962552
610.0 38.1216
612.0 38.65944896
614.0 39.1621692
616.0 39.63287064
618.0 40.07556608
620.0 40.49375
622.0 40.88894392
624.0 41.26240184
626.0 41.61872176
628.0 41.96375568
630.0 42.3016
632.0 42.6333248
634.0 42.96058536
636.0 43.28241192
638.0 43.59621288
640.0 43.90045
642.0 44.19676184
644.0 44.48675352
646.0 44.7688868
648.0 45.04057008
650.0 45.30075
652.0 45.55032944
654.0 45.7890576
656.0 46.02235176
658.0 46.25840472
660.0 46.5025
662.0 46.75390192
664.0 47.01267736
666.0 47.27789
668.0 47.54736624
670.0 47.8192
672.0 48.09360864
674.0 48.3711272
676.0 48.64689016
678.0 48.91379152
680.0 49.16725
682.0 49.4060952
684.0 49.62684936
686.0 49.83556512
688.0 50.04285968
690.0 50.25405
692.0 50.46726344
694.0 50.68527552
696.0 50.8913328
698.0 51.05926848
700.0 51.17365
702.0 51.23772104
704.0 51.2492244
706.0 51.22528136
708.0 51.19398152
710.0 51.17365
712.0 51.16187912
714.0 51.16040776
716.0 51.1662932
718.0 51.17217864
720.0 51.17365
722.0 51.17365
724.0 51.17365
726.0 51.17365
728.0 51.17365
730.0 51.17365
732.0 51.17365
734.0 51.17365
736.0 51.17365
738.0 51.17365
740.0 51.17365
742.0 51.17365
744.0 51.17365
746.0 51.17365
748.0 51.17365
750.0 51.17365
