380.0 15.8422
382.0 15.84549568
384.0 15.8493208
386.0 15.85310872
388.0 15.85145344
390.0 15.8422
392.0 15.83011344
394.0 15.81717032
396.0 15.8096704
398.0 15.81629888
400.0 15.8422
402.0 15.88821344
404.0 15.957986
406.0 16.04121816
408.0 16.12085552
410.0 16.18705
412.0 16.24483432
414.0 16.29736856
416.0 16.3501536
418.0 16.41171664
420.0 16.4901
422.0 16.58655768
424.0 16.6997688
426.0 16.85101792
428.0 17.07090264
430.0 17.37835
432.0 17.7699324
434.0 18.24504792
436.0 18.79448384
438.0 19.40193816
440.0 20.05355
442.0 20.74743
444.0 21.48222384
446.0 22.23423928
448.0 22.97078872
450.0 23.66925
452.0 24.32716528
454.0 24.93936808
456.0 25.50600888
458.0 26.03235448
460.0 26.5221
462.0 26.97173424
464.0 27.37856528
466.0 27.75045152
468.0 28.09959856
470.0 28.43445
472.0 28.75574152
474.0 29.06623192
476.0 29.36518552
478.0 29.64950912
480.0 29.91835
482.0 30.1739988
484.0 30.41637192
486.0 30.65414704
488.0 30.90011496
490.0 31.1619
492.0 31.43739544
494.0 31.72589904
496.0 32.02209384
498.0 32.31720184
500.0 32.604
502.0 32.88145168
504.0 33.14868744
506.0 33.395274
508.0 33.60708296
510.0 33.7744
512.0 33.89755952
514.0 33.9772136
516.0 34.00971728
518.0 33.99105776
520.0 33.9207
522.0 33.8016536
524.0 33.63585808
526.0 33.43762576
528.0 33.22768944
530.0 33.022
532.0 32.82259728
534.0 32.63105296
536.0 32.46291664
538.0 32.33825232
540.0 32.2696
542.0 32.25659184
544.0 32.30039824
546.0 32.39269264
548.0 32.51876144
550.0 32.6667
552.0 32.8395848
554.0 33.04443824
556.0 33.25230128
558.0 33.42003632
560.0 33.5236
562.0 33.57235552
564.0 33.56914528
566.0 33.54419904
568.0 33.5448344
570.0 33.6072
572.0 33.72949008
574.0 33.90585264
576.0 34.1853776
578.0 34.63695136
580.0 35.3001
582.0 36.16659728
584.0 37.2394528
586.0 38.46629952
588.0 39.76286864
590.0 41.0685
592.0 42.38312672
594.0 43.70066272
596.0 44.98693232
598.0 46.20180752
600.0 47.3176
602.0 48.32566552
604.0 49.21433352
606.0 49.99549192
608.0 50.69497312
610.0 51.3304
612.0 51.89677328
614.0 52.39305632
616.0 52.82889656
618.0 53.216834
620.0 53.5667
622.0 53.88193888
624.0 54.16632936
626.0 54.42589064
628.0 54.66680912
630.0 54.89385
632.0 55.11024024
634.0 55.31957464
636.0 55.52079984
638.0 55.71040464
640.0 55.8866
642.0 56.05192736
644.0 56.20824264
646.0 56.35611432
648.0 56.4959604
650.0 56.62855
652.0 56.7547024
654.0 56.87468512
656.0 56.99182544
658.0 57.11080496
660.0 57.23465
662.0 57.36329368
664.0 57.49718744
666.0 57.635094
668.0 57.77458896
670.0 57.9139
672.0 58.05316088
674.0 58.1922044
676.0 58.32965952
678.0 58.46377064
680.0 58.59315
682.0 58.71707864
684.0 58.83460352
686.0 58.9454404
688.0 59.04967288
690.0 59.147
692.0 59.23713752
694.0 59.3207208
696.0 59.39418848
698.0 59.45219016
700.0 59.49185
702.0 59.514004
704.0 59.51808368
706.0 59.51004136
708.0 59.49924024
710.0 59.49185
712.0 59.48743592
714.0 59.48688416
716.0 59.4890912
718.0 59.49129824
720.0 59.49185
722.0 59.49185
724.0 59.49185
726.0 59.49185
728.0 59.49185
730.0 59.49185
732.0 59.49185
734.0 59.49185
736.0 59.49185
738.0 59.49185
740.0 59.49185
742.0 59.49185
744.0 59.49185
746.0 59.49185
748.0 59.49185
750.0 59.49185
