380.0 8.53765
382.0 8.54467912
384.0 8.5526212
386.0 8.56007848
388.0 8.55646696
390.0 8.53765
392.0 8.51249952
394.0 8.48413568
396.0 8.46684064
398.0 8.4807284
400.0 8.53765
402.0 8.63735136
404.0 8.78438704
406.0 8.96043192
408.0 9.1353064
410.0 9.29005
412.0 9.42887616
414.0 9.55148392
416.0 9.66439408
418.0 9.77989584
420.0 9.9066
422.0 10.0421992
424.0 10.18480408
426.0 10.34237336
428.0 10.52610944
430.0 10.7426
432.0 10.99074152
434.0 11.27116936
436.0 11.5764264
438.0 11.89430704
440.0 12.21605
442.0 12.54178904
444.0 12.8707216
446.0 13.19789856
448.0 13.51746792
450.0 13.82535
452.0 14.12027408
454.0 14.40056816
456.0 14.66756984
458.0 14.92445592
460.0 15.1734
462.0 15.41363296
464.0 15.64485384
466.0 15.86863432
468.0 16.087148
470.0 16.302
472.0 16.51405976
474.0 16.72486552
476.0 16.93341408
478.0 17.13753184
480.0 17.33655
482.0 17.53155536
484.0 17.72218008
486.0 17.9147276
488.0 18.11864472
490.0 18.33975
492.0 18.57678944
494.0 18.8295624
496.0 19.09520976
498.0 19.36871552
500.0 19.646
502.0 19.92654488
504.0 20.20968136
506.0 20.48997544
508.0 20.76015392
510.0 21.01495
512.0 21.25377848
514.0 21.47612104
516.0 21.6793192
518.0 21.86044696
520.0 22.01815
522.0 22.15319744
524.0 22.2662748
526.0 22.36129456
528.0 22.44410872
530.0 22.51975
532.0 22.58917144
534.0 22.65255696
536.0 22.71895208
538.0 22.8008968
540.0 22.9064
542.0 23.03499352
544.0 23.18736288
546.0 23.36013064
548.0 23.5468596
550.0 23.7424
552.0 23.94849072
554.0 24.16854264
556.0 24.38968136
558.0 24.59259528
560.0 24.7665
562.0 24.91602696
564.0 25.04326616
566.0 25.16030616
568.0 25.28595696
570.0 25.4353
572.0 25.60841888
574.0 25.80293936
576.0 26.04402504
578.0 26.36728952
580.0 26.7938
582.0 27.31977776
584.0 27.94659384
586.0 28.65257912
588.0 29.40212
590.0 30.16915
592.0 30.95358552
594.0 31.75313592
596.0 32.54925872
598.0 33.31888032
600.0 34.0461
602.0 34.72692168
604.0 35.35520912
606.0 35.93642976
608.0 36.4831236
610.0 37.00345
612.0 37.49421544
614.0 37.95461736
616.0 38.38684608
618.0 38.7934932
620.0 39.17705
622.0 39.53902128
624.0 39.88052728
626.0 40.20581488
628.0 40.52040168
630.0 40.82815
632.0 41.12996272
634.0 41.42729448
636.0 41.71944304
638.0 42.0043184
640.0 42.2807
642.0 42.55007592
644.0 42.81393424
646.0 43.07085376
648.0 43.31841008
650.0 43.5556
652.0 43.78317592
654.0 44.00073656
656.0 44.2134484
658.0 44.42916984
660.0 44.65285
662.0 44.88371976
664.0 45.1220132
666.0 45.36565704
668.0 45.61080568
670.0 45.8546
672.0 46.09744128
674.0 46.33968064
676.0 46.5779072
678.0 46.80735576
680.0 47.025
682.0 47.22968624
684.0 47.4184216
686.0 47.59670696
688.0 47.77398912
690.0 47.95505
692.0 48.1383848
694.0 48.32653496
696.0 48.50482032
698.0 48.65025088
700.0 48.74925
702.0 48.80469352
704.0 48.81464192
706.0 48.79390912
708.0 48.76682272
710.0 48.74925
712.0 48.73908424
714.0 48.73781352
716.0 48.7428964
718.0 48.74797928
720.0 48.74925
722.0 48.74925
724.0 48.74925
726.0 48.74925
728.0 48.74925
730.0 48.74925
732.0 48.74925
734.0 48.74925
736.0 48.74925
738.0 48.74925
740.0 48.74925
742.0 48.74925
744.0 48.74925
746.0 48.74925
748.0 48.74925
750.0 48.74925
