380.0 16.08255
382.0 16.08951064
384.0 16.09754904
386.0 16.10543304
388.0 16.10192184
390.0 16.08255
392.0 16.05699432
394.0 16.02893304
396.0 16.01226696
398.0 16.02636568
400.0 16.08255
402.0 16.18148224
404.0 16.32938736
406.0 16.50504768
408.0 16.673602
410.0 16.81405
412.0 16.93297936
414.0 17.03156048
416.0 17.1221996
418.0 17.22571312
420.0 17.35745
422.0 17.51555432
424.0 17.6976184
426.0 17.92114808
428.0 18.21055456
430.0 18.5801
432.0 19.02687512
434.0 19.55126448
436.0 20.13768504
438.0 20.760806
440.0 21.4016
442.0 22.059114
444.0 22.73120784
446.0 23.40171328
448.0 24.05006472
450.0 24.662
452.0 25.23444264
454.0 25.76266088
456.0 26.24949712
458.0 26.70289336
460.0 27.1282
462.0 27.52307624
464.0 27.88671952
466.0 28.2227748
468.0 28.53634168
470.0 28.83155
472.0 29.10998816
474.0 29.3736124
476.0 29.62544904
478.0 29.86875848
480.0 30.10645
482.0 30.33974416
484.0 30.56887504
486.0 30.79900912
488.0 31.0371688
490.0 31.2873
492.0 31.54816544
494.0 31.81926352
496.0 32.095712
498.0 32.36981968
500.0 32.63535
502.0 32.89129976
504.0 33.1367828
506.0 33.36370664
508.0 33.56128688
510.0 33.72215
512.0 33.8465468
514.0 33.93502904
516.0 33.98513888
518.0 33.99428472
520.0 33.9625
522.0 33.892276
524.0 33.78525128
526.0 33.65314656
528.0 33.51284904
530.0 33.3773
532.0 33.24807112
534.0 33.12629936
536.0 33.0244244
538.0 32.95849744
540.0 32.9384
542.0 32.96359704
544.0 33.0348744
546.0 33.14460776
548.0 33.27967192
550.0 33.42955
552.0 33.59680016
554.0 33.78732456
556.0 33.97676216
558.0 34.12891416
560.0 34.22375
562.0 34.26983032
564.0 34.27069976
566.0 34.2511708
568.0 34.24978304
570.0 34.2969
572.0 34.39208696
574.0 34.5303948
576.0 34.75924144
578.0 35.14559048
580.0 35.72855
582.0 36.50054584
584.0 37.46420304
586.0 38.57466184
588.0 39.75893944
590.0 40.964
592.0 42.1897432
594.0 43.43132024
596.0 44.65425448
598.0 45.81649512
600.0 46.88915
602.0 47.86462824
604.0 48.73176088
606.0 49.50158312
608.0 50.19858976
610.0 50.83925
612.0 51.41818
614.0 51.93392512
616.0 52.39457784
618.0 52.81067176
620.0 53.1905
622.0 53.5371056
624.0 53.85389944
626.0 54.14586408
628.0 54.41801552
630.0 54.6744
632.0 54.91796024
634.0 55.15173928
636.0 55.37607152
638.0 55.58978656
640.0 55.79255
642.0 55.98651872
644.0 56.17353192
646.0 56.35360632
648.0 56.52615672
650.0 56.69125
652.0 56.8498392
654.0 57.00225872
656.0 57.15133424
658.0 57.30107856
660.0 57.4541
662.0 57.61033168
664.0 57.77014144
666.0 57.9326264
668.0 58.09594736
670.0 58.25875
672.0 58.4211012
674.0 58.5827836
676.0 58.742794
678.0 58.8998784
680.0 59.05295
682.0 59.20112264
684.0 59.3432092
686.0 59.47902576
688.0 59.60882312
690.0 59.7322
692.0 59.84878856
694.0 59.95955856
696.0 60.05879176
698.0 60.13787736
700.0 60.192
702.0 60.22229664
704.0 60.22783096
706.0 60.21672888
708.0 60.2019484
710.0 60.192
712.0 60.18611456
714.0 60.18537888
716.0 60.1883216
718.0 60.19126432
720.0 60.192
722.0 60.192
724.0 60.192
726.0 60.192
728.0 60.192
730.0 60.192
732.0 60.192
734.0 60.192
736.0 60.192
738.0 60.192
740.0 60.192
742.0 60.192
744.0 60.192
746.0 60.192
748.0 60.192
750.0 60.192
