380.0 9.45725
382.0 9.46437672
384.0 9.47242904
386.0 9.47998976
388.0 9.47632808
390.0 9.45725
392.0 9.43177016
394.0 9.40309136
396.0 9.38563496
398.0 9.39969576
400.0 9.45725
402.0 9.55813848
404.0 9.70709696
406.0 9.88556624
408.0 10.06294872
410.0 10.2201
412.0 10.36165152
414.0 10.48782064
416.0 10.60504456
418.0 10.72536168
420.0 10.85755
422.0 10.9997536
424.0 11.15011656
426.0 11.31912232
428.0 11.52165168
430.0 11.7667
432.0 12.05271232
434.0 12.37992272
436.0 12.74132552
438.0 13.12513312
440.0 13.5223
442.0 13.93249176
444.0 14.35505632
446.0 14.78029608
448.0 15.19533664
450.0 15.5914
452.0 15.96723216
454.0 16.32037528
456.0 16.6527856
458.0 16.96947912
460.0 17.27385
462.0 17.56449376
464.0 17.8408252
466.0 18.10528544
468.0 18.36130208
470.0 18.61145
472.0 18.8565652
474.0 19.09795184
476.0 19.33607808
478.0 19.57086032
480.0 19.80275
482.0 20.03253296
484.0 20.26002528
486.0 20.4891896
488.0 20.72579432
490.0 20.97315
492.0 21.23010296
494.0 21.4961516
496.0 21.76813584
498.0 22.04103968
500.0 22.31075
502.0 22.57638064
504.0 22.83696184
506.0 23.08742744
508.0 23.32117304
510.0 23.5334
512.0 23.7238408
514.0 23.89274624
516.0 24.03657168
518.0 24.15080272
520.0 24.23355
522.0 24.28656912
524.0 24.31094688
526.0 24.31392304
528.0 24.3061984
530.0 24.29625
532.0 24.28518136
534.0 24.27354424
536.0 24.27177192
538.0 24.2938256
540.0 24.3485
542.0 24.43534368
544.0 24.55509232
546.0 24.70284696
548.0 24.869746
550.0 25.04865
552.0 25.24174928
554.0 25.45374216
556.0 25.66665464
558.0 25.85356752
560.0 25.9996
562.0 26.11147352
564.0 26.19233144
566.0 26.25989696
568.0 26.34159088
570.0 26.4594
572.0 26.61352496
574.0 26.80053816
576.0 27.05702296
578.0 27.43472776
580.0 27.9642
582.0 28.63967128
584.0 29.46269656
586.0 30.40192584
588.0 31.40594512
590.0 32.4368
592.0 33.49397216
594.0 34.57415104
596.0 35.64805992
598.0 36.6787476
600.0 37.6409
602.0 38.52893264
604.0 39.33381672
606.0 40.064046
608.0 40.73901568
610.0 41.37155
612.0 41.95698408
614.0 42.4941308
616.0 42.98788912
618.0 43.44444544
620.0 43.8691
622.0 44.26424376
624.0 44.63196672
626.0 44.97837168
628.0 45.31098264
630.0 45.63515
632.0 45.9525792
634.0 46.26564448
636.0 46.57327576
638.0 46.87229624
640.0 47.16085
642.0 47.44101032
644.0 47.71466656
646.0 47.9802136
648.0 48.23489264
650.0 48.47755
652.0 48.70910528
654.0 48.9292408
656.0 49.14352432
658.0 49.36039944
660.0 49.58525
662.0 49.81742392
664.0 50.05735592
666.0 50.30305632
668.0 50.55067952
670.0 50.79745
672.0 51.04383592
674.0 51.29003792
676.0 51.53348112
678.0 51.77065432
680.0 51.9992
682.0 52.2177304
684.0 52.42331952
686.0 52.62013064
688.0 52.81552056
690.0 53.01285
692.0 53.2107312
694.0 53.41165544
696.0 53.60062488
698.0 53.75439872
700.0 53.8593
702.0 53.91810424
704.0 53.92867128
706.0 53.90671792
708.0 53.87799296
710.0 53.8593
712.0 53.84846544
714.0 53.84711112
716.0 53.8525284
718.0 53.85794568
720.0 53.8593
722.0 53.8593
724.0 53.8593
726.0 53.8593
728.0 53.8593
730.0 53.8593
732.0 53.8593
734.0 53.8593
736.0 53.8593
738.0 53.8593
740.0 53.8593
742.0 53.8593
744.0 53.8593
746.0 53.8593
748.0 53.8593
750.0 53.8593
