380.0 15.675
382.0 15.6814208
384.0 15.6887784
386.0 15.695886
388.0 15.6926256
390.0 15.675
392.0 15.65162288
394.0 15.6256564
396.0 15.61005792
398.0 15.62296704
400.0 15.675
402.0 15.7663748
404.0 15.90215792
406.0 16.06377344
408.0 16.22070736
410.0 16.35425
412.0 16.46933376
414.0 16.56604224
416.0 16.65405632
418.0 16.7501796
420.0 16.8663
422.0 17.00009344
424.0 17.14946992
426.0 17.3250132
428.0 17.54135328
430.0 17.8068
432.0 18.11959776
434.0 18.4803652
436.0 18.87724784
438.0 19.29126848
440.0 19.7087
442.0 20.12965944
444.0 20.55326064
446.0 20.97059184
448.0 21.37070144
450.0 21.74645
452.0 22.0964832
454.0 22.41820944
456.0 22.71702928
458.0 23.00289112
460.0 23.2826
462.0 23.55490192
464.0 23.81971328
466.0 24.07992664
468.0 24.3389696
470.0 24.5993
472.0 24.86242264
474.0 25.13069504
476.0 25.40180984
478.0 25.67125264
480.0 25.9369
482.0 26.19995576
484.0 26.45943344
486.0 26.72309112
488.0 27.0028836
490.0 27.30585
492.0 27.6294656
494.0 27.97257672
496.0 28.33048504
498.0 28.69558296
500.0 29.06145
502.0 29.42676528
504.0 29.79039184
506.0 30.1426488
508.0 30.47049456
510.0 30.7648
512.0 31.02536448
514.0 31.252188
516.0 31.44155872
518.0 31.58946384
520.0 31.69485
522.0 31.7593892
524.0 31.78356632
526.0 31.77982104
528.0 31.76662896
530.0 31.75755
532.0 31.7535372
534.0 31.75607864
536.0 31.77391888
538.0 31.81750792
540.0 31.8934
542.0 32.0018292
544.0 32.14343088
546.0 32.31362376
548.0 32.50429864
550.0 32.7085
552.0 32.92825096
554.0 33.16893536
556.0 33.40920176
558.0 33.61694776
560.0 33.7744
562.0 33.88911592
564.0 33.96388776
566.0 34.02102
568.0 34.09520664
570.0 34.2133
572.0 34.37407952
574.0 34.5725292
576.0 34.84839248
578.0 35.25784856
580.0 35.83305
582.0 36.56724192
584.0 37.46331688
586.0 38.47743504
588.0 39.5391216
590.0 40.59825
592.0 41.65567296
594.0 42.70684264
596.0 43.72716392
598.0 44.6887144
600.0 45.57245
602.0 46.37154896
604.0 47.07676512
606.0 47.70030408
608.0 48.26632624
610.0 48.79105
612.0 49.27056288
614.0 49.70469768
616.0 50.09853728
618.0 50.45768288
620.0 50.787
622.0 51.089632
624.0 51.36850488
626.0 51.62773176
628.0 51.87165984
630.0 52.1037
632.0 52.32602584
634.0 52.54097816
636.0 52.74865728
638.0 52.9478928
640.0 53.13825
642.0 53.32143432
644.0 53.49888368
646.0 53.67056464
648.0 53.8359756
650.0 53.99515
652.0 54.14884024
654.0 54.29731384
656.0 54.44286144
658.0 54.58874344
660.0 54.7371
662.0 54.88779736
664.0 55.04093584
666.0 55.19624792
668.0 55.3529812
670.0 55.5104
672.0 55.66842072
674.0 55.82700992
676.0 55.98417792
678.0 56.13708232
680.0 56.2837
682.0 56.4233956
684.0 56.55491512
686.0 56.67899424
688.0 56.79738856
690.0 56.9107
692.0 57.01841024
694.0 57.12148904
696.0 57.21436864
698.0 57.28852184
700.0 57.33915
702.0 57.36745696
704.0 57.37262344
706.0 57.36224032
708.0 57.3484296
710.0 57.33915
712.0 57.33366584
714.0 57.33298032
716.0 57.3357224
718.0 57.33846448
720.0 57.33915
722.0 57.33915
724.0 57.33915
726.0 57.33915
728.0 57.33915
730.0 57.33915
732.0 57.33915
734.0 57.33915
736.0 57.33915
738.0 57.33915
740.0 57.33915
742.0 57.33915
744.0 57.33915
746.0 57.33915
748.0 57.33915
750.0 57.33915
