380.0 13.0834
382.0 13.09059968
384.0 13.0988344
386.0 13.10675992
388.0 13.10309824
390.0 13.0834
392.0 13.05721944
394.0 13.02799952
396.0 13.0103668
398.0 13.02483648
400.0 13.0834
402.0 13.18609424
404.0 13.3382964
406.0 13.51942416
408.0 13.69570312
410.0 13.84625
412.0 13.976248
414.0 14.08564696
416.0 14.18401072
418.0 14.28831008
420.0 14.41055
422.0 14.5481556
424.0 14.69881952
426.0 14.87364384
428.0 15.08809456
430.0 15.35105
432.0 15.6607044
434.0 16.01770984
436.0 16.41032888
438.0 16.81966792
440.0 17.23205
442.0 17.6476256
444.0 18.06552528
446.0 18.47673696
448.0 18.87014184
450.0 19.23845
452.0 19.57998944
454.0 19.89158336
456.0 20.17918408
458.0 20.4537432
460.0 20.72235
462.0 20.9835164
464.0 21.23781088
466.0 21.48424696
468.0 21.72031664
470.0 21.945
472.0 22.16057096
474.0 22.36898576
476.0 22.57188296
478.0 22.77118536
480.0 22.9691
482.0 23.16659664
484.0 23.36340776
486.0 23.56715768
488.0 23.788798
490.0 24.035
492.0 24.30447624
494.0 24.59710968
496.0 24.90863672
498.0 25.23178416
500.0 25.5607
502.0 25.89454824
504.0 26.23219192
506.0 26.5665752
508.0 26.88841848
510.0 27.1909
512.0 27.47308344
514.0 27.7343
516.0 27.97043656
518.0 28.17672792
520.0 28.35085
522.0 28.49358864
524.0 28.60512776
526.0 28.69217208
528.0 28.7650044
530.0 28.83155
532.0 28.89251112
534.0 28.94848968
536.0 29.00781224
538.0 29.0814304
540.0 29.1764
542.0 29.2925204
544.0 29.43015944
546.0 29.58694288
548.0 29.75810552
550.0 29.93925
552.0 30.13224896
554.0 30.34193448
556.0 30.5506168
558.0 30.73137672
560.0 30.8693
562.0 30.97114152
564.0 31.039844
566.0 31.09299688
568.0 31.15785376
570.0 31.25595
572.0 31.38715184
574.0 31.54811528
576.0 31.77261472
578.0 32.10830216
580.0 32.5831
582.0 33.19189192
584.0 33.93685152
586.0 34.78631112
588.0 35.68860592
590.0 36.60635
592.0 37.53971056
594.0 38.48527672
596.0 39.41980768
598.0 40.31521384
600.0 41.1521
602.0 41.92486496
604.0 42.62544968
606.0 43.2614952
608.0 43.84997232
610.0 44.40205
612.0 44.9137656
614.0 45.3841828
616.0 45.8168964
618.0 46.2162536
620.0 46.5861
622.0 46.92857576
624.0 47.2456204
626.0 47.54168144
628.0 47.82210928
630.0 48.0909
632.0 48.34962528
634.0 48.60014104
636.0 48.842882
638.0 49.07726296
640.0 49.3031
642.0 49.5220484
644.0 49.7358972
646.0 49.943058
648.0 50.1406048
650.0 50.3272
652.0 50.50388024
654.0 50.6705452
656.0 50.83177616
658.0 50.99451192
660.0 51.1632
662.0 51.33735552
664.0 51.51737976
666.0 51.7017512
668.0 51.88746024
670.0 52.07235
672.0 52.25678832
674.0 52.4408588
676.0 52.62275568
678.0 52.80005456
680.0 52.97105
682.0 53.1347388
684.0 53.28921488
686.0 53.43658496
688.0 53.58077824
690.0 53.72345
692.0 53.86376424
694.0 54.00330936
696.0 54.13265528
698.0 54.2372556
700.0 54.30865
702.0 54.34864424
704.0 54.35586728
706.0 54.34101992
708.0 54.32149096
710.0 54.30865
712.0 54.30115944
714.0 54.30022312
716.0 54.3039684
718.0 54.30771368
720.0 54.30865
722.0 54.30865
724.0 54.30865
726.0 54.30865
728.0 54.30865
730.0 54.30865
732.0 54.30865
734.0 54.30865
736.0 54.30865
738.0 54.30865
740.0 54.30865
742.0 54.30865
744.0 54.30865
746.0 54.30865
748.0 54.30865
750.0 54.30865
