380.0 8.45405
382.0 8.46094536
384.0 8.46882056
386.0 8.47637816
388.0 8.47286696
390.0 8.45405
392.0 8.4289664
394.0 8.40076976
396.0 8.38364192
398.0 8.39752968
400.0 8.45405
402.0 8.55291536
404.0 8.69884752
406.0 8.87228408
408.0 9.04120624
410.0 9.18555
412.0 9.309696
414.0 9.41317608
416.0 9.50361456
418.0 9.59513984
420.0 9.6976
422.0 9.80865424
424.0 9.92671416
426.0 10.05957128
428.0 10.2179264
430.0 10.4082
432.0 10.62962296
434.0 10.88286408
436.0 11.1616032
438.0 11.45530672
440.0 11.75625
442.0 12.06451664
444.0 12.3795716
446.0 12.69554616
448.0 13.00499992
450.0 13.30285
452.0 13.5880932
454.0 13.85909096
456.0 14.11738152
458.0 14.36655968
460.0 14.6091
462.0 14.84419992
464.0 15.07159192
466.0 15.29304832
468.0 15.51099352
470.0 15.72725
472.0 15.94250328
474.0 16.15780672
476.0 16.37327736
478.0 16.5884972
480.0 16.8036
482.0 17.01922112
484.0 17.23519336
486.0 17.4547604
488.0 17.68268744
490.0 17.92175
492.0 18.17091144
494.0 18.4295364
496.0 18.69568536
498.0 18.96626512
500.0 19.23845
502.0 19.51143744
504.0 19.78474256
506.0 20.05278088
508.0 20.3078612
510.0 20.5447
512.0 20.76333072
514.0 20.96368648
516.0 21.14439624
518.0 21.3042896
520.0 21.4434
522.0 21.56258016
524.0 21.66229824
526.0 21.74855672
528.0 21.8301336
530.0 21.91365
532.0 21.99972456
534.0 22.08889232
536.0 22.18692168
538.0 22.30116944
540.0 22.43615
542.0 22.59191352
544.0 22.76936288
546.0 22.96403384
548.0 23.1683188
550.0 23.37665
552.0 23.59111744
554.0 23.81524904
556.0 24.03896264
558.0 24.24712664
560.0 24.4321
562.0 24.5981296
564.0 24.74630224
566.0 24.89330448
568.0 25.06455072
570.0 25.27855
572.0 25.53408176
574.0 25.82895568
576.0 26.1806776
578.0 26.61298992
580.0 27.13865
582.0 27.75448104
584.0 28.462038
586.0 29.23530456
588.0 30.03340032
590.0 30.8275
592.0 31.6170184
594.0 32.39730736
596.0 33.15945512
598.0 33.89577048
600.0 34.59995
602.0 35.26709472
604.0 35.89350952
606.0 36.47720472
608.0 37.01767872
610.0 37.5155
612.0 37.96999976
614.0 38.37977352
616.0 38.75502048
618.0 39.11129024
620.0 39.4592
622.0 39.79891696
624.0 40.13249768
626.0 40.4599756
628.0 40.77926072
630.0 41.0894
632.0 41.39229952
634.0 41.688812
636.0 41.98014128
638.0 42.26779216
640.0 42.5524
642.0 42.83465032
644.0 43.11668328
646.0 43.39236264
648.0 43.6519072
650.0 43.89
652.0 44.108196
654.0 44.30519104
656.0 44.49156888
658.0 44.68404952
660.0 44.8932
662.0 45.11706408
664.0 45.35590928
666.0 45.60620768
668.0 45.86118768
670.0 46.11585
672.0 46.37139848
674.0 46.62922088
676.0 46.88236168
678.0 47.12078888
680.0 47.3385
682.0 47.53459216
684.0 47.70473488
686.0 47.8603312
688.0 48.02035832
690.0 48.1954
692.0 48.38286464
694.0 48.5861464
696.0 48.78583336
698.0 48.95090992
700.0 49.06275
702.0 49.12533296
704.0 49.13645176
706.0 49.11279296
708.0 49.08219536
710.0 49.06275
712.0 49.05164792
714.0 49.05026016
716.0 49.0558112
718.0 49.06136224
720.0 49.06275
722.0 49.06275
724.0 49.06275
726.0 49.06275
728.0 49.06275
730.0 49.06275
732.0 49.06275
734.0 49.06275
736.0 49.06275
738.0 49.06275
740.0 49.06275
742.0 49.06275
744.0 49.06275
746.0 49.06275
748.0 49.06275
750.0 49.06275
