380.0 18.183
382.0 18.18847552
384.0 18.19480752
386.0 18.20103432
388.0 18.19827552
390.0 18.183
392.0 18.16297168
394.0 18.14132792
396.0 18.12866976
398.0 18.1396704
400.0 18.183
402.0 18.25976152
404.0 18.37558096
406.0 18.5137216
408.0 18.64651184
410.0 18.75775
412.0 18.85332152
414.0 18.9343132
416.0 19.01396728
418.0 19.11368536
420.0 19.2489
422.0 19.41765496
424.0 19.61755928
426.0 19.8634436
428.0 20.17570632
430.0 20.5656
432.0 21.03018192
434.0 21.5699704
436.0 22.16627248
438.0 22.78957736
440.0 23.41845
442.0 24.05232192
444.0 24.68881888
446.0 25.31503304
448.0 25.9156656
450.0 26.4803
452.0 27.0059768
454.0 27.48846584
456.0 27.93300048
458.0 28.35036512
460.0 28.74795
462.0 29.12418344
464.0 29.47926608
466.0 29.81637472
468.0 30.13927136
470.0 30.4513
472.0 30.75440016
474.0 31.05031072
476.0 31.34287728
478.0 31.63669784
480.0 31.9352
482.0 32.239086
484.0 32.54864008
486.0 32.86613616
488.0 33.19424944
490.0 33.53405
492.0 33.88420024
494.0 34.24336256
496.0 34.60779168
498.0 34.9721372
500.0 35.33145
502.0 35.68400792
504.0 36.02890808
506.0 36.35633584
508.0 36.6528316
510.0 36.9094
512.0 37.1266764
514.0 37.30519584
516.0 37.44358728
518.0 37.54109832
520.0 37.5991
522.0 37.61964888
524.0 37.60368128
526.0 37.56505808
528.0 37.52384328
530.0 37.4946
532.0 37.47811408
534.0 37.47543888
536.0 37.49541928
538.0 37.54858888
540.0 37.6409
542.0 37.7724864
544.0 37.94518728
546.0 38.14739896
548.0 38.36039504
550.0 38.57095
552.0 38.78250816
554.0 39.00003536
556.0 39.20845016
558.0 39.38593296
560.0 39.5219
562.0 39.62262128
564.0 39.68965176
566.0 39.75083024
568.0 39.84837472
570.0 40.01305
572.0 40.2428664
574.0 40.53407864
576.0 40.91599688
578.0 41.42841472
580.0 42.0926
582.0 42.9027676
584.0 43.86089048
586.0 44.92342976
588.0 46.02216784
590.0 47.1086
592.0 48.18189024
594.0 49.23560136
596.0 50.24976968
598.0 51.203746
600.0 52.0828
602.0 52.88002632
604.0 53.58841928
606.0 54.21321224
608.0 54.7670288
610.0 55.2596
612.0 55.6891368
614.0 56.05466944
616.0 56.37079448
618.0 56.65824472
620.0 56.9316
622.0 57.19263264
624.0 57.44505448
626.0 57.69020312
628.0 57.92674096
630.0 58.15425
632.0 58.37582344
634.0 58.59375192
636.0 58.8069152
638.0 59.01280528
640.0 59.2097
642.0 59.39900384
644.0 59.5826396
646.0 59.75682856
648.0 59.91563512
650.0 60.05615
652.0 60.17944328
654.0 60.28434456
656.0 60.38038424
658.0 60.48235952
660.0 60.59955
662.0 60.73050104
664.0 60.87596504
666.0 61.03137744
668.0 61.18846184
670.0 61.3415
672.0 61.49184624
674.0 61.64040344
676.0 61.78310864
678.0 61.91444424
680.0 62.0312
682.0 62.132774
684.0 62.21665824
686.0 62.29017608
688.0 62.36536592
690.0 62.4492
692.0 62.54025712
694.0 62.64046008
696.0 62.73982704
698.0 62.8221396
700.0 62.87765
702.0 62.90863216
704.0 62.91413304
706.0 62.90241232
708.0 62.887264
710.0 62.87765
712.0 62.87216584
714.0 62.87148032
716.0 62.8742224
718.0 62.87696448
720.0 62.87765
722.0 62.87765
724.0 62.87765
726.0 62.87765
728.0 62.87765
730.0 62.87765
732.0 62.87765
734.0 62.87765
736.0 62.87765
738.0 62.87765
740.0 62.87765
742.0 62.87765
744.0 62.87765
746.0 62.87765
748.0 62.87765
750.0 62.87765
