380.0 16.83495
382.0 16.8377692
384.0 16.84107192
386.0 16.84440024
388.0 16.84299576
390.0 16.83495
392.0 16.82450168
394.0 16.81345624
396.0 16.8071436
398.0 16.81286936
400.0 16.83495
402.0 16.87429216
404.0 16.9343504
406.0 17.00577824
408.0 17.07310968
410.0 17.12755
412.0 17.17359688
414.0 17.21369144
416.0 17.2545384
418.0 17.30650416
420.0 17.37835
422.0 17.47049392
424.0 17.5813308
426.0 17.72870088
428.0 17.93810216
430.0 18.2248
432.0 18.58573464
434.0 19.02098968
436.0 19.51794152
438.0 20.05560656
440.0 20.61785
442.0 21.20390272
444.0 21.81251072
446.0 22.42638552
448.0 23.02262072
450.0 23.58565
452.0 24.1130824
454.0 24.60015272
456.0 25.05135864
458.0 25.47723376
460.0 25.88465
462.0 26.27119968
464.0 26.63683264
466.0 26.9826524
468.0 27.30957856
470.0 27.61935
472.0 27.9139564
474.0 28.1944344
476.0 28.46789
478.0 28.744188
480.0 29.0301
482.0 29.32575976
484.0 29.6316856
486.0 29.94898104
488.0 30.27806408
490.0 30.6185
492.0 30.96931904
494.0 31.32921704
496.0 31.69404744
498.0 32.05804184
500.0 32.4159
502.0 32.76579944
504.0 33.10688744
506.0 33.42874744
508.0 33.71708384
510.0 33.9625
512.0 34.16553096
514.0 34.32610984
516.0 34.44497232
518.0 34.52471
520.0 34.5686
522.0 34.57809696
524.0 34.55423752
526.0 34.50847488
528.0 34.45702744
530.0 34.41185
532.0 34.37449752
534.0 34.34695968
536.0 34.33597464
538.0 34.3490664
540.0 34.39095
542.0 34.46271224
544.0 34.56612544
546.0 34.69562184
548.0 34.84158744
550.0 34.99705
552.0 35.16486864
554.0 35.34970824
556.0 35.53897864
558.0 35.71370264
560.0 35.8644
562.0 35.99668864
564.0 36.11222384
566.0 36.23227344
568.0 36.38910704
570.0 36.60635
572.0 36.8824808
574.0 37.21440624
576.0 37.62575168
578.0 38.14878672
580.0 38.80085
582.0 39.57685864
584.0 40.47759848
586.0 41.46979672
588.0 42.50137056
590.0 43.5347
592.0 44.56794584
594.0 45.59512232
596.0 46.5979712
598.0 47.55667928
600.0 48.45665
602.0 49.29157992
604.0 50.0553328
606.0 50.74785848
608.0 51.37358776
610.0 51.9365
612.0 52.43482288
614.0 52.86695128
616.0 53.24549208
618.0 53.58925528
620.0 53.91155
622.0 54.2134296
624.0 54.49773648
626.0 54.76749696
628.0 55.02438304
630.0 55.27005
632.0 55.50734024
634.0 55.73867816
636.0 55.96366248
638.0 56.1805376
640.0 56.3882
642.0 56.58840528
644.0 56.78336048
646.0 56.96970488
648.0 57.14192088
650.0 57.29735
652.0 57.43731312
654.0 57.56109128
656.0 57.67726184
658.0 57.7990336
660.0 57.9348
662.0 58.08329032
664.0 58.24490584
666.0 58.41680416
668.0 58.59346768
670.0 58.7708
672.0 58.94973744
674.0 59.13133336
676.0 59.30983608
678.0 59.4769692
680.0 59.6277
682.0 59.76149344
684.0 59.87539008
686.0 59.97724832
688.0 60.08027696
690.0 60.192
692.0 60.31061168
694.0 60.43821872
696.0 60.56298336
698.0 60.6658448
700.0 60.7354
702.0 60.77425728
704.0 60.78117936
706.0 60.76653264
708.0 60.74753872
710.0 60.7354
712.0 60.72844448
714.0 60.72757504
716.0 60.7310528
718.0 60.73453056
720.0 60.7354
722.0 60.7354
724.0 60.7354
726.0 60.7354
728.0 60.7354
730.0 60.7354
732.0 60.7354
734.0 60.7354
736.0 60.7354
738.0 60.7354
740.0 60.7354
742.0 60.7354
744.0 60.7354
746.0 60.7354
748.0 60.7354
750.0 60.7354
