380.0 15.5496
382.0 15.55624864
384.0 15.56390832
386.0 15.571386
388.0 15.56802528
390.0 15.5496
392.0 15.5252696
394.0 15.4985068
396.0 15.4825824
398.0 15.4960016
400.0 15.5496
402.0 15.64396768
404.0 15.784934
406.0 15.95256872
408.0 16.11410064
410.0 16.24975
412.0 16.3650344
414.0 16.45976992
416.0 16.54723224
418.0 16.64974256
420.0 16.7827
422.0 16.94284416
424.0 17.12741624
426.0 17.34710032
428.0 17.6163592
430.0 17.94265
432.0 18.32396632
434.0 18.76177952
436.0 19.23696192
438.0 19.71966832
440.0 20.1894
442.0 20.6468592
444.0 21.08987232
446.0 21.51449344
448.0 21.91846536
450.0 22.3003
452.0 22.65722184
454.0 22.98627144
456.0 23.29333424
458.0 23.58844224
460.0 23.87825
462.0 24.16218904
464.0 24.44149664
466.0 24.71520304
468.0 24.98063304
470.0 25.23675
472.0 25.485878
474.0 25.72968904
476.0 25.97090848
478.0 26.21313112
480.0 26.4594
482.0 26.71046752
484.0 26.96650088
486.0 27.23239904
488.0 27.51485
490.0 27.8179
492.0 28.14004424
494.0 28.47954384
496.0 28.83593064
498.0 29.20836864
500.0 29.5944
502.0 29.99160032
504.0 30.39908344
506.0 30.80305536
508.0 31.18378648
510.0 31.52765
512.0 31.83503048
514.0 32.10587776
516.0 32.33559384
518.0 32.51949712
520.0 32.65625
522.0 32.7472904
524.0 32.79271864
526.0 32.80704768
528.0 32.81201352
530.0 32.82345
532.0 32.84155776
534.0 32.86665448
536.0 32.9103104
538.0 32.98715552
540.0 33.1056
542.0 33.26522584
544.0 33.4679224
546.0 33.70012976
548.0 33.93986112
550.0 34.1715
552.0 34.39907592
554.0 34.62850776
556.0 34.8412196
558.0 35.01029224
560.0 35.12245
562.0 35.18484904
564.0 35.1986932
566.0 35.19765656
568.0 35.23306952
570.0 35.3419
572.0 35.5217236
574.0 35.76914616
576.0 36.11471512
578.0 36.59906008
580.0 37.2438
582.0 38.0436848
584.0 39.00150672
586.0 40.07051664
588.0 41.17739736
590.0 42.27025
592.0 43.34874016
594.0 44.40651424
596.0 45.42307352
598.0 46.3774344
600.0 47.2549
602.0 48.04831416
604.0 48.74993552
606.0 49.36829128
608.0 49.92110464
610.0 50.42125
612.0 50.86635312
614.0 51.25564488
616.0 51.60179904
618.0 51.9222044
620.0 52.2291
622.0 52.52455912
624.0 52.81232704
626.0 53.09240376
628.0 53.36177968
630.0 53.61895
632.0 53.86680728
634.0 54.10722416
636.0 54.33994984
638.0 54.56406472
640.0 54.7789
642.0 54.9856428
644.0 55.18623264
646.0 55.37704128
648.0 55.55221672
650.0 55.70895
652.0 55.84842824
654.0 55.96951448
656.0 56.08198992
658.0 56.20098616
660.0 56.33595
662.0 56.48549368
664.0 56.65063712
666.0 56.82597976
668.0 57.0019076
670.0 57.17195
672.0 57.33742784
674.0 57.49862536
676.0 57.65338568
678.0 57.7992844
680.0 57.9348
682.0 58.05891256
684.0 58.16969928
686.0 58.2709556
688.0 58.36911872
690.0 58.46775
692.0 58.56604688
694.0 58.665464
696.0 58.75877832
698.0 58.83445304
700.0 58.88575
702.0 58.91437464
704.0 58.91954112
706.0 58.9089072
708.0 58.89492928
710.0 58.88575
712.0 58.8803996
714.0 58.8797308
716.0 58.882406
718.0 58.8850812
720.0 58.88575
722.0 58.88575
724.0 58.88575
726.0 58.88575
728.0 58.88575
730.0 58.88575
732.0 58.88575
734.0 58.88575
736.0 58.88575
738.0 58.88575
740.0 58.88575
742.0 58.88575
744.0 58.88575
746.0 58.88575
748.0 58.88575
750.0 58.88575
