380.0 9.58265
382.0 9.59022088
384.0 9.59884856
386.0 9.60709184
388.0 9.60322952
390.0 9.58265
392.0 9.555222
394.0 9.52442704
396.0 9.50573768
398.0 9.52090632
400.0 9.58265
402.0 9.69076152
404.0 9.85048768
406.0 10.04072784
408.0 10.2268716
410.0 10.3873
412.0 10.52677824
414.0 10.64465424
416.0 10.74990664
418.0 10.85892104
420.0 10.98295
422.0 11.11908424
424.0 11.26530064
426.0 11.42949104
428.0 11.62243984
430.0 11.8503
432.0 12.11216864
434.0 12.40911584
436.0 12.73164464
438.0 13.06445624
440.0 13.3969
442.0 13.72942736
444.0 14.06105184
446.0 14.38824552
448.0 14.7075808
450.0 15.01665
452.0 15.31391488
454.0 15.59760312
456.0 15.86992176
458.0 16.1351344
460.0 16.39605
462.0 16.6521168
464.0 16.90363576
466.0 17.15055672
468.0 17.39237808
470.0 17.62915
472.0 17.8620596
474.0 18.09222712
476.0 18.32080624
478.0 18.54913456
480.0 18.77865
482.0 19.01000464
484.0 19.24316504
486.0 19.48242824
488.0 19.73389704
490.0 20.0013
492.0 20.28333296
494.0 20.57867504
496.0 20.88689152
498.0 21.2071464
500.0 21.53745
502.0 21.87609688
504.0 22.22256872
506.0 22.56619816
508.0 22.8916864
510.0 23.18855
512.0 23.45722368
514.0 23.69772416
516.0 23.90704184
518.0 24.08233432
520.0 24.2231
522.0 24.33042568
524.0 24.40437824
526.0 24.456344
528.0 24.50329376
530.0 24.5575
532.0 24.61909648
534.0 24.6884176
536.0 24.77362272
538.0 24.88482744
540.0 25.02775
542.0 25.202056
544.0 25.40898272
546.0 25.63839784
548.0 25.87399936
550.0 26.1041
552.0 26.33187656
554.0 26.56242864
556.0 26.78010632
558.0 26.9620032
560.0 27.09685
562.0 27.19093344
564.0 27.24542392
566.0 27.2888792
568.0 27.36477128
570.0 27.5044
572.0 27.70589272
574.0 27.966708
576.0 28.31212648
578.0 28.77558816
580.0 29.37495
582.0 30.10616576
584.0 30.97177688
586.0 31.9333608
588.0 32.93055832
590.0 33.9207
592.0 34.90320064
594.0 35.8720076
596.0 36.81188896
598.0 37.70821472
600.0 38.55005
602.0 39.33075696
604.0 40.04428296
606.0 40.69268456
608.0 41.28298416
610.0 41.8209
612.0 42.30489384
614.0 42.73369496
616.0 43.11944208
618.0 43.4798584
620.0 43.8273
622.0 44.1627868
624.0 44.48914448
626.0 44.80739296
628.0 45.11636184
630.0 45.4157
632.0 45.70789872
634.0 45.99468016
636.0 46.2756932
638.0 46.54976744
640.0 46.816
642.0 47.07559472
644.0 47.330558
646.0 47.57657608
648.0 47.80679376
650.0 48.01775
652.0 48.21074896
654.0 48.38473728
656.0 48.549446
658.0 48.72000672
660.0 48.906
662.0 49.10577056
664.0 49.3195692
666.0 49.54423584
668.0 49.77366768
670.0 50.00325
672.0 50.23418664
674.0 50.46818304
676.0 50.69741424
678.0 50.91042704
680.0 51.1005
682.0 51.26706464
684.0 51.40567344
686.0 51.52956864
688.0 51.66056984
690.0 51.8111
692.0 51.97833344
694.0 52.16576464
696.0 52.35361384
698.0 52.51002944
700.0 52.61575
702.0 52.67488864
704.0 52.68533864
706.0 52.66285024
708.0 52.63392464
710.0 52.61575
712.0 52.60545048
714.0 52.60416304
716.0 52.6093128
718.0 52.61446256
720.0 52.61575
722.0 52.61575
724.0 52.61575
726.0 52.61575
728.0 52.61575
730.0 52.61575
732.0 52.61575
734.0 52.61575
736.0 52.61575
738.0 52.61575
740.0 52.61575
742.0 52.61575
744.0 52.61575
746.0 52.61575
748.0 52.61575
750.0 52.61575
