380.0 21.76735
382.0 21.76484152
384.0 21.76218184
386.0 21.76002256
388.0 21.76137688
390.0 21.76735
392.0 21.77598136
394.0 21.78736816
396.0 21.79524136
398.0 21.79032376
400.0 21.76735
402.0 21.72887728
404.0 21.67686136
406.0 21.61506424
408.0 21.54925432
410.0 21.4852
412.0 21.4251752
414.0 21.37036704
416.0 21.33461968
418.0 21.33716112
420.0 21.39115
422.0 21.4959008
424.0 21.65062768
426.0 21.85986176
428.0 22.12845184
430.0 22.45705
432.0 22.84351608
434.0 23.28833496
436.0 23.76993784
438.0 24.25613872
440.0 24.7247
442.0 25.17508664
444.0 25.60378744
446.0 26.00782624
448.0 26.38711944
450.0 26.74155
452.0 27.0676736
454.0 27.36222984
456.0 27.63137168
458.0 27.88546552
460.0 28.1314
462.0 28.36897448
464.0 28.60012848
466.0 28.82292248
468.0 29.03300928
470.0 29.22865
472.0 29.41270376
474.0 29.58660848
476.0 29.7565004
478.0 29.93115752
480.0 30.1169
482.0 30.31332656
484.0 30.519434
486.0 30.74084024
488.0 30.98515288
490.0 31.25595
492.0 31.550222
494.0 31.86559464
496.0 32.19400888
498.0 32.52367712
500.0 32.84435
502.0 33.1535028
504.0 33.45001528
506.0 33.71601376
508.0 33.92700344
510.0 34.067
512.0 34.13759184
514.0 34.13978216
516.0 34.07408928
518.0 33.9435228
520.0 33.7535
522.0 33.50699704
524.0 33.20464928
526.0 32.87354312
528.0 32.55280336
530.0 32.2696
532.0 32.0247356
534.0 31.82143712
536.0 31.66545624
538.0 31.56022056
540.0 31.50675
542.0 31.50594744
544.0 31.55869904
546.0 31.65182944
548.0 31.76510744
550.0 31.88295
552.0 32.00769792
554.0 32.14557104
556.0 32.26914856
558.0 32.33846968
560.0 32.3323
562.0 32.26194224
564.0 32.13371656
566.0 31.97865528
568.0 31.8439088
570.0 31.768
572.0 31.75229992
574.0 31.79072248
576.0 31.95178624
578.0 32.3326344
580.0 32.99065
582.0 33.91491488
584.0 35.10827144
586.0 36.5123836
588.0 38.03152936
590.0 39.59505
592.0 41.20220984
594.0 42.8472572
596.0 44.47508296
598.0 46.01588112
600.0 47.4221
602.0 48.68410888
604.0 49.78585656
606.0 50.74389584
608.0 51.59526152
610.0 52.36495
612.0 53.04456784
614.0 53.63135624
616.0 54.13922624
618.0 54.58673704
620.0 54.9879
622.0 55.34686168
624.0 55.66893904
626.0 55.9594156
628.0 56.22230416
630.0 56.46135
632.0 56.68135176
634.0 56.8869576
636.0 57.07835144
638.0 57.25361048
640.0 57.4123
642.0 57.55736272
644.0 57.69080504
646.0 57.81530216
648.0 57.93411448
650.0 58.04975
652.0 58.16317848
654.0 58.27543656
656.0 58.38752744
658.0 58.50020352
660.0 58.61405
662.0 58.72923408
664.0 58.84540464
666.0 58.963498
668.0 59.08485176
670.0 59.2097
672.0 59.3376916
674.0 59.469696
676.0 59.599276
678.0 59.7166504
680.0 59.8158
682.0 59.89724312
684.0 59.9595084
686.0 60.00806328
688.0 60.05227096
690.0 60.09795
692.0 60.14398016
694.0 60.19123088
696.0 60.2361408
698.0 60.27243992
700.0 60.2965
702.0 60.30972552
704.0 60.3121332
706.0 60.30726768
708.0 60.30081376
710.0 60.2965
712.0 60.29395856
714.0 60.29364088
716.0 60.2949116
718.0 60.29618232
720.0 60.2965
722.0 60.2965
724.0 60.2965
726.0 60.2965
728.0 60.2965
730.0 60.2965
732.0 60.2965
734.0 60.2965
736.0 60.2965
738.0 60.2965
740.0 60.2965
742.0 60.2965
744.0 60.2965
746.0 60.2965
748.0 60.2965
750.0 60.2965
