380.0 13.90895
382.0 13.91841336
384.0 13.92909704
386.0 13.93911152
388.0 13.934246
390.0 13.90895
392.0 13.87516016
394.0 13.83712232
396.0 13.81396448
398.0 13.83260664
400.0 13.90895
402.0 14.0427936
404.0 14.24040728
406.0 14.47731296
408.0 14.71313184
410.0 14.9226
412.0 15.11118488
414.0 15.27786656
416.0 15.43309504
418.0 15.59601472
420.0 15.7795
422.0 15.97965512
424.0 16.19377144
426.0 16.42945656
428.0 16.69707688
430.0 17.00215
432.0 17.34330488
434.0 17.72141096
436.0 18.12442984
438.0 18.53346792
440.0 18.9354
442.0 19.33054376
444.0 19.71751144
446.0 20.09260792
448.0 20.4526564
450.0 20.7955
452.0 21.11931624
454.0 21.42201512
456.0 21.707158
458.0 21.98109848
460.0 22.24805
462.0 22.50756112
464.0 22.7604344
466.0 23.00611808
468.0 23.24302376
470.0 23.4707
472.0 23.69066832
474.0 23.90381488
476.0 24.11319944
478.0 24.3230856
480.0 24.5366
482.0 24.75380952
484.0 24.97453024
486.0 25.20143736
488.0 25.43804208
490.0 25.6861
492.0 25.94430696
494.0 26.21140896
496.0 26.48469736
498.0 26.76024296
500.0 27.03415
502.0 27.30477992
504.0 27.57124656
506.0 27.824588
508.0 28.05243144
510.0 28.24635
512.0 28.40701248
514.0 28.5353552
516.0 28.62816792
518.0 28.68177224
520.0 28.6957
522.0 28.67217496
524.0 28.61169872
526.0 28.52940288
528.0 28.44760864
530.0 28.3822
532.0 28.33344448
534.0 28.30234528
536.0 28.29666048
538.0 28.32516808
540.0 28.39265
542.0 28.49880528
544.0 28.64426928
546.0 28.81907688
548.0 29.00742768
550.0 29.1973
552.0 29.39098448
554.0 29.59354728
556.0 29.78423888
558.0 29.93271248
560.0 30.02285
562.0 30.06334584
564.0 30.05911568
566.0 30.03356752
568.0 30.02223136
570.0 30.0542
572.0 30.1307776
574.0 30.24775072
576.0 30.45668384
578.0 30.83055976
580.0 31.4127
582.0 32.19517928
584.0 33.18012104
586.0 34.325324
588.0 35.56123296
590.0 36.83625
592.0 38.14984008
594.0 39.4981576
596.0 40.83853312
598.0 42.11629224
600.0 43.29435
602.0 44.36570072
604.0 45.31790472
606.0 46.16468912
608.0 46.93606632
610.0 47.652
612.0 48.305752
614.0 48.89548312
616.0 49.42936944
618.0 49.91777736
620.0 50.369
622.0 50.7862476
624.0 51.17276384
626.0 51.53453448
628.0 51.87808032
630.0 52.2082
632.0 52.5277192
634.0 52.84019928
636.0 53.14331616
638.0 53.43171944
640.0 53.70255
642.0 53.95833256
644.0 54.20035456
646.0 54.43117416
648.0 54.65446976
650.0 54.87295
652.0 55.0870496
654.0 55.29743736
656.0 55.50531712
658.0 55.71185928
660.0 55.91795
662.0 56.12372304
664.0 56.32886072
666.0 56.5345
668.0 56.74222928
670.0 56.9525
672.0 57.1650948
674.0 57.3810336
676.0 57.5940464
678.0 57.7945192
680.0 57.9766
682.0 58.1402052
684.0 58.2824924
686.0 58.4114036
688.0 58.5403148
690.0 58.67675
692.0 58.81888672
694.0 58.9690992
696.0 59.11429568
698.0 59.23349256
700.0 59.3142
702.0 59.35929384
704.0 59.36735288
706.0 59.35041552
708.0 59.32837856
710.0 59.3142
712.0 59.30604064
714.0 59.30502072
716.0 59.3091004
718.0 59.31318008
720.0 59.3142
722.0 59.3142
724.0 59.3142
726.0 59.3142
728.0 59.3142
730.0 59.3142
732.0 59.3142
734.0 59.3142
736.0 59.3142
738.0 59.3142
740.0 59.3142
742.0 59.3142
744.0 59.3142
746.0 59.3142
748.0 59.3142
750.0 59.3142
