380.0 14.11795
382.0 14.12746904
384.0 14.13829192
386.0 14.1485848
388.0 14.14371928
390.0 14.11795
392.0 14.08364784
394.0 14.0452868
396.0 14.02208416
398.0 14.04101592
400.0 14.11795
402.0 14.25294728
404.0 14.45290176
406.0 14.69181384
408.0 14.92688032
410.0 15.1316
412.0 15.31205896
414.0 15.46720384
416.0 15.61031032
418.0 15.76487
420.0 15.9467
422.0 16.15148656
424.0 16.37625352
426.0 16.62969528
428.0 16.92343224
430.0 17.2634
432.0 17.64807704
434.0 18.07881768
436.0 18.53948712
438.0 19.00492176
440.0 19.4579
442.0 19.89894016
444.0 20.32593552
446.0 20.73646168
448.0 21.13001704
450.0 21.5061
452.0 21.86211896
454.0 22.19569968
456.0 22.5103032
458.0 22.81203232
460.0 23.10495
462.0 23.38903952
464.0 23.6658224
466.0 23.93374368
468.0 24.18954296
470.0 24.4321
472.0 24.66372216
474.0 24.88552968
476.0 25.1035752
478.0 25.32655312
480.0 25.5607
482.0 25.80586536
484.0 26.0616312
486.0 26.33252864
488.0 26.62440968
490.0 26.9401
492.0 27.27789416
494.0 27.63677224
496.0 28.00977872
498.0 28.3864636
500.0 28.7584
502.0 29.12420016
504.0 29.48289432
506.0 29.82369808
508.0 30.13223224
510.0 30.39905
512.0 30.6242684
514.0 30.80733568
516.0 30.94994056
518.0 31.05626304
520.0 31.13055
522.0 31.17372104
524.0 31.18627776
526.0 31.17994088
528.0 31.1713468
530.0 31.17235
532.0 31.18410416
534.0 31.20869928
536.0 31.2497636
538.0 31.31022312
540.0 31.3918
542.0 31.49536368
544.0 31.6215328
546.0 31.76676272
548.0 31.92520144
550.0 32.09195
552.0 32.26863024
554.0 32.45947232
556.0 32.6496456
558.0 32.81674528
560.0 32.94885
562.0 33.05314936
564.0 33.1342748
566.0 33.20754184
568.0 33.29594048
570.0 33.4191
572.0 33.57797344
574.0 33.76807984
576.0 34.03167064
578.0 34.42943944
580.0 34.99705
582.0 35.72724584
584.0 36.62201664
586.0 37.64344144
588.0 38.72957264
590.0 39.8354
592.0 40.96100712
594.0 42.10241464
596.0 43.23011176
598.0 44.30798328
600.0 45.3112
602.0 46.23325784
604.0 47.06450936
606.0 47.81433448
608.0 48.5036332
610.0 49.14635
612.0 49.73771968
614.0 50.27643808
616.0 50.76867488
618.0 51.22237208
620.0 51.6439
622.0 52.03568304
624.0 52.40021248
626.0 52.74225352
628.0 53.06707296
630.0 53.3786
632.0 53.67912528
634.0 53.97150792
636.0 54.25436016
638.0 54.5240872
640.0 54.7789
642.0 55.02107248
644.0 55.25212616
646.0 55.47373304
648.0 55.68806672
650.0 55.89705
652.0 56.10133496
654.0 56.30120584
656.0 56.49998992
658.0 56.7022016
660.0 56.9107
662.0 57.12516744
664.0 57.34552032
666.0 57.5708056
668.0 57.79918408
670.0 58.02885
672.0 58.25980336
674.0 58.4927464
676.0 58.72176024
678.0 58.93815048
680.0 59.13655
682.0 59.31642376
684.0 59.47474544
686.0 59.61893872
688.0 59.7616272
690.0 59.90985
692.0 60.0618348
694.0 60.21993912
696.0 60.37118824
698.0 60.49484936
700.0 60.57865
702.0 60.625466
704.0 60.63385944
706.0 60.61633688
708.0 60.59346392
710.0 60.57865
712.0 60.57008936
714.0 60.56901928
716.0 60.5732996
718.0 60.57757992
720.0 60.57865
722.0 60.57865
724.0 60.57865
726.0 60.57865
728.0 60.57865
730.0 60.57865
732.0 60.57865
734.0 60.57865
736.0 60.57865
738.0 60.57865
740.0 60.57865
742.0 60.57865
744.0 60.57865
746.0 60.57865
748.0 60.57865
750.0 60.57865
