380.0 15.0271
382.0 15.03543984
384.0 15.04478608
386.0 15.05341312
388.0 15.04909936
390.0 15.0271
392.0 14.99770032
394.0 14.96464832
396.0 14.94453712
398.0 14.96070832
400.0 15.0271
402.0 15.14377216
404.0 15.31628912
406.0 15.52441968
408.0 15.73455664
410.0 15.9258
412.0 16.10313232
414.0 16.26611888
416.0 16.42375504
418.0 16.5922592
420.0 16.7827
422.0 16.9920344
424.0 17.21795504
426.0 17.46811968
428.0 17.75306192
430.0 18.0785
432.0 18.44269504
434.0 18.84568048
436.0 19.27742432
438.0 19.72220976
440.0 20.1685
442.0 20.61565968
444.0 21.06211712
446.0 21.50054896
448.0 21.9222608
450.0 22.3212
452.0 22.69586176
454.0 23.04447376
456.0 23.36800576
458.0 23.66946736
460.0 23.9514
462.0 24.2135696
464.0 24.45597616
466.0 24.68366912
468.0 24.90383808
470.0 25.1218
472.0 25.33842432
474.0 25.55494832
476.0 25.77398032
478.0 25.99819552
480.0 26.2295
482.0 26.46881336
484.0 26.71707192
486.0 26.97352328
488.0 27.23641184
490.0 27.5044
492.0 27.77665176
494.0 28.05112728
496.0 28.3291976
498.0 28.61362152
500.0 28.9047
502.0 29.20012568
504.0 29.4995976
506.0 29.79187992
508.0 30.06050344
510.0 30.29455
512.0 30.49515656
514.0 30.66257392
516.0 30.79596608
518.0 30.89566744
520.0 30.96335
522.0 31.00010056
524.0 31.00622008
526.0 30.9933624
528.0 30.97849832
530.0 30.9738
532.0 30.98038768
534.0 31.0004684
536.0 31.03843952
538.0 31.09831384
540.0 31.1828
542.0 31.29276744
544.0 31.42834992
546.0 31.5888452
548.0 31.77258128
550.0 31.977
552.0 32.2028036
554.0 32.4538544
556.0 32.7125964
558.0 32.9523612
560.0 33.15785
562.0 33.33651992
564.0 33.4940056
566.0 33.63953648
568.0 33.78732456
570.0 33.95205
572.0 34.13540152
574.0 34.33149368
576.0 34.59137264
578.0 34.9898604
580.0 35.5718
582.0 36.32799544
584.0 37.25971744
586.0 38.32954664
588.0 39.47520104
590.0 40.6505
592.0 41.85571104
594.0 43.08839304
596.0 44.30878584
598.0 45.46530824
600.0 46.5234
602.0 47.47742648
604.0 48.31606824
606.0 49.0547244
608.0 49.72507936
610.0 50.3481
612.0 50.91748288
614.0 51.4320576
616.0 51.89789352
618.0 52.32184584
620.0 52.7098
622.0 53.06573536
624.0 53.39383192
626.0 53.69776808
628.0 53.98072064
630.0 54.24595
632.0 54.49611464
634.0 54.73256888
636.0 54.96158272
638.0 55.19134896
640.0 55.4268
642.0 55.66875512
644.0 55.92014032
646.0 56.17244512
648.0 56.41145752
650.0 56.62855
652.0 56.82599648
654.0 57.00342912
656.0 57.16656616
658.0 57.3251052
660.0 57.48545
662.0 57.6469652
664.0 57.81070416
666.0 57.97569712
668.0 58.13935248
670.0 58.30055
672.0 58.4596408
674.0 58.61473552
676.0 58.77283984
678.0 58.94490536
680.0 59.13655
682.0 59.34553328
684.0 59.57289184
686.0 59.8046812
688.0 60.01924896
690.0 60.20245
692.0 60.35600648
694.0 60.4792496
696.0 60.57373432
698.0 60.64397504
700.0 60.6936
702.0 60.721606
704.0 60.72697312
706.0 60.71729224
708.0 60.70368216
710.0 60.6936
712.0 60.68731328
714.0 60.68652744
716.0 60.6896708
718.0 60.69281416
720.0 60.6936
722.0 60.6936
724.0 60.6936
726.0 60.6936
728.0 60.6936
730.0 60.6936
732.0 60.6936
734.0 60.6936
736.0 60.6936
738.0 60.6936
740.0 60.6936
742.0 60.6936
744.0 60.6936
746.0 60.6936
748.0 60.6936
750.0 60.6936
