380.0 15.85265
382.0 15.8606724
384.0 15.86976008
386.0 15.87833816
388.0 15.87422504
390.0 15.85265
392.0 15.8239172
394.0 15.79178456
396.0 15.77234312
398.0 15.78818088
400.0 15.85265
402.0 15.96587784
404.0 16.13364632
406.0 16.3346876
408.0 16.53388968
410.0 16.70955
412.0 16.86693536
414.0 17.0055776
416.0 17.13602704
418.0 17.27692648
420.0 17.44105
422.0 17.62528768
424.0 17.82739904
426.0 18.0558444
428.0 18.32207696
430.0 18.63235
432.0 18.98509184
434.0 19.3807372
436.0 19.80798336
438.0 20.24902352
440.0 20.691
442.0 21.13344464
444.0 21.57453496
446.0 22.00768328
448.0 22.4255328
450.0 22.8228
452.0 23.19756208
454.0 23.54784608
456.0 23.87413688
458.0 24.17869168
460.0 24.46345
462.0 24.728044
464.0 24.97230648
466.0 25.20068496
468.0 25.41961664
470.0 25.63385
472.0 25.84412072
474.0 26.05156576
476.0 26.2584256
478.0 26.46695744
480.0 26.67885
482.0 26.89510648
484.0 27.1167468
486.0 27.34340312
488.0 27.57390504
490.0 27.80745
492.0 28.04321872
494.0 28.27897072
496.0 28.51756512
498.0 28.76393432
500.0 29.01965
502.0 29.28217072
504.0 29.55136272
506.0 29.81445192
508.0 30.05246112
510.0 30.25275
512.0 30.41682336
514.0 30.54528312
516.0 30.63612288
518.0 30.68808864
520.0 30.7021
522.0 30.67989584
524.0 30.62232888
526.0 30.54260792
528.0 30.45996096
530.0 30.3886
532.0 30.32961184
534.0 30.28420032
536.0 30.2626148
538.0 30.27747888
540.0 30.33635
542.0 30.43839216
544.0 30.5833044
546.0 30.76449904
548.0 30.97102448
550.0 31.19325
552.0 31.43289776
554.0 31.69622104
556.0 31.95427752
558.0 32.1639296
560.0 32.30095
562.0 32.37575528
564.0 32.39367912
566.0 32.37975136
568.0 32.3729296
570.0 32.40545
572.0 32.47769712
574.0 32.58298296
576.0 32.7839908
578.0 33.17042344
580.0 33.7953
582.0 34.64840456
584.0 35.73273
586.0 36.99445464
588.0 38.34521328
590.0 39.72045
592.0 41.12110112
594.0 42.54357184
596.0 43.93970856
598.0 45.24848328
600.0 46.42935
602.0 47.47483488
604.0 48.37050856
606.0 49.13952824
608.0 49.82703792
610.0 50.46305
612.0 51.04000704
614.0 51.55732384
616.0 52.02239064
618.0 52.44264784
620.0 52.82475
622.0 53.174198
624.0 53.49634224
626.0 53.79558008
628.0 54.07558992
630.0 54.34
632.0 54.59181992
634.0 54.83263808
636.0 55.06844024
638.0 55.306834
640.0 55.5522
642.0 55.80535752
644.0 56.06938304
646.0 56.33416096
648.0 56.58313848
650.0 56.8062
652.0 57.0056696
654.0 57.18086176
656.0 57.33841432
658.0 57.48969688
660.0 57.6422
662.0 57.79505424
664.0 57.94936312
666.0 58.10409
668.0 58.25639248
670.0 58.40505
672.0 58.55063104
674.0 58.69138
676.0 58.83455336
678.0 58.99143712
680.0 59.1679
682.0 59.361852
684.0 59.57458056
686.0 59.79199072
688.0 59.99209568
690.0 60.16065
692.0 60.2995096
694.0 60.40787192
696.0 60.48839544
698.0 60.54726656
700.0 60.5891
702.0 60.61272536
704.0 60.61730664
706.0 60.60926432
708.0 60.5977944
710.0 60.5891
712.0 60.58361584
714.0 60.58293032
716.0 60.5856724
718.0 60.58841448
720.0 60.5891
722.0 60.5891
724.0 60.5891
726.0 60.5891
728.0 60.5891
730.0 60.5891
732.0 60.5891
734.0 60.5891
736.0 60.5891
738.0 60.5891
740.0 60.5891
742.0 60.5891
744.0 60.5891
746.0 60.5891
748.0 60.5891
750.0 60.5891
