380.0 8.5481
382.0 8.55380272
384.0 8.56016768
386.0 8.56599224
388.0 8.5630328
390.0 8.5481
392.0 8.52807656
394.0 8.50540304
396.0 8.49151352
398.0 8.5025368
400.0 8.5481
402.0 8.6280216
404.0 8.74574712
406.0 8.88788384
408.0 9.03219416
410.0 9.16465
412.0 9.28841144
414.0 9.40336144
416.0 9.51362984
418.0 9.62724224
420.0 9.74985
422.0 9.8797644
424.0 10.01548064
426.0 10.16290088
428.0 10.33046872
430.0 10.52315
432.0 10.73997496
434.0 10.98126128
436.0 11.241692
438.0 11.51257272
440.0 11.7876
442.0 12.0666568
444.0 12.3488904
446.0 12.630706
448.0 12.9079236
450.0 13.17745
452.0 13.43824856
454.0 13.6893328
456.0 13.92996704
458.0 14.15990048
460.0 14.3792
462.0 14.5876984
464.0 14.78519504
466.0 14.97416448
468.0 15.15836872
470.0 15.3406
472.0 15.52112584
474.0 15.70039768
476.0 15.88025472
478.0 16.06287056
480.0 16.24975
482.0 16.44121072
484.0 16.63758712
486.0 16.83872872
488.0 17.04405032
490.0 17.25295
492.0 17.46480912
494.0 17.67849072
496.0 17.89384432
498.0 18.11103712
500.0 18.3293
502.0 18.54721176
504.0 18.76420392
506.0 18.97434088
508.0 19.16917904
510.0 19.34295
512.0 19.49613864
514.0 19.62926328
516.0 19.74006672
518.0 19.82595736
520.0 19.88635
522.0 19.92244848
524.0 19.93443672
526.0 19.93120976
528.0 19.9259764
530.0 19.92815
532.0 19.93824888
534.0 19.95762736
536.0 19.98988024
538.0 20.03851872
540.0 20.1058
542.0 20.19219224
544.0 20.29777904
546.0 20.42125624
548.0 20.56019944
550.0 20.7119
552.0 20.8770936
554.0 21.05895704
556.0 21.24374648
558.0 21.41064552
560.0 21.5479
562.0 21.6610108
564.0 21.75337208
566.0 21.83519976
568.0 21.92229424
570.0 22.0286
572.0 22.15468552
574.0 22.29667176
576.0 22.4885672
578.0 22.77961224
580.0 23.199
582.0 23.74117944
584.0 24.4081904
586.0 25.17083976
588.0 25.98105752
590.0 26.80425
592.0 27.64137024
594.0 28.49009416
596.0 29.32886968
598.0 30.1313628
600.0 30.87975
602.0 31.5693664
604.0 32.19275488
606.0 32.75962976
608.0 33.28955344
610.0 33.7953
612.0 34.27309072
614.0 34.72255776
616.0 35.14544
618.0 35.54290784
620.0 35.91665
622.0 36.2691912
624.0 36.602588
626.0 36.9204352
628.0 37.22708
630.0 37.52595
632.0 37.81794808
634.0 38.1034588
636.0 38.38595992
638.0 38.66988224
640.0 38.9576
642.0 39.2496148
644.0 39.54816712
646.0 39.84529824
648.0 40.12821736
650.0 40.38925
652.0 40.63011832
654.0 40.85000304
656.0 41.05567576
658.0 41.25842248
660.0 41.4656
662.0 41.67632216
664.0 41.89159216
666.0 42.10978816
668.0 42.32723176
670.0 42.54195
672.0 42.75474544
674.0 42.96468176
676.0 43.17620648
678.0 43.396342
680.0 43.62875
682.0 43.8710228
684.0 44.12180608
686.0 44.37568256
688.0 44.62454304
690.0 44.86185
692.0 45.08767032
694.0 45.30355896
696.0 45.4977116
698.0 45.65324104
700.0 45.76055
702.0 45.82097608
704.0 45.8319444
706.0 45.80963992
708.0 45.78014584
710.0 45.76055
712.0 45.74904664
714.0 45.74760872
716.0 45.7533604
718.0 45.75911208
720.0 45.76055
722.0 45.76055
724.0 45.76055
726.0 45.76055
728.0 45.76055
730.0 45.76055
732.0 45.76055
734.0 45.76055
736.0 45.76055
738.0 45.76055
740.0 45.76055
742.0 45.76055
744.0 45.76055
746.0 45.76055
748.0 45.76055
750.0 45.76055
