380.0 10.1574
382.0 10.1603872
384.0 10.16370864
386.0 10.16672328
388.0 10.16516832
390.0 10.1574
392.0 10.14714592
394.0 10.13601608
396.0 10.12945584
398.0 10.1350176
400.0 10.1574
402.0 10.19737752
404.0 10.25775344
406.0 10.33192336
408.0 10.40860128
410.0 10.48135
412.0 10.55302864
414.0 10.62435616
416.0 10.70153568
418.0 10.7943484
420.0 10.9098
422.0 11.04703776
424.0 11.20497488
426.0 11.3899148
428.0 11.61046832
430.0 11.8712
432.0 12.17068864
434.0 12.5091516
436.0 12.87720896
438.0 13.26023072
440.0 13.6477
442.0 14.03904832
444.0 14.43241976
446.0 14.8233668
448.0 15.20737504
450.0 15.58095
452.0 15.942102
454.0 16.289042
456.0 16.6211848
458.0 16.9388648
460.0 17.2425
462.0 17.53160552
464.0 17.8057968
466.0 18.06769888
468.0 18.32132456
470.0 18.56965
472.0 18.81314336
474.0 19.05267408
476.0 19.2896132
478.0 19.52529832
480.0 19.76095
482.0 19.99691936
484.0 20.2327884
486.0 20.47158344
488.0 20.71765168
490.0 20.97315
492.0 21.23612216
494.0 21.50471224
496.0 21.77606112
498.0 22.046156
500.0 22.31075
502.0 22.56793704
504.0 22.81704832
506.0 23.0465136
508.0 23.24011448
510.0 23.3871
512.0 23.48880776
514.0 23.5465252
516.0 23.55817904
518.0 23.52201368
520.0 23.43935
522.0 23.3127796
524.0 23.14285424
526.0 22.94885208
528.0 22.75894632
530.0 22.5929
532.0 22.45163272
534.0 22.33798688
536.0 22.25702864
538.0 22.2124364
540.0 22.20625
542.0 22.23950608
544.0 22.31253904
546.0 22.420266
548.0 22.55449416
550.0 22.70785
552.0 22.88153736
554.0 23.0806224
556.0 23.28163024
558.0 23.44953248
560.0 23.56475
562.0 23.636228
564.0 23.66903264
566.0 23.68311088
568.0 23.70931112
570.0 23.77375
572.0 23.87664488
574.0 24.01107368
576.0 24.23370048
578.0 24.62628608
580.0 25.23675
582.0 26.05549496
584.0 27.08613248
586.0 28.2753592
588.0 29.53623112
590.0 30.8066
592.0 32.08830504
594.0 33.3770492
596.0 34.63762016
598.0 35.82796712
600.0 36.91985
602.0 37.90529336
604.0 38.77180736
606.0 39.53800136
608.0 40.23990696
610.0 40.9013
612.0 41.5160108
614.0 42.08353776
616.0 42.60834512
618.0 43.09427848
620.0 43.54515
622.0 43.96529016
624.0 44.35884552
626.0 44.72857488
628.0 45.07656824
630.0 45.40525
632.0 45.71702784
634.0 46.01308888
636.0 46.29911792
638.0 46.58263896
640.0 46.86825
642.0 47.15677032
644.0 47.45095872
646.0 47.74347512
648.0 48.02194672
650.0 48.279
652.0 48.51672496
654.0 48.73463672
656.0 48.93900528
658.0 49.14019704
660.0 49.3449
662.0 49.55242864
664.0 49.76405368
666.0 49.97718352
668.0 50.18671856
670.0 50.3899
672.0 50.58748024
674.0 50.77790432
676.0 50.9677432
678.0 51.16744688
680.0 51.38265
682.0 51.61086128
684.0 51.8518968
686.0 52.09644352
688.0 52.33003864
690.0 52.5426
692.0 52.7351308
694.0 52.90828312
696.0 53.05643904
698.0 53.17257616
700.0 53.2532
702.0 53.29861152
704.0 53.30698824
706.0 53.29053576
708.0 53.26839848
710.0 53.2532
712.0 53.24410432
714.0 53.24296736
716.0 53.2475152
718.0 53.25206304
720.0 53.2532
722.0 53.2532
724.0 53.2532
726.0 53.2532
728.0 53.2532
730.0 53.2532
732.0 53.2532
734.0 53.2532
736.0 53.2532
738.0 53.2532
740.0 53.2532
742.0 53.2532
744.0 53.2532
746.0 53.2532
748.0 53.2532
750.0 53.2532
