380.0 17.1589
382.0 17.16382192
384.0 17.16930496
386.0 17.174302
388.0 17.17174384
390.0 17.1589
392.0 17.1418124
394.0 17.1228624
396.0 17.1114676
398.0 17.1208056
400.0 17.1589
402.0 17.22631504
404.0 17.3268524
406.0 17.44929296
408.0 17.57474312
410.0 17.69185
412.0 17.80409136
414.0 17.91151736
416.0 18.02178576
418.0 18.14768736
420.0 18.29795
422.0 18.47034992
424.0 18.66274696
426.0 18.8813108
428.0 19.13456864
430.0 19.42655
432.0 19.75531536
434.0 20.1211824
436.0 20.51087544
438.0 20.90407968
440.0 21.28665
442.0 21.65846936
444.0 22.01759824
446.0 22.36067592
448.0 22.6853616
450.0 22.99
452.0 23.27283552
454.0 23.53241352
456.0 23.77109152
458.0 23.99321672
460.0 24.2022
462.0 24.39847608
464.0 24.58301472
466.0 24.75902616
468.0 24.9305232
470.0 25.1009
472.0 25.27171152
474.0 25.44437896
476.0 25.6223968
478.0 25.80994504
480.0 26.01005
482.0 26.22333032
484.0 26.450204
486.0 26.69179128
488.0 26.94909536
490.0 27.22225
492.0 27.51005136
494.0 27.81086088
496.0 28.1227056
498.0 28.44307752
500.0 28.76885
502.0 29.09774912
504.0 29.428454
506.0 29.75146768
508.0 30.05366496
510.0 30.3259
512.0 30.56828984
514.0 30.78108528
516.0 30.96035712
518.0 31.10167456
520.0 31.2037
522.0 31.268072
524.0 31.29509152
526.0 31.29736544
528.0 31.29370376
530.0 31.29775
532.0 31.31050736
534.0 31.33398224
536.0 31.37509672
538.0 31.4414584
540.0 31.5381
542.0 31.66590768
544.0 31.82553352
546.0 32.01508816
548.0 32.2306424
550.0 32.46815
552.0 32.72886496
554.0 33.01703416
556.0 33.31431576
558.0 33.59295456
560.0 33.8371
562.0 34.05338992
564.0 34.24536896
566.0 34.4267308
568.0 34.61896064
570.0 34.8403
572.0 35.08982928
574.0 35.36071
576.0 35.69596272
578.0 36.15837104
580.0 36.784
582.0 37.56377064
584.0 38.49923792
586.0 39.5458096
588.0 40.63184048
590.0 41.70595
592.0 42.76932528
594.0 43.81894
596.0 44.82407952
598.0 45.74754184
600.0 46.5652
602.0 47.27207144
604.0 47.85884312
606.0 48.34588
608.0 48.77013328
610.0 49.1568
612.0 49.5022352
614.0 49.8079604
616.0 50.0811652
618.0 50.3287884
620.0 50.5571
622.0 50.77140024
624.0 50.9765212
626.0 51.17712776
628.0 51.37748352
630.0 51.5812
632.0 51.79025016
634.0 52.00526936
636.0 52.23057136
638.0 52.47159016
640.0 52.7307
642.0 53.00751632
644.0 53.30391176
646.0 53.6071624
648.0 53.89753864
650.0 54.16235
652.0 54.40296752
654.0 54.61797
656.0 54.81157088
658.0 54.99221376
660.0 55.16555
662.0 55.33005808
664.0 55.48547048
666.0 55.63377688
668.0 55.77731808
670.0 55.91795
672.0 56.05587328
674.0 56.19063648
676.0 56.32514888
678.0 56.46350688
680.0 56.60765
682.0 56.75692616
684.0 56.91210448
686.0 57.0659452
688.0 57.20724592
690.0 57.3287
692.0 57.43131064
694.0 57.5149608
696.0 57.58021896
698.0 57.62900792
700.0 57.6631
702.0 57.68222768
704.0 57.68588936
706.0 57.67926824
708.0 57.66997192
710.0 57.6631
712.0 57.65881968
714.0 57.65828464
716.0 57.6604248
718.0 57.66256496
720.0 57.6631
722.0 57.6631
724.0 57.6631
726.0 57.6631
728.0 57.6631
730.0 57.6631
732.0 57.6631
734.0 57.6631
736.0 57.6631
738.0 57.6631
740.0 57.6631
742.0 57.6631
744.0 57.6631
746.0 57.6631
748.0 57.6631
750.0 57.6631
