380.0 14.3165
382.0 14.3223272
384.0 14.3288696
386.0 14.334932
388.0 14.3319224
390.0 14.3165
392.0 14.29593216
394.0 14.2729168
396.0 14.25897344
398.0 14.27027728
400.0 14.3165
402.0 14.3978428
404.0 14.51842744
406.0 14.66392488
408.0 14.81050912
410.0 14.9435
412.0 15.06660936
414.0 15.17956968
416.0 15.2897712
418.0 15.41017192
420.0 15.5496
422.0 15.7057648
424.0 15.876894
426.0 16.068756
428.0 16.2892092
430.0 16.54235
432.0 16.82685752
434.0 17.143016
436.0 17.48157928
438.0 17.82816816
440.0 18.17255
442.0 18.51449072
444.0 18.85261928
446.0 19.18272224
448.0 19.5004524
450.0 19.80275
452.0 20.08837776
454.0 20.35621544
456.0 20.60716592
458.0 20.8434864
460.0 21.0672
462.0 21.27855752
464.0 21.47794352
466.0 21.66938752
468.0 21.85849072
470.0 22.0495
472.0 22.24356904
474.0 22.44226952
476.0 22.6474908
478.0 22.86090488
480.0 23.08405
482.0 23.31759496
484.0 23.5612388
486.0 23.81842584
488.0 24.09400488
490.0 24.3903
492.0 24.7053884
494.0 25.03781544
496.0 25.38278248
498.0 25.73326712
500.0 26.0832
502.0 26.43054128
504.0 26.77346848
506.0 27.10335408
508.0 27.40891208
510.0 27.68205
512.0 27.92236656
514.0 28.13012928
516.0 28.3003556
518.0 28.42694272
520.0 28.5076
522.0 28.54431712
524.0 28.5374452
526.0 28.50064448
528.0 28.45439696
530.0 28.41355
532.0 28.37897304
534.0 28.35250528
536.0 28.34217232
538.0 28.35708656
540.0 28.4031
542.0 28.48089816
544.0 28.59121672
546.0 28.73062808
548.0 28.89277864
550.0 29.0719
552.0 29.26966416
554.0 29.49097008
556.0 29.7154528
558.0 29.91243112
560.0 30.06465
562.0 30.18050288
564.0 30.2655408
566.0 30.33461112
568.0 30.41053664
570.0 30.514
572.0 30.64620504
574.0 30.80101552
576.0 31.0325708
578.0 31.41945488
580.0 32.00835
582.0 32.79002672
584.0 33.7669596
586.0 34.89453968
588.0 36.09919896
590.0 37.3274
592.0 38.57987848
594.0 39.85285568
596.0 41.10894568
598.0 42.30149968
600.0 43.39885
602.0 44.39382376
604.0 45.27465008
606.0 46.0551564
608.0 46.76451912
610.0 47.4221
612.0 48.02191328
614.0 48.562822
616.0 49.05114632
618.0 49.49432664
620.0 49.89875
622.0 50.26827872
624.0 50.60685872
626.0 50.91952272
628.0 51.21145392
630.0 51.48715
632.0 51.74921928
634.0 51.99938392
636.0 52.24269336
638.0 52.4852504
640.0 52.7307
642.0 52.98026272
644.0 53.23694816
646.0 53.492714
648.0 53.73418424
650.0 53.95335
652.0 54.152318
654.0 54.3304696
656.0 54.4944928
658.0 54.6555064
660.0 54.8207
662.0 54.98917072
664.0 55.1619552
666.0 55.33691328
668.0 55.50961416
670.0 55.6776
672.0 55.84167336
674.0 56.00078088
676.0 56.1596376
678.0 56.32576752
680.0 56.50315
682.0 56.68984552
684.0 56.88562
686.0 57.08331728
688.0 57.27190216
690.0 57.44365
692.0 57.59927976
694.0 57.73932648
696.0 57.8592256
698.0 57.95320872
700.0 58.0184
702.0 58.0551004
704.0 58.061872
706.0 58.0485796
708.0 58.0306892
710.0 58.0184
712.0 58.0110432
714.0 58.0101236
716.0 58.013802
718.0 58.0174804
720.0 58.0184
722.0 58.0184
724.0 58.0184
726.0 58.0184
728.0 58.0184
730.0 58.0184
732.0 58.0184
734.0 58.0184
736.0 58.0184
738.0 58.0184
740.0 58.0184
742.0 58.0184
744.0 58.0184
746.0 58.0184
748.0 58.0184
750.0 58.0184
