380.0 13.21925
382.0 13.22592488
384.0 13.23338264
386.0 13.2402224
388.0 13.23676136
390.0 13.21925
392.0 13.1958968
394.0 13.16981
396.0 13.154024
398.0 13.1668292
400.0 13.21925
402.0 13.31167816
404.0 13.4488992
406.0 13.61521304
408.0 13.78436928
410.0 13.9403
412.0 14.08775368
414.0 14.22741584
416.0 14.3667436
418.0 14.51869496
420.0 14.6927
422.0 14.88683592
424.0 15.0986616
426.0 15.33966368
428.0 15.62622776
430.0 15.9676
432.0 16.36137272
434.0 16.80793048
436.0 17.29419824
438.0 17.7993596
440.0 18.3084
442.0 18.82083456
444.0 19.33445624
446.0 19.84172432
448.0 20.3342788
450.0 20.80595
452.0 21.25422992
454.0 21.67666072
456.0 22.07284112
458.0 22.44402512
460.0 22.79145
462.0 23.11451384
464.0 23.41278192
466.0 23.6909024
468.0 23.95581408
470.0 24.21265
472.0 24.46209568
474.0 24.7053048
476.0 24.94500272
478.0 25.18411544
480.0 25.42485
482.0 25.66782504
484.0 25.91317432
486.0 26.1624528
488.0 26.41749968
490.0 26.67885
492.0 26.94521632
494.0 27.2153948
496.0 27.48565688
498.0 27.75073576
500.0 28.006
502.0 28.25009528
504.0 28.48233608
506.0 28.69468008
508.0 28.87617568
510.0 29.01965
512.0 29.12588888
514.0 29.19561128
516.0 29.22846608
518.0 29.22487128
520.0 29.18685
522.0 29.11632504
524.0 29.01411568
526.0 28.89317992
528.0 28.77216056
530.0 28.66435
532.0 28.5709688
534.0 28.49440792
536.0 28.43883064
538.0 28.40766456
540.0 28.4031
542.0 28.42619032
544.0 28.47745384
546.0 28.55446616
548.0 28.65296368
550.0 28.76885
552.0 28.90329552
554.0 29.06032976
556.0 29.2234668
558.0 29.36779384
560.0 29.47945
562.0 29.56529048
564.0 29.629512
566.0 29.68579152
568.0 29.75511264
570.0 29.85565
572.0 29.98778816
574.0 30.14626032
576.0 30.37361888
578.0 30.73147704
580.0 31.25595
582.0 31.93959736
584.0 32.78489368
586.0 33.7521624
588.0 34.77669712
590.0 35.81215
592.0 36.85952424
594.0 37.915108
596.0 38.95271776
598.0 39.94125432
600.0 40.8595
602.0 41.700934
604.0 42.45597576
606.0 43.13636272
608.0 43.76592088
610.0 44.36025
612.0 44.91475208
614.0 45.42900912
616.0 45.90547896
618.0 46.3460844
620.0 46.7533
622.0 47.13026912
624.0 47.47949976
626.0 47.8060748
628.0 48.11626424
630.0 48.41485
632.0 48.7031864
634.0 48.9824104
636.0 49.255448
638.0 49.525476
640.0 49.79425
642.0 50.06299056
644.0 50.3343896
646.0 50.60127424
648.0 50.85194048
650.0 51.0796
652.0 51.28612544
654.0 51.47071424
656.0 51.64142544
658.0 51.81130064
660.0 51.98875
662.0 52.17280376
664.0 52.36464904
666.0 52.56151032
668.0 52.7577864
670.0 52.95015
672.0 53.13957088
674.0 53.32519632
676.0 53.51057096
678.0 53.7015468
680.0 53.9011
682.0 54.10715728
684.0 54.31881576
686.0 54.53072504
688.0 54.73485952
690.0 54.9252
692.0 55.10203072
694.0 55.26632144
696.0 55.41079896
698.0 55.52534768
700.0 55.60445
702.0 55.64894192
704.0 55.65708456
706.0 55.640816
708.0 55.61911344
710.0 55.60445
712.0 55.5957556
714.0 55.5946688
716.0 55.599016
718.0 55.6033632
720.0 55.60445
722.0 55.60445
724.0 55.60445
726.0 55.60445
728.0 55.60445
730.0 55.60445
732.0 55.60445
734.0 55.60445
736.0 55.60445
738.0 55.60445
740.0 55.60445
742.0 55.60445
744.0 55.60445
746.0 55.60445
748.0 55.60445
750.0 55.60445
