380.0 10.60675
382.0 10.61184792
384.0 10.61750344
386.0 10.62261136
388.0 10.61995288
390.0 10.60675
392.0 10.58905696
394.0 10.56909496
396.0 10.55689936
398.0 10.56660696
400.0 10.60675
402.0 10.67737528
404.0 10.78169136
406.0 10.90841224
408.0 11.03864432
410.0 11.1606
412.0 11.27743936
414.0 11.38961384
416.0 11.50078512
418.0 11.6178084
420.0 11.7458
422.0 11.88360624
424.0 12.02972232
426.0 12.1917224
428.0 12.38055808
430.0 12.6027
432.0 12.85674368
434.0 13.1428396
436.0 13.45476792
438.0 13.78232944
440.0 14.11795
442.0 14.46124504
444.0 14.81109432
446.0 15.1620304
448.0 15.50736528
450.0 15.8422
452.0 16.1650632
454.0 16.4742996
456.0 16.7690732
458.0 17.0494676
460.0 17.31565
462.0 17.56708536
464.0 17.8035396
466.0 18.02678504
468.0 18.23958048
470.0 18.44425
472.0 18.641546
474.0 18.83235464
476.0 19.01940128
478.0 19.20611352
480.0 19.3952
482.0 19.5872292
484.0 19.78233488
486.0 19.98362696
488.0 20.19520184
490.0 20.4193
492.0 20.65476776
494.0 20.90046816
496.0 21.15427776
498.0 21.41301976
500.0 21.6733
502.0 21.93351336
504.0 22.19284056
506.0 22.44221936
508.0 22.66902616
510.0 22.8646
512.0 23.02915824
514.0 23.16276776
516.0 23.26293728
518.0 23.327326
520.0 23.35575
522.0 23.3496472
524.0 23.30966968
526.0 23.24611696
528.0 23.17412064
530.0 23.10495
532.0 23.03980888
534.0 22.98026896
536.0 22.93418864
538.0 22.91101472
540.0 22.91685
542.0 22.95211248
544.0 23.01745424
546.0 23.1100496
548.0 23.22446456
550.0 23.35575
552.0 23.50542744
554.0 23.6777772
556.0 23.85505936
558.0 24.01052192
560.0 24.12905
562.0 24.21773288
564.0 24.28108496
566.0 24.33198064
568.0 24.39031672
570.0 24.4739
572.0 24.58396776
574.0 24.71612264
576.0 24.91440512
578.0 25.2424348
580.0 25.73835
582.0 26.39522864
584.0 27.21516072
586.0 28.1645056
588.0 29.18725128
590.0 30.2423
592.0 31.32990256
594.0 32.4469156
596.0 33.56242384
598.0 34.63738608
600.0 35.64495
602.0 36.57889576
604.0 37.42925824
606.0 38.20479872
608.0 38.925832
610.0 39.6055
612.0 40.23836872
614.0 40.82289992
616.0 41.36245432
618.0 41.86104472
620.0 42.3225
622.0 42.7494452
624.0 43.14430472
626.0 43.51241224
628.0 43.86028856
630.0 44.19305
632.0 44.51243544
634.0 44.81991624
636.0 45.11920424
638.0 45.41447944
640.0 45.7083
642.0 46.00208712
644.0 46.29863304
646.0 46.59166776
648.0 46.87065768
650.0 47.1295
652.0 47.37030144
654.0 47.59294496
656.0 47.80371728
658.0 48.012734
660.0 48.22675
662.0 48.44518008
664.0 48.66872648
666.0 48.89737248
668.0 49.12994768
670.0 49.3658
672.0 49.6051468
674.0 49.84706848
676.0 50.09342096
678.0 50.34721384
680.0 50.60935
682.0 50.87768928
684.0 51.15096096
686.0 51.42264424
688.0 51.68337592
690.0 51.92605
692.0 52.15066648
694.0 52.35821184
696.0 52.5399248
698.0 52.68368336
700.0 52.78295
702.0 52.83876136
704.0 52.848994
706.0 52.82862904
708.0 52.80140888
710.0 52.78295
712.0 52.77198168
714.0 52.77061064
716.0 52.7760948
718.0 52.78157896
720.0 52.78295
722.0 52.78295
724.0 52.78295
726.0 52.78295
728.0 52.78295
730.0 52.78295
732.0 52.78295
734.0 52.78295
736.0 52.78295
738.0 52.78295
740.0 52.78295
742.0 52.78295
744.0 52.78295
746.0 52.78295
748.0 52.78295
750.0 52.78295
