380.0 16.20795
382.0 16.21237656
384.0 16.21742376
386.0 16.22225136
388.0 16.21999416
390.0 16.20795
392.0 16.19201632
394.0 16.17446456
396.0 16.1639976
398.0 16.17275864
400.0 16.20795
402.0 16.27003136
404.0 16.3627772
406.0 16.47391504
408.0 16.58313008
410.0 16.6782
412.0 16.76268616
414.0 16.83657184
416.0 16.90820032
418.0 16.9915328
420.0 17.0962
422.0 17.22037944
424.0 17.36273352
426.0 17.5293316
428.0 17.72819928
430.0 17.96355
432.0 18.2341632
434.0 18.5403064
436.0 18.8727
438.0 19.2168812
440.0 19.5624
442.0 19.90868792
444.0 20.2540228
446.0 20.59342208
448.0 20.92153536
450.0 21.2344
452.0 21.5304276
454.0 21.80829728
456.0 22.06735696
458.0 22.30777384
460.0 22.5302
462.0 22.73463544
464.0 22.92082936
466.0 23.09389808
468.0 23.2614492
470.0 23.4289
472.0 23.59671864
474.0 23.76604208
476.0 23.93837512
478.0 24.11480456
480.0 24.29625
482.0 24.48348056
484.0 24.67681392
486.0 24.87691888
488.0 25.08446424
490.0 25.29945
492.0 25.5206556
494.0 25.74644248
496.0 25.97565696
498.0 26.20704504
500.0 26.4385
502.0 26.6683164
504.0 26.89609296
506.0 27.11249992
508.0 27.30424488
510.0 27.4626
512.0 27.588418
514.0 27.68189952
516.0 27.74319504
518.0 27.77380936
520.0 27.7761
522.0 27.7513544
524.0 27.70039184
526.0 27.63329448
528.0 27.56444152
530.0 27.5044
532.0 27.45470816
534.0 27.41760648
536.0 27.3981444
538.0 27.40150512
540.0 27.43125
542.0 27.48823176
544.0 27.5727012
546.0 27.68450784
548.0 27.82264848
550.0 27.9851
552.0 28.17266496
554.0 28.38917224
556.0 28.61780152
558.0 28.8328876
560.0 29.01965
562.0 29.18519472
564.0 29.33483872
566.0 29.47712592
568.0 29.62526512
570.0 29.79295
572.0 29.98136768
574.0 30.18421472
576.0 30.45059776
578.0 30.8527472
580.0 31.4336
582.0 32.18406048
584.0 33.10590096
586.0 34.15949504
588.0 35.27946752
590.0 36.41825
592.0 37.57676208
594.0 38.75214464
596.0 39.9104728
598.0 41.00911056
600.0 42.01945
602.0 42.9353716
604.0 43.7459572
606.0 44.4665892
608.0 45.1279488
610.0 45.7501
612.0 46.32720752
614.0 46.858636
616.0 47.34734488
618.0 47.79550776
620.0 48.20585
622.0 48.58240112
624.0 48.92888968
626.0 49.24904424
628.0 49.5467104
630.0 49.8256
632.0 50.08790336
634.0 50.33459024
636.0 50.57283352
638.0 50.8122472
640.0 51.0587
642.0 51.31302792
644.0 51.57845792
646.0 51.84606152
648.0 52.10079072
650.0 52.3336
652.0 52.5470308
654.0 52.74066512
656.0 52.92125784
658.0 53.10009496
660.0 53.28455
662.0 53.47368664
664.0 53.66839104
666.0 53.86735904
668.0 54.06741384
670.0 54.26685
672.0 54.46616912
674.0 54.66406704
676.0 54.86505816
678.0 55.07633208
680.0 55.3014
682.0 55.53792112
684.0 55.78532696
686.0 56.03499
688.0 56.27386864
690.0 56.4927
692.0 56.69206928
694.0 56.8725784
696.0 57.02792392
698.0 57.14999664
700.0 57.23465
702.0 57.28231872
704.0 57.29109672
706.0 57.27379152
708.0 57.25055072
710.0 57.23465
712.0 57.22515304
714.0 57.22396592
716.0 57.2287144
718.0 57.23346288
720.0 57.23465
722.0 57.23465
724.0 57.23465
726.0 57.23465
728.0 57.23465
730.0 57.23465
732.0 57.23465
734.0 57.23465
736.0 57.23465
738.0 57.23465
740.0 57.23465
742.0 57.23465
744.0 57.23465
746.0 57.23465
748.0 57.23465
750.0 57.23465
