380.0 16.81405
382.0 16.81718856
384.0 16.82075464
386.0 16.82414152
388.0 16.8225364
390.0 16.81405
392.0 16.80286928
394.0 16.79070192
396.0 16.78352656
398.0 16.7896436
400.0 16.81405
402.0 16.8573548
404.0 16.92252936
406.0 17.00116352
408.0 17.07921248
410.0 17.14845
412.0 17.21186896
414.0 17.26993752
416.0 17.32942728
418.0 17.40128984
420.0 17.4933
422.0 17.60435424
424.0 17.73329888
426.0 17.88665472
428.0 18.07328336
430.0 18.29795
432.0 18.55925016
434.0 18.85733432
436.0 19.18317368
438.0 19.52263984
440.0 19.86545
442.0 20.21103568
444.0 20.55780848
446.0 20.90015048
448.0 21.23170808
450.0 21.5479
452.0 21.84712112
454.0 22.12773288
456.0 22.38986904
458.0 22.6350344
460.0 22.8646
462.0 23.07834848
464.0 23.27627984
466.0 23.461922
468.0 23.64037456
470.0 23.81555
472.0 23.98831776
474.0 24.1598148
476.0 24.33264944
478.0 24.50974768
480.0 24.69335
482.0 24.88389112
484.0 25.08120384
486.0 25.28762896
488.0 25.50625968
490.0 25.73835
492.0 25.98231152
494.0 26.23682336
496.0 26.4975216
498.0 26.75813624
500.0 27.01325
502.0 27.26135808
504.0 27.5015576
506.0 27.72512072
508.0 27.92025984
510.0 28.07915
512.0 28.20225936
514.0 28.28992232
516.0 28.34163728
518.0 28.35782224
520.0 28.3404
522.0 28.29120976
524.0 28.21130488
526.0 28.11259
528.0 28.01211952
530.0 27.9224
532.0 27.8449028
534.0 27.7817012
536.0 27.7394832
538.0 27.7256056
540.0 27.74475
542.0 27.79736784
544.0 27.8836932
546.0 28.00103416
548.0 28.14445832
550.0 28.30905
552.0 28.49584584
554.0 28.70912616
556.0 28.92892728
558.0 29.1252368
560.0 29.2809
562.0 29.40374184
564.0 29.49907928
566.0 29.57945232
568.0 29.66433976
570.0 29.77205
572.0 29.90408784
574.0 30.05488552
576.0 30.2764088
578.0 30.64423208
580.0 31.2037
582.0 31.94630208
584.0 32.8742788
586.0 33.94855552
588.0 35.10400784
590.0 36.29285
592.0 37.5155
594.0 38.76851352
596.0 40.01559144
598.0 41.21075376
600.0 42.3225
602.0 43.34397496
604.0 44.26397624
606.0 45.09293712
608.0 45.8547672
610.0 46.5652
612.0 47.21835008
614.0 47.81269592
616.0 48.35378856
618.0 48.8485668
620.0 49.3031
622.0 49.72069872
624.0 50.10462336
626.0 50.4612944
628.0 50.79823584
630.0 51.1214
632.0 51.43296048
634.0 51.7345224
636.0 52.03073392
638.0 52.32694544
640.0 52.6262
642.0 52.92978504
644.0 53.24084392
646.0 53.5502308
648.0 53.84298128
650.0 54.1101
652.0 54.35392776
654.0 54.5739964
656.0 54.77726144
658.0 54.97534328
660.0 55.176
662.0 55.37827856
664.0 55.58274744
666.0 55.78989152
668.0 55.9992092
670.0 56.21055
672.0 56.4243152
674.0 56.63985272
676.0 56.85906864
678.0 57.08488896
680.0 57.31825
682.0 57.55741288
684.0 57.80157504
686.0 58.0441488
688.0 58.27552016
690.0 58.48865
692.0 58.68373896
694.0 58.861506
696.0 59.01536344
698.0 59.13644968
700.0 59.22015
702.0 59.26720008
704.0 59.27586104
706.0 59.2587732
708.0 59.23583336
710.0 59.22015
712.0 59.2107868
714.0 59.2096164
716.0 59.214298
718.0 59.2189796
720.0 59.22015
722.0 59.22015
724.0 59.22015
726.0 59.22015
728.0 59.22015
730.0 59.22015
732.0 59.22015
734.0 59.22015
736.0 59.22015
738.0 59.22015
740.0 59.22015
742.0 59.22015
744.0 59.22015
746.0 59.22015
748.0 59.22015
750.0 59.22015
