380.0 9.8857
382.0 9.8919672
384.0 9.8989408
386.0 9.9052804
388.0 9.90202
390.0 9.8857
392.0 9.86376904
394.0 9.8388256
396.0 9.82348216
398.0 9.83555952
400.0 9.8857
402.0 9.9735636
404.0 10.10269216
406.0 10.25873992
408.0 10.41788088
410.0 10.56495
412.0 10.70317424
414.0 10.83240312
416.0 10.9560308
418.0 11.08116328
420.0 11.21285
422.0 11.34965304
424.0 11.4905692
426.0 11.64084856
428.0 11.80793152
430.0 11.9966
432.0 12.20616848
434.0 12.43630256
436.0 12.68641704
438.0 12.95500712
440.0 13.24015
442.0 13.54111
444.0 13.85773664
446.0 14.18263968
448.0 14.50520192
450.0 14.8181
452.0 15.12104968
454.0 15.41298088
456.0 15.69304088
458.0 15.96139688
460.0 16.2184
462.0 16.46314736
464.0 16.69448528
466.0 16.9166272
468.0 17.13617752
470.0 17.35745
472.0 17.58036104
474.0 17.8060476
476.0 18.03265376
478.0 18.25650112
480.0 18.4756
482.0 18.69098704
484.0 18.90251176
486.0 19.11345128
488.0 19.3289052
490.0 19.55195
492.0 19.78154904
494.0 20.01716728
496.0 20.25746712
498.0 20.50019136
500.0 20.74325
502.0 20.98587392
504.0 21.22731072
506.0 21.46381512
508.0 21.69037112
510.0 21.9032
512.0 22.10213456
514.0 22.28760952
516.0 22.45544488
518.0 22.59995584
520.0 22.7183
522.0 22.811932
524.0 22.88138688
526.0 22.93320216
528.0 22.97732624
530.0 23.02135
532.0 23.066076
534.0 23.11244056
536.0 23.16733232
538.0 23.23952928
540.0 23.33485
542.0 23.45342824
544.0 23.59553152
546.0 23.7604576
548.0 23.94611648
550.0 24.14995
552.0 24.37301152
554.0 24.6188624
556.0 24.87240448
558.0 25.11064776
560.0 25.32035
562.0 25.50679472
564.0 25.67262368
566.0 25.82867144
568.0 25.992076
570.0 26.17725
572.0 26.38421016
574.0 26.60941184
576.0 26.88326872
578.0 27.2495872
580.0 27.7343
582.0 28.33224064
584.0 29.04466312
586.0 29.846036
588.0 30.69439208
590.0 31.559
592.0 32.43992664
594.0 33.3348312
596.0 34.22120856
598.0 35.07080192
600.0 35.8644
602.0 36.59787296
604.0 37.26441576
606.0 37.87160256
608.0 38.43581896
610.0 38.96805
612.0 39.46490152
614.0 39.92565456
616.0 40.354974
618.0 40.75871184
620.0 41.14165
622.0 41.50601224
624.0 41.8541728
626.0 42.18945896
628.0 42.51529832
630.0 42.83455
632.0 43.14861848
634.0 43.45825616
636.0 43.76647264
638.0 44.07694632
640.0 44.3916
642.0 44.71091856
644.0 45.03685824
646.0 45.36221272
648.0 45.6754452
650.0 45.96955
652.0 46.24598176
654.0 46.50402152
656.0 46.74910328
658.0 46.99042304
660.0 47.234
662.0 47.47906504
664.0 47.72638728
666.0 47.97496352
668.0 48.22228576
670.0 48.4671
672.0 48.70989112
674.0 48.94957232
676.0 49.19050752
678.0 49.43955192
680.0 49.7002
682.0 49.9699772
684.0 50.24746232
686.0 50.52687024
688.0 50.79959016
690.0 51.0587
692.0 51.30428336
694.0 51.53801224
696.0 51.74749712
698.0 51.9150148
700.0 52.03055
702.0 52.09557408
704.0 52.10739512
706.0 52.08343536
708.0 52.0517008
710.0 52.03055
712.0 52.01811032
714.0 52.01655536
716.0 52.0227752
718.0 52.02899504
720.0 52.03055
722.0 52.03055
724.0 52.03055
726.0 52.03055
728.0 52.03055
730.0 52.03055
732.0 52.03055
734.0 52.03055
736.0 52.03055
738.0 52.03055
740.0 52.03055
742.0 52.03055
744.0 52.03055
746.0 52.03055
748.0 52.03055
750.0 52.03055
