380.0 12.29965
382.0 12.30329576
384.0 12.30746104
386.0 12.31146112
388.0 12.3096052
390.0 12.29965
392.0 12.28655184
394.0 12.27232232
396.0 12.2639488
398.0 12.27112488
400.0 12.29965
402.0 12.350228
404.0 12.4263876
406.0 12.5179296
408.0 12.6078832
410.0 12.6863
412.0 12.75657416
414.0 12.8188896
416.0 12.88195744
418.0 12.95990608
420.0 13.0625
422.0 13.18838488
424.0 13.33682504
426.0 13.5130204
428.0 13.72349176
430.0 13.97165
432.0 14.2565588
434.0 14.5782516
436.0 14.9292044
438.0 15.2977132
440.0 15.675
442.0 16.06012848
444.0 16.4514768
446.0 16.84282512
448.0 17.22673304
450.0 17.5978
452.0 17.954354
454.0 18.29453912
456.0 18.61792064
458.0 18.92533456
460.0 19.21755
462.0 19.49398176
464.0 19.75429544
466.0 20.00131672
468.0 20.2393092
470.0 20.47155
472.0 20.69865776
474.0 20.92150192
476.0 21.14250688
478.0 21.36451504
480.0 21.5897
482.0 21.81836272
484.0 22.05023568
486.0 22.28779344
488.0 22.53438
490.0 22.79145
492.0 23.0571308
494.0 23.32953304
496.0 23.60544648
498.0 23.88044032
500.0 24.14995
502.0 24.4118688
504.0 24.66524368
506.0 24.89863816
508.0 25.09616824
510.0 25.2472
512.0 25.35271992
514.0 25.41369776
516.0 25.427776
518.0 25.39286464
520.0 25.3099
522.0 25.18150712
524.0 25.0086892
526.0 24.80878488
528.0 24.60704136
530.0 24.42165
532.0 24.25389824
534.0 24.10612688
536.0 23.98694672
538.0 23.90563736
540.0 23.8678
542.0 23.87388608
544.0 23.92441392
546.0 24.01314696
548.0 24.1296352
550.0 24.2649
552.0 24.42074712
554.0 24.60294496
556.0 24.7858116
558.0 24.93105824
560.0 25.0173
562.0 25.05440168
564.0 25.0480648
566.0 25.01999192
568.0 25.00370664
570.0 25.02775
572.0 25.09314192
574.0 25.19354552
576.0 25.39000552
578.0 25.77021832
580.0 26.38625
582.0 27.22828592
584.0 28.29936912
586.0 29.54868752
588.0 30.89247392
590.0 32.2696
592.0 33.68075128
594.0 35.12171432
596.0 36.54846536
598.0 37.9057448
600.0 39.15615
602.0 40.291438
604.0 41.29761416
606.0 42.19184992
608.0 43.00984248
610.0 43.77505
612.0 44.48001536
614.0 45.12328392
616.0 45.71070768
618.0 46.24864024
620.0 46.74285
622.0 47.197634
624.0 47.61712208
626.0 48.00668136
628.0 48.37199664
630.0 48.7179
632.0 49.04713352
634.0 49.36175376
636.0 49.666342
638.0 49.96616504
640.0 50.2645
642.0 50.56298544
644.0 50.8648316
646.0 51.16308296
648.0 51.44595192
650.0 51.7066
652.0 51.94740144
654.0 52.16820576
656.0 52.37596848
658.0 52.581892
660.0 52.7934
662.0 53.00989056
664.0 53.23236688
666.0 53.4600264
668.0 53.69036112
670.0 53.922
672.0 54.1553276
674.0 54.3890732
676.0 54.6268316
678.0 54.8743712
680.0 55.1342
682.0 55.40391032
684.0 55.6826996
686.0 55.96173968
688.0 56.22790536
690.0 56.4718
692.0 56.69387504
694.0 56.89479928
696.0 57.06763392
698.0 57.20335016
700.0 57.29735
702.0 57.35023536
704.0 57.35998312
706.0 57.34080528
708.0 57.31502304
710.0 57.29735
712.0 57.28678296
714.0 57.28546208
716.0 57.2907456
718.0 57.29602912
720.0 57.29735
722.0 57.29735
724.0 57.29735
726.0 57.29735
728.0 57.29735
730.0 57.29735
732.0 57.29735
734.0 57.29735
736.0 57.29735
738.0 57.29735
740.0 57.29735
742.0 57.29735
744.0 57.29735
746.0 57.29735
748.0 57.29735
750.0 57.29735
