380.0 11.15015
382.0 11.15265688
384.0 11.15544632
386.0 11.15798216
388.0 11.156678
390.0 11.15015
392.0 11.14153144
394.0 11.13216936
396.0 11.12664728
398.0 11.1313244
400.0 11.15015
402.0 11.1837572
404.0 11.23448568
406.0 11.29675096
408.0 11.36102264
410.0 11.42185
412.0 11.48147352
414.0 11.54019416
416.0 11.6035964
418.0 11.68054184
420.0 11.77715
422.0 11.89245112
424.0 12.0256092
426.0 12.18033608
428.0 12.36148056
430.0 12.57135
432.0 12.80897464
434.0 13.07452168
436.0 13.36046712
438.0 13.65527416
440.0 13.95075
442.0 14.2464432
444.0 14.54081552
446.0 14.83134224
448.0 15.11593336
450.0 15.39285
452.0 15.66040344
454.0 15.91705544
456.0 16.16292304
458.0 16.39900944
460.0 16.62595
462.0 16.84366112
464.0 17.05284504
466.0 17.25258216
468.0 17.44128408
470.0 17.6187
472.0 17.78638488
474.0 17.94529176
476.0 18.10018584
478.0 18.25783872
480.0 18.42335
482.0 18.5970708
484.0 18.77901784
486.0 18.97409008
488.0 19.18872472
490.0 19.42655
492.0 19.68624504
494.0 19.96675648
496.0 20.26448952
498.0 20.57384296
500.0 20.88955
502.0 21.20945376
504.0 21.53169832
506.0 21.84650248
508.0 22.14074104
510.0 22.4048
512.0 22.6381276
514.0 22.84100808
516.0 23.00593416
518.0 23.12329184
520.0 23.18855
522.0 23.2037652
524.0 23.16895416
526.0 23.09894752
528.0 23.01640088
530.0 22.93775
532.0 22.86356336
534.0 22.79539592
536.0 22.74311248
538.0 22.71841704
540.0 22.72875
542.0 22.77476344
544.0 22.85764448
546.0 22.97229352
548.0 23.10951456
550.0 23.2617
552.0 23.43093984
554.0 23.62219992
556.0 23.815132
558.0 23.97930568
560.0 24.0977
562.0 24.17802288
564.0 24.2245212
566.0 24.25463392
568.0 24.29536384
570.0 24.3694
572.0 24.47694304
574.0 24.61235832
576.0 24.8232644
578.0 25.17821328
580.0 25.71745
582.0 26.43304928
584.0 27.328004
586.0 28.35813992
588.0 29.45131024
590.0 30.5558
592.0 31.67301368
594.0 32.79938992
596.0 33.90453176
598.0 34.9518224
600.0 35.91665
602.0 36.79220952
604.0 37.56763296
606.0 38.2587876
608.0 38.89652184
610.0 39.501
612.0 40.06678808
614.0 40.593652
616.0 41.08364832
618.0 41.53744584
620.0 41.95675
622.0 42.34552344
624.0 42.70707672
626.0 43.0454728
628.0 43.36530968
630.0 43.67055
632.0 43.96278216
634.0 44.2426248
636.0 44.51594664
638.0 44.79052248
640.0 45.07085
642.0 45.35766488
644.0 45.65416064
646.0 45.9502384
648.0 46.22934536
650.0 46.4816
652.0 46.70959392
654.0 46.9126416
656.0 47.09922008
658.0 47.28337416
660.0 47.47435
662.0 47.67096048
664.0 47.87402488
666.0 48.08285768
668.0 48.29495088
670.0 48.5089
672.0 48.7251732
674.0 48.94260008
676.0 49.16429056
678.0 49.39526064
680.0 49.6375
682.0 49.88886848
684.0 50.14901496
686.0 50.40824184
688.0 50.65208632
690.0 50.8706
692.0 51.06445168
694.0 51.23379184
696.0 51.3750424
698.0 51.48435776
700.0 51.5603
702.0 51.60300288
704.0 51.6109616
706.0 51.59567952
708.0 51.57487984
710.0 51.5603
712.0 51.55147184
714.0 51.55036832
716.0 51.5547824
718.0 51.55919648
720.0 51.5603
722.0 51.5603
724.0 51.5603
726.0 51.5603
728.0 51.5603
730.0 51.5603
732.0 51.5603
734.0 51.5603
736.0 51.5603
738.0 51.5603
740.0 51.5603
742.0 51.5603
744.0 51.5603
746.0 51.5603
748.0 51.5603
750.0 51.5603
