380.0 17.87995
382.0 17.89201272
384.0 17.9058508
386.0 17.91924808
388.0 17.91312856
390.0 17.87995
392.0 17.83578184
394.0 17.78623288
396.0 17.75620072
398.0 17.78067576
400.0 17.87995
402.0 18.05355376
404.0 18.31000512
406.0 18.61394128
408.0 18.90759464
410.0 19.15485
412.0 19.36316448
414.0 19.53069888
416.0 19.67340408
418.0 19.82028928
420.0 19.99085
422.0 20.17968568
424.0 20.38358608
426.0 20.61256648
428.0 20.87983568
430.0 21.1926
432.0 21.54972248
434.0 21.95275808
436.0 22.38689288
438.0 22.82863528
440.0 23.2617
442.0 23.6865552
444.0 24.10136168
446.0 24.50187256
448.0 24.88466024
450.0 25.2472
452.0 25.58733496
454.0 25.90317576
456.0 26.19661176
458.0 26.47157216
460.0 26.7311
462.0 26.97534576
464.0 27.20507856
466.0 27.42319096
468.0 27.63336136
470.0 27.8388
472.0 28.04109528
474.0 28.24171856
476.0 28.44443184
478.0 28.65383312
480.0 28.87335
482.0 29.1035844
484.0 29.34472024
486.0 29.59923208
488.0 29.87012952
490.0 30.1587
492.0 30.4635056
494.0 30.78309168
496.0 31.11388016
498.0 31.45077144
500.0 31.7889
502.0 32.12651024
504.0 32.46284976
506.0 32.78723448
508.0 33.0848672
510.0 33.34595
512.0 33.57093432
514.0 33.75958608
516.0 33.91228984
518.0 34.0312192
520.0 34.11925
522.0 34.17716808
524.0 34.20497344
526.0 34.2147212
528.0 34.22388376
530.0 34.24465
532.0 34.27814016
534.0 34.3272468
536.0 34.39282264
538.0 34.47344648
540.0 34.5686
542.0 34.68002208
544.0 34.80789664
546.0 34.9541632
548.0 35.12149696
550.0 35.31055
552.0 35.5217236
554.0 35.7584788
556.0 36.0067708
558.0 36.24478
560.0 36.46005
562.0 36.65940256
564.0 36.848372
566.0 37.03341224
568.0 37.22422088
570.0 37.4319
572.0 37.6574528
574.0 37.89399064
576.0 38.18913208
578.0 38.61343552
580.0 39.2084
582.0 39.96441152
584.0 40.88314208
586.0 41.92267464
588.0 43.0145408
590.0 44.10945
592.0 45.20882344
594.0 46.30991904
596.0 47.38125304
598.0 48.38403504
600.0 49.29265
602.0 50.10137968
604.0 50.79982424
606.0 51.4063088
608.0 51.95527656
610.0 52.46945
612.0 52.94369608
614.0 53.3784328
616.0 53.77621832
618.0 54.13788864
620.0 54.4654
622.0 54.76338384
624.0 55.03573592
626.0 55.2865192
628.0 55.52008088
630.0 55.7403
632.0 55.94908264
634.0 56.1472648
636.0 56.34093256
638.0 56.53811152
640.0 56.7435
642.0 56.95769992
644.0 57.18353696
646.0 57.4117148
648.0 57.62693464
650.0 57.81985
652.0 57.99260104
654.0 58.1444688
656.0 58.28170656
658.0 58.41501512
660.0 58.55135
662.0 58.68972472
664.0 58.83104216
666.0 58.9737808
668.0 59.11451304
670.0 59.2515
672.0 59.38537704
674.0 59.51484
676.0 59.64547336
678.0 59.78605512
680.0 59.9412
682.0 60.1090688
684.0 60.29019656
686.0 60.47475192
688.0 60.64743608
690.0 60.7981
692.0 60.92794752
694.0 61.03679472
696.0 61.12407312
698.0 61.19045152
700.0 61.237
702.0 61.2632504
704.0 61.26819952
706.0 61.25893664
708.0 61.24616256
710.0 61.237
712.0 61.23138208
714.0 61.23067984
716.0 61.2334888
718.0 61.23629776
720.0 61.237
722.0 61.237
724.0 61.237
726.0 61.237
728.0 61.237
730.0 61.237
732.0 61.237
734.0 61.237
736.0 61.237
738.0 61.237
740.0 61.237
742.0 61.237
744.0 61.237
746.0 61.237
748.0 61.237
750.0 61.237
