380.0 10.5754
382.0 10.5826032
384.0 10.59071296
386.0 10.59827152
388.0 10.59455968
390.0 10.5754
392.0 10.54980992
394.0 10.52103792
396.0 10.50353632
398.0 10.51763552
400.0 10.5754
402.0 10.67679008
404.0 10.82663472
406.0 11.00674256
408.0 11.1870176
410.0 11.3487
412.0 11.4960868
414.0 11.62864296
416.0 11.75434392
418.0 11.88765248
420.0 12.0384
422.0 12.20399488
424.0 12.38276512
426.0 12.58067976
428.0 12.8057644
430.0 13.0625
432.0 13.34988336
434.0 13.66814856
436.0 14.01023976
438.0 14.36495456
440.0 14.72405
442.0 15.08707464
444.0 15.45284136
446.0 15.81601648
448.0 16.1702464
450.0 16.511
452.0 16.83705672
454.0 17.14709568
456.0 17.44099984
458.0 17.7197724
460.0 17.98445
462.0 18.23464808
464.0 18.46986504
466.0 18.6942976
468.0 18.91421576
470.0 19.13395
472.0 19.35376784
474.0 19.5746892
476.0 19.79678096
478.0 20.01920712
480.0 20.24165
482.0 20.46472824
484.0 20.68829136
486.0 20.91402808
488.0 21.1444464
490.0 21.3807
492.0 21.62161848
494.0 21.86631568
496.0 22.11218328
498.0 22.35545928
500.0 22.5929
502.0 22.8235524
504.0 23.04674768
506.0 23.25748656
508.0 23.44908104
510.0 23.617
512.0 23.76159456
514.0 23.88348336
516.0 23.98104456
518.0 24.05243896
520.0 24.0977
522.0 24.11848296
524.0 24.11555696
526.0 24.09783376
528.0 24.07827136
530.0 24.06635
532.0 24.06287224
534.0 24.06899176
536.0 24.09032648
538.0 24.1333972
540.0 24.2022
542.0 24.29668472
544.0 24.41686808
546.0 24.55962344
548.0 24.7196004
550.0 24.8919
552.0 25.07760904
554.0 25.28058984
556.0 25.48390504
558.0 25.66214024
560.0 25.80105
562.0 25.9077236
564.0 25.98700984
566.0 26.05124808
568.0 26.11933192
570.0 26.2086
572.0 26.32038992
574.0 26.44976928
576.0 26.64301904
578.0 26.96727
580.0 27.4626
582.0 28.12156864
584.0 28.94670064
586.0 29.90082744
588.0 30.92233584
590.0 31.96655
592.0 33.03455672
594.0 34.12354704
596.0 35.20283976
598.0 36.23414608
600.0 37.19155
602.0 38.06903232
604.0 38.85649416
606.0 39.5665424
608.0 40.22509304
610.0 40.84905
612.0 41.43309632
614.0 41.9764796
616.0 42.48190848
618.0 42.95164016
620.0 43.3884
622.0 43.79543168
624.0 44.17539368
626.0 44.53336888
628.0 44.87554368
630.0 45.2067
632.0 45.52829248
634.0 45.84145808
636.0 46.14952408
638.0 46.45625248
640.0 46.76375
642.0 47.0729864
644.0 47.38630248
646.0 47.69677616
648.0 47.99312144
650.0 48.26855
652.0 48.52476728
654.0 48.76133856
656.0 48.98361424
658.0 49.20053952
660.0 49.41805
662.0 49.63567752
664.0 49.85447544
666.0 50.07360776
668.0 50.29073368
670.0 50.50485
672.0 50.7164416
674.0 50.92407056
676.0 51.13370592
678.0 51.35462728
680.0 51.59165
682.0 51.84233296
684.0 52.10630832
686.0 52.37404568
688.0 52.63091504
690.0 52.86655
692.0 53.08176984
694.0 53.27734368
696.0 53.44616552
698.0 53.57903936
700.0 53.6712
702.0 53.7231156
704.0 53.73266272
706.0 53.71378584
708.0 53.68847176
710.0 53.6712
712.0 53.66090048
714.0 53.65961304
716.0 53.6647628
718.0 53.66991256
720.0 53.6712
722.0 53.6712
724.0 53.6712
726.0 53.6712
728.0 53.6712
730.0 53.6712
732.0 53.6712
734.0 53.6712
736.0 53.6712
738.0 53.6712
740.0 53.6712
742.0 53.6712
744.0 53.6712
746.0 53.6712
748.0 53.6712
750.0 53.6712
