380.0 8.728632
382.0 8.73251767175
384.0 8.73674994392
386.0 8.74041781945
388.0 8.73836210425
390.0 8.728632
392.0 8.71550966122
394.0 8.70056228387
396.0 8.69133849726
398.0 8.69851148665
400.0 8.728632
402.0 8.7816727152
404.0 8.859724632
406.0 8.9556416928
408.0 9.0572690736
410.0 9.156906
412.0 9.2564124048
414.0 9.3558535488
416.0 9.4569262128
418.0 9.5631381648
420.0 9.676953
422.0 9.7972449696
424.0 9.9227251728
426.0 10.056934008
428.0 10.2051739152
430.0 10.370349
432.0 10.551692448
434.0 10.749758976
436.0 10.959082992
438.0 11.17101744
440.0 11.379852
442.0 11.5857335088
444.0 11.78732412
446.0 11.9863042992
448.0 12.1863449664
450.0 12.389355
452.0 12.5939312928
454.0 12.7998617472
456.0 13.0039159536
458.0 13.201199352
460.0 13.388661
462.0 13.5667577232
464.0 13.7352447936
466.0 13.895818992
468.0 14.0514986304
470.0 14.204421
472.0 14.3543740032
474.0 14.501439216
476.0 14.6468729088
478.0 14.7922250256
480.0 14.938605
482.0 15.0857844192
484.0 15.2330780448
486.0 15.3820847664
488.0 15.535170288
490.0 15.693183
492.0 15.855192936
494.0 16.0212327264
496.0 16.1856409968
498.0 16.3399338432
500.0 16.478352
502.0 16.600471272
504.0 16.7045459328
506.0 16.7918159376
508.0 16.8654627504
510.0 16.92702
512.0 16.9761776976
514.0 17.0150894496
516.0 17.0366255136
518.0 17.0295284016
520.0 16.988202
522.0 16.9160235552
524.0 16.8135967296
526.0 16.69412052
528.0 16.5776626224
530.0 16.478352
532.0 16.395715512
534.0 16.330046832
536.0 16.28827992
538.0 16.2784908
540.0 16.305003
542.0 16.3675228464
544.0 16.467012936
546.0 16.5932599536
548.0 16.7301118512
550.0 16.865838
552.0 17.0023309632
554.0 17.1426743136
556.0 17.273228544
558.0 17.3746601424
560.0 17.43687
562.0 17.4664168272
564.0 17.468603064
566.0 17.4566766528
568.0 17.4502158336
570.0 17.467461
572.0 17.5117078224
574.0 17.5805090208
576.0 17.7197103072
578.0 17.9948987856
580.0 18.446373
582.0 19.0678026528
584.0 19.8602645472
586.0 20.7981764496
588.0 21.837324168
590.0 22.94325
592.0 24.1146487296
594.0 25.3493014896
596.0 26.6058981936
598.0 27.8288040096
600.0 28.979874
602.0 30.0538057248
604.0 31.0399616736
606.0 31.9447863504
608.0 32.7869606592
610.0 33.578721
612.0 34.3129702608
614.0 34.9856949024
616.0 35.606047752
618.0 36.1875704256
620.0 36.739791
622.0 37.2638189088
624.0 37.762427736
626.0 38.2362374592
628.0 38.6839428624
630.0 39.105495
632.0 39.5040263904
634.0 39.8820332592
636.0 40.241277648
638.0 40.5834726528
640.0 40.910364
642.0 41.2235995248
644.0 41.52463128
646.0 41.8157923392
648.0 42.0997747104
650.0 42.378732
652.0 42.6534636528
654.0 42.9244917552
656.0 43.1937251856
658.0 43.463448072
660.0 43.734933
662.0 44.0086041648
664.0 44.2857015216
666.0 44.5623094224
668.0 44.8320649392
670.0 45.091134
672.0 45.3399897456
674.0 45.5774411664
676.0 45.8078770512
678.0 46.03863924
680.0 46.273986
682.0 46.5115189968
684.0 46.7494272432
686.0 46.9861934256
688.0 47.219533416
690.0 47.446641
692.0 47.6674346016
694.0 47.8842636096
696.0 48.0833090496
698.0 48.2439321936
700.0 48.354174
702.0 48.4161228144
704.0 48.4273150416
706.0 48.4043269248
708.0 48.374078544
710.0 48.354174
712.0 48.3425575776
714.0 48.3411055248
716.0 48.346913736
718.0 48.3527219472
720.0 48.354174
722.0 48.354174
724.0 48.354174
726.0 48.354174
728.0 48.354174
730.0 48.354174
732.0 48.354174
734.0 48.354174
736.0 48.354174
738.0 48.354174
740.0 48.354174
742.0 48.354174
744.0 48.354174
746.0 48.354174
748.0 48.354174
750.0 48.354174
