380.0 5.638941
382.0 5.63941499949
384.0 5.63981686863
386.0 5.63993536851
388.0 5.63964169491
390.0 5.638941
392.0 5.63788995764
394.0 5.63653493735
396.0 5.63559209053
398.0 5.63611761171
400.0 5.638941
402.0 5.6440639728
404.0 5.651340552
406.0 5.6620433232
408.0 5.6779669584
410.0 5.700123
412.0 5.7284788176
414.0 5.7635238672
416.0 5.8031371728
418.0 5.8438925424
420.0 5.883669
422.0 5.9226786432
424.0 5.9603341248
426.0 5.9984790624
428.0 6.04029492
430.0 6.087609
432.0 6.1397523792
434.0 6.1967903184
436.0 6.2566834176
438.0 6.3161686368
440.0 6.373125
442.0 6.4278788112
444.0 6.4803648096
446.0 6.530811408
448.0 6.5798712144
450.0 6.62805
452.0 6.6751030368
454.0 6.720720336
456.0 6.7660929072
458.0 6.8130154224
460.0 6.862581
462.0 6.9147406944
464.0 6.9698697552
466.0 7.026711912
468.0 7.0831461888
470.0 7.1379
472.0 7.191413856
474.0 7.243785648
476.0 7.29574956
478.0 7.348529232
480.0 7.403022
482.0 7.4590157664
484.0 7.516167912
486.0 7.5757673376
488.0 7.6396902912
490.0 7.708932
492.0 7.7833129968
494.0 7.8632411616
496.0 7.9461876384
498.0 8.0281552032
500.0 8.106615
502.0 8.1815507136
504.0 8.2519344864
506.0 8.3200341312
508.0 8.389846872
510.0 8.46351
512.0 8.5405014288
514.0 8.6219469072
516.0 8.7024950496
518.0 8.773661952
520.0 8.830602
522.0 8.874734616
524.0 8.9056192896
526.0 8.9295700032
528.0 8.9567021808
530.0 8.993754
532.0 9.040007592
534.0 9.0959034672
536.0 9.1616700384
538.0 9.2365731216
540.0 9.320058
542.0 9.412565184
544.0 9.5141599344
546.0 9.6237491328
548.0 9.7397012592
550.0 9.860499
552.0 9.9864360288
554.0 10.1188338768
556.0 10.2522106368
558.0 10.3783271328
560.0 10.492713
562.0 10.5979134096
564.0 10.6956577728
566.0 10.79087328
568.0 10.8909833472
570.0 11.002563
572.0 11.1260527488
574.0 11.259772128
576.0 11.4195958272
578.0 11.6284467024
580.0 11.899899
582.0 12.2314401792
584.0 12.6241470432
586.0 13.0640864112
588.0 13.5283354272
590.0 14.000481
592.0 14.48096364
594.0 14.9684781312
596.0 15.4537084944
598.0 15.9255603936
600.0 16.376382
602.0 16.8039381312
604.0 17.2051452144
606.0 17.5830215616
608.0 17.9442564048
610.0 18.293418
612.0 18.628940088
614.0 18.9500721696
616.0 19.2601099152
618.0 19.5636215808
620.0 19.863756
622.0 20.1611331504
624.0 20.4570745632
626.0 20.750568696
628.0 21.0392498448
630.0 21.321927
632.0 21.5995627584
634.0 21.872238696
636.0 22.1423857776
638.0 22.4136749232
640.0 22.688325
642.0 22.9662707472
644.0 23.2483931856
646.0 23.53182084
648.0 23.8117407264
650.0 24.085314
652.0 24.353372736
654.0 24.615721152
656.0 24.875051256
658.0 25.135768152
660.0 25.400727
662.0 25.66951992
664.0 25.94239164
666.0 26.218771128
668.0 26.497353168
670.0 26.777322
672.0 27.0588244608
674.0 27.341501616
676.0 27.6260550192
678.0 27.9137083104
680.0 28.204902
682.0 28.4971235472
684.0 28.7864736192
686.0 29.0759868432
688.0 29.3712103872
690.0 29.67327
692.0 29.9804199552
694.0 30.2963638032
696.0 30.5959924512
698.0 30.8411283312
700.0 31.009077
702.0 31.1035583232
704.0 31.1204445552
706.0 31.0849589952
708.0 31.0387869792
710.0 31.009077
712.0 30.9919786704
714.0 30.9898413792
716.0 30.998390544
718.0 31.0069397088
720.0 31.009077
722.0 31.009077
724.0 31.009077
726.0 31.009077
728.0 31.009077
730.0 31.009077
732.0 31.009077
734.0 31.009077
736.0 31.009077
738.0 31.009077
740.0 31.009077
742.0 31.009077
744.0 31.009077
746.0 31.009077
748.0 31.009077
750.0 31.009077
