380.0 5.016924
382.0 5.01784826779
384.0 5.01885372126
386.0 5.01972256421
388.0 5.01923310821
390.0 5.016924
392.0 5.01383707048
394.0 5.01040026189
396.0 5.00832175225
398.0 5.00999573861
400.0 5.016924
402.0 5.029241976
404.0 5.0476128912
406.0 5.0703889104
408.0 5.0947148736
410.0 5.118894
412.0 5.1433504848
414.0 5.1677906544
416.0 5.19394392
418.0 5.2246654416
420.0 5.261652
422.0 5.3043815088
424.0 5.352853968
426.0 5.4057315312
428.0 5.4608116464
430.0 5.516577
432.0 5.5732396896
434.0 5.6308812912
436.0 5.6887676208
438.0 5.7460013424
440.0 5.802093
442.0 5.8568468112
444.0 5.9096754288
446.0 5.9623408944
448.0 6.017698368
450.0 6.077412
452.0 6.1411391712
454.0 6.2092714464
456.0 6.2796062736
458.0 6.3485543088
460.0 6.413913
462.0 6.4761228576
464.0 6.5349391536
466.0 6.5918792016
468.0 6.6495534336
470.0 6.709626
472.0 6.77162376
474.0 6.8353835616
476.0 6.9008564592
478.0 6.9677977248
480.0 7.03593
482.0 7.1053185456
484.0 7.1761754592
486.0 7.2471955248
488.0 7.3164209184
490.0 7.382628
492.0 7.4460451824
494.0 7.5066887808
496.0 7.5650482512
498.0 7.6220209296
500.0 7.678341
502.0 7.7338289952
504.0 7.7880770352
506.0 7.8428961072
508.0 7.9009782192
510.0 7.963857
512.0 8.031401928
514.0 8.1042656112
516.0 8.1795765744
518.0 8.2526849856
520.0 8.320752
522.0 8.3843323344
524.0 8.4430670544
526.0 8.4991097664
528.0 8.5561313904
530.0 8.616465
532.0 8.6798006064
534.0 8.7466113504
536.0 8.8157062224
538.0 8.8848826704
540.0 8.952966
542.0 9.0205272432
544.0 9.0874358784
546.0 9.1558944576
548.0 9.2293291728
550.0 9.309861
552.0 9.3976204608
554.0 9.4937822496
556.0 9.5955727824
558.0 9.6982606512
560.0 9.799317
562.0 9.9003244032
564.0 10.0019844144
566.0 10.1076416496
568.0 10.2223538208
570.0 10.349955
572.0 10.49026572
574.0 10.6426170576
576.0 10.8120177792
578.0 11.0054834208
580.0 11.226897
582.0 11.4753448656
584.0 11.7512838432
586.0 12.0480247008
588.0 12.3549625584
590.0 12.664674
592.0 12.9771753408
594.0 13.2914060928
596.0 13.6052289648
598.0 13.9168492848
600.0 14.224815
602.0 14.527788264
604.0 14.8245454368
606.0 15.1153475616
608.0 15.4012551264
610.0 15.682986
612.0 15.960262824
614.0 16.2331834896
616.0 16.5020253552
618.0 16.7671147248
620.0 17.02899
622.0 17.2877164416
624.0 17.5426903872
626.0 17.7973380288
628.0 18.0567986544
630.0 18.324009
632.0 18.5986101312
634.0 18.8816462208
636.0 19.1680269264
638.0 19.449513072
640.0 19.720998
642.0 19.9836564048
644.0 20.2374067104
646.0 20.484630936
648.0 20.7295710336
650.0 20.975229
652.0 21.2210827488
654.0 21.466805976
656.0 21.7148133312
658.0 21.9683678544
660.0 22.22946
662.0 22.4983834416
664.0 22.7762802432
666.0 23.0600505168
668.0 23.3444733984
670.0 23.626449
672.0 23.9062873104
674.0 24.1826178528
676.0 24.4599273072
678.0 24.7456390896
680.0 25.043832
682.0 25.3510635312
684.0 25.6639074912
686.0 25.9814012832
688.0 26.3025659952
690.0 26.624367
692.0 26.9457601248
694.0 27.2701389312
696.0 27.5737158576
698.0 27.820923768
700.0 27.990765
702.0 28.0864047024
704.0 28.1035519776
706.0 28.0677564288
708.0 28.021029696
710.0 27.990765
712.0 27.9732751056
714.0 27.9710888688
716.0 27.979833816
718.0 27.9885787632
720.0 27.990765
722.0 27.990765
724.0 27.990765
726.0 27.990765
728.0 27.990765
730.0 27.990765
732.0 27.990765
734.0 27.990765
736.0 27.990765
738.0 27.990765
740.0 27.990765
742.0 27.990765
744.0 27.990765
746.0 27.990765
748.0 27.990765
750.0 27.990765
