380.0 14.031072
382.0 14.0349039643
384.0 14.039263011
386.0 14.0434128485
388.0 14.0414550245
390.0 14.031072
392.0 14.0174330392
394.0 14.0027025213
396.0 13.9940796649
398.0 14.0015272805
400.0 14.031072
402.0 14.0836395744
404.0 14.1630945984
406.0 14.2591095504
408.0 14.3543903184
410.0 14.438952
412.0 14.516286048
414.0 14.5862293104
416.0 14.6593540368
418.0 14.7526280352
420.0 14.877423
422.0 15.032335824
424.0 15.2175786048
426.0 15.4348807536
428.0 15.6851396064
430.0 15.968502
432.0 16.2844621632
434.0 16.6317638256
436.0 17.008106544
438.0 17.4103088544
440.0 17.834553
442.0 18.2786037984
444.0 18.741514968
446.0 19.2111969456
448.0 19.6706819232
450.0 20.108484
452.0 20.5237711008
454.0 20.9139327936
456.0 21.2808453264
458.0 21.6298111392
460.0 21.964338
462.0 22.2826964976
464.0 22.5841850784
466.0 22.8709899792
468.0 23.146211088
470.0 23.412312
472.0 23.6699616384
474.0 23.9198941872
476.0 24.164279568
478.0 24.4057282128
480.0 24.646149
482.0 24.8850687888
484.0 25.121002896
486.0 25.3574264592
488.0 25.5995603424
490.0 25.849395
492.0 26.1045973584
494.0 26.3644821792
496.0 26.61865668
498.0 26.8517029968
500.0 27.052641
502.0 27.2204591472
504.0 27.352759104
506.0 27.4466367648
508.0 27.5001343056
510.0 27.511506
512.0 27.481241304
514.0 27.4129458768
516.0 27.2985600096
518.0 27.1256025744
520.0 26.889489
522.0 26.5965822144
524.0 26.2494110736
526.0 25.8727094208
528.0 25.502860152
530.0 25.166196
532.0 24.8631085296
534.0 24.5940871968
536.0 24.3769482
538.0 24.2338802112
540.0 24.177087
542.0 24.2049533616
544.0 24.319273968
546.0 24.4965712464
548.0 24.6995649648
550.0 24.901074
552.0 25.1048019024
554.0 25.3166547744
556.0 25.5060742464
558.0 25.6301513424
560.0 25.665849
562.0 25.6238047296
564.0 25.5096635904
566.0 25.3572633072
568.0 25.218486216
570.0 25.135605
572.0 25.1102838096
574.0 25.1367633792
576.0 25.2882989568
578.0 25.6684104864
580.0 26.338851
582.0 27.288477216
584.0 28.5196874688
586.0 29.9758843296
588.0 31.5633369744
590.0 33.211629
592.0 34.9195530816
594.0 36.6825735936
596.0 38.4350708016
598.0 40.0913083296
600.0 41.593563
602.0 42.9332530176
604.0 44.0931821616
606.0 45.0940381056
608.0 45.9807692256
610.0 46.783836
612.0 47.4929435376
614.0 48.1035398976
616.0 48.6349259616
618.0 49.1134507776
620.0 49.55742
622.0 49.9713203088
624.0 50.3639292816
626.0 50.7286392624
628.0 51.0502771152
630.0 51.321501
632.0 51.5496201264
634.0 51.7369186224
636.0 51.8987654064
638.0 52.0578386064
640.0 52.229034
642.0 52.4119110768
644.0 52.6088029104
646.0 52.815810168
648.0 53.0242857936
650.0 53.22834
652.0 53.4305505888
654.0 53.63295696
656.0 53.8298161632
658.0 54.0127258704
660.0 54.176661
662.0 54.3216541824
664.0 54.4455518112
666.0 54.555663096
668.0 54.6641428608
670.0 54.778284
672.0 54.89697708
674.0 55.022359392
676.0 55.146110184
678.0 55.254361536
680.0 55.339119
682.0 55.4021283024
684.0 55.441170576
686.0 55.4679764496
688.0 55.5015531312
690.0 55.553256
692.0 55.6209803952
694.0 55.7070757056
696.0 55.799452368
698.0 55.8780426864
700.0 55.930545
702.0 55.9597981536
704.0 55.964888496
706.0 55.9535820624
708.0 55.9392573168
710.0 55.930545
712.0 55.9257157008
714.0 55.9251120384
716.0 55.927526688
718.0 55.9299413376
720.0 55.930545
722.0 55.930545
724.0 55.930545
726.0 55.930545
728.0 55.930545
730.0 55.930545
732.0 55.930545
734.0 55.930545
736.0 55.930545
738.0 55.930545
740.0 55.930545
742.0 55.930545
744.0 55.930545
746.0 55.930545
748.0 55.930545
750.0 55.930545
