380.0 1.681515
382.0 1.71112113253
384.0 1.75459607506
386.0 1.82691983692
388.0 1.92975925612
390.0 2.068773
392.0 2.26146236054
394.0 2.51640525361
396.0 2.84844944934
398.0 3.27457695707
400.0 3.801243
402.0 4.4254865904
404.0 5.15012376
406.0 5.9315044176
408.0 6.7031017152
410.0 7.419048
412.0 8.0800118016
414.0 8.6809546896
416.0 9.2125987776
418.0 9.6694001616
420.0 10.048326
422.0 10.3435878048
424.0 10.5481089456
426.0 10.6807223904
428.0 10.7723272512
430.0 10.843224
432.0 10.8937061376
434.0 10.9312579344
436.0 10.9454111952
438.0 10.91578392
440.0 10.833033
442.0 10.7050829568
444.0 10.5319827072
446.0 10.3439628336
448.0 10.186597488
450.0 10.08909
452.0 10.047266136
454.0 10.0616313696
456.0 10.1252395152
458.0 10.2234155328
460.0 10.343865
462.0 10.4907458448
464.0 10.6725369792
466.0 10.8540020016
468.0 10.98222924
470.0 11.026662
472.0 10.9950617472
474.0 10.8854718096
476.0 10.734547176
478.0 10.6013956464
480.0 10.527303
482.0 10.5110300112
484.0 10.557142248
486.0 10.6792385808
488.0 10.8902819616
490.0 11.199909
492.0 11.6147071584
494.0 12.1414432608
496.0 12.7757147952
498.0 13.5070861776
500.0 14.328546
502.0 15.2387082864
504.0 16.2304637952
506.0 17.311818576
508.0 18.4973661408
510.0 19.790922
512.0 21.1818875136
514.0 22.666088448
516.0 24.2050761984
518.0 25.7430040848
520.0 27.240543
522.0 28.6956058272
524.0 30.1026486624
526.0 31.4504206416
528.0 32.7298721568
530.0 33.93603
532.0 35.0656656624
534.0 36.1150451616
536.0 37.1006697648
538.0 38.049280656
540.0 38.980575
542.0 39.8966562192
544.0 40.8027747168
546.0 41.7084040464
548.0 42.62324604
550.0 43.556334
552.0 44.5117769376
554.0 45.4898357424
556.0 46.5092292432
558.0 47.595801816
560.0 48.763935
562.0 50.0110851216
564.0 51.3400893552
566.0 52.7250217968
568.0 54.1245477504
570.0 55.510377
572.0 56.8823464896
574.0 58.2342763968
576.0 59.565905832
578.0 60.8826156432
580.0 62.185482
582.0 63.4664336304
584.0 64.72018752
586.0 65.9374983936
588.0 67.1065446912
590.0 68.218554
592.0 69.271325064
594.0 70.2624772656
596.0 71.1885701232
598.0 72.0466686288
600.0 72.835077
602.0 73.5538115424
604.0 74.2037201472
606.0 74.786286624
608.0 75.3038752848
610.0 75.759894
612.0 76.1555983008
614.0 76.489895712
616.0 76.7791081392
618.0 77.0471232864
620.0 77.308926
622.0 77.5629998592
624.0 77.8110895632
626.0 78.0445042272
628.0 78.2476720032
630.0 78.409554
632.0 78.534047256
634.0 78.6262880352
636.0 78.6713241024
638.0 78.6470613696
640.0 78.542037
642.0 78.3570336624
644.0 78.0837518064
646.0 77.7591073104
648.0 77.4416372784
650.0 77.166252
652.0 76.9315491936
654.0 76.7541116544
656.0 76.5817288512
658.0 76.32773652
660.0 75.943332
662.0 75.4532019696
664.0 74.8687440432
666.0 74.2346355648
668.0 73.6200122784
670.0 73.079661
672.0 72.6128153664
674.0 72.2097246288
676.0 71.9591727792
678.0 71.9869575216
680.0 72.366291
682.0 73.0833949824
684.0 74.1450199872
686.0 75.4623168
688.0 76.8909808608
690.0 78.328026
692.0 79.7773166448
694.0 81.233439336
696.0 82.6368949392
698.0 83.9158572864
700.0 85.023513
702.0 85.9485786048
704.0 86.6704927392
706.0 87.2307368496
708.0 87.704642808
710.0 88.141959
712.0 88.5319237296
714.0 88.8745859136
716.0 89.1764025696
718.0 89.4405532896
720.0 89.670609
722.0 89.8743637776
724.0 90.0594323376
726.0 90.2234666736
728.0 90.3597814896
730.0 90.465507
732.0 90.5446217712
734.0 90.5981693616
736.0 90.635411352
738.0 90.6698813904
740.0 90.710091
742.0 90.7564478208
744.0 90.81240864
746.0 90.8695108512
748.0 90.9129978864
750.0 90.934293
752.0 90.9362007552
754.0 90.9179384832
756.0 90.8888329872
758.0 90.8639669472
760.0 90.852765
762.0 90.8532639202
764.0 90.865809324
766.0 90.8863444718
768.0 90.9074830828
770.0 90.924102
772.0 90.9353433459
774.0 90.9379033251
776.0 90.9341528811
778.0 90.9291959006
780.0 90.924102
