380.0 13.429449
382.0 13.4322783211
384.0 13.4355664974
386.0 13.4388308645
388.0 13.4374114421
390.0 13.429449
392.0 13.4191324072
394.0 13.4083249533
396.0 13.4022012889
398.0 13.4078245685
400.0 13.429449
402.0 13.4681976
404.0 13.5276991344
406.0 13.5991107648
408.0 13.6676672352
410.0 13.725162
412.0 13.7752007184
414.0 13.8182239008
416.0 13.8649180032
418.0 13.9320061056
420.0 14.031072
422.0 14.1610878288
424.0 14.3218251792
426.0 14.5184559696
428.0 14.757016824
430.0 15.040575
432.0 15.3680863248
434.0 15.7389960816
436.0 16.1462887344
438.0 16.5791962512
440.0 17.02899
442.0 17.4939895152
444.0 17.9726122224
446.0 18.4541716656
448.0 18.9246367728
450.0 19.3743
452.0 19.8015461424
454.0 20.2036505616
456.0 20.5817716368
458.0 20.939988168
460.0 21.281139
462.0 21.6039515472
464.0 21.9080342448
466.0 22.1961280464
468.0 22.4721486
470.0 22.73931
472.0 22.9981017024
474.0 23.2485400224
476.0 23.4955521504
478.0 23.7459088944
480.0 24.003738
482.0 24.2686805328
484.0 24.5412748944
486.0 24.81786648
488.0 25.0922555136
490.0 25.359939
492.0 25.6194648864
494.0 25.86734172
496.0 26.1051847056
498.0 26.3369910672
500.0 26.563185
502.0 26.7804708336
504.0 26.9889790896
506.0 27.1717093296
508.0 27.3036177216
510.0 27.368748
512.0 27.3702816288
514.0 27.3099806496
516.0 27.1895581584
518.0 27.0134192592
520.0 26.787519
522.0 26.5153325184
524.0 26.1992255184
526.0 25.8605219664
528.0 25.5292418304
530.0 25.227378
532.0 24.9565783104
534.0 24.7182132384
536.0 24.5270806704
538.0 24.4012089024
540.0 24.350436
542.0 24.3738972576
544.0 24.4737299664
546.0 24.6290343552
548.0 24.806608992
550.0 24.98265
552.0 25.1608609296
554.0 25.3464136992
556.0 25.5154065408
558.0 25.6344748704
560.0 25.686243
562.0 25.6808100384
564.0 25.6252078368
566.0 25.5461117472
568.0 25.4835755856
570.0 25.472106
572.0 25.5134160864
574.0 25.5991361472
576.0 25.80615972
578.0 26.2451854368
580.0 26.981262
582.0 28.0010762064
584.0 29.308298976
586.0 30.8338191216
588.0 32.4647354592
590.0 34.119162
592.0 35.7985997424
594.0 37.4981704416
596.0 39.1616845488
598.0 40.71906828
600.0 42.123807
602.0 43.3661605344
604.0 44.4282311088
606.0 45.3394676592
608.0 46.1564023536
610.0 46.916397
612.0 47.6101029888
614.0 48.2369656032
616.0 48.8039514336
618.0 49.316933952
620.0 49.781754
622.0 50.2043829408
624.0 50.5896500736
626.0 50.9440814784
628.0 51.2746926912
630.0 51.586623
632.0 51.8833312272
634.0 52.1694345744
636.0 52.4410173936
638.0 52.6900036608
640.0 52.912233
642.0 53.1108216144
644.0 53.2864710576
646.0 53.4463763328
648.0 53.601387048
650.0 53.758584
652.0 53.9178366672
654.0 54.0807113088
656.0 54.2444017104
658.0 54.403279128
660.0 54.55395
662.0 54.69793164
664.0 54.8355829824
666.0 54.9682581888
668.0 55.0982413872
670.0 55.226952
672.0 55.3540963536
674.0 55.4798212848
676.0 55.603343664
678.0 55.7232766992
680.0 55.838772
682.0 55.9494869472
684.0 56.054214216
686.0 56.1551889888
688.0 56.2561637616
690.0 56.358819
692.0 56.4625673568
694.0 56.5688608848
696.0 56.6694440928
698.0 56.7515095488
700.0 56.807487
702.0 56.8388774448
704.0 56.8445061888
706.0 56.8327592448
708.0 56.8174229568
710.0 56.807487
712.0 56.8017440496
714.0 56.8010261808
716.0 56.803897656
718.0 56.8067691312
720.0 56.807487
722.0 56.807487
724.0 56.807487
726.0 56.807487
728.0 56.807487
730.0 56.807487
732.0 56.807487
734.0 56.807487
736.0 56.807487
738.0 56.807487
740.0 56.807487
742.0 56.807487
744.0 56.807487
746.0 56.807487
748.0 56.807487
750.0 56.807487
