380.0 5.238174
382.0 5.43785128536
384.0 5.64543514836
386.0 5.87380592075
388.0 6.14213087435
390.0 6.461094
392.0 6.82762001473
394.0 7.24259862697
396.0 7.68936769801
398.0 8.14151761704
400.0 8.580822
402.0 9.0070177728
404.0 9.4162883328
406.0 9.8071335648
408.0 10.1810209728
410.0 10.537494
412.0 10.8725251632
414.0 11.1843860688
416.0 11.4659185584
418.0 11.7074208
420.0 11.903088
422.0 12.0530832144
424.0 12.1558084944
426.0 12.2186665824
428.0 12.2539682064
430.0 12.269964
432.0 12.265153848
434.0 12.2390485824
436.0 12.1940288208
438.0 12.1326219312
440.0 12.055953
442.0 11.9649514464
444.0 11.8622098608
446.0 11.7391678032
448.0 11.5822100976
450.0 11.383347
452.0 11.1454646016
454.0 10.8695086272
456.0 10.5614306208
458.0 10.2308508864
460.0 9.88527
462.0 9.5257478256
464.0 9.1538497008
466.0 8.776733784
468.0 8.4034496832
470.0 8.040699
472.0 7.6907482128
474.0 7.356516024
476.0 7.0388340192
478.0 6.7369684464
480.0 6.450903
482.0 6.1824802128
484.0 5.9326621152
486.0 5.7028999056
488.0 5.494905672
490.0 5.309511
492.0 5.1463897776
494.0 5.0054278656
496.0 4.8842772576
498.0 4.7793507216
500.0 4.68786
502.0 4.6093648416
504.0 4.5433271616
506.0 4.4871543696
508.0 4.4375853456
510.0 4.392321
512.0 4.3505297472
514.0 4.3108908336
516.0 4.274431512
518.0 4.2434345664
520.0 4.219074
522.0 4.2003877824
524.0 4.187115024
526.0 4.1773479696
528.0 4.1682331392
530.0 4.157928
532.0 4.1465793024
534.0 4.1339750736
536.0 4.1207186208
538.0 4.108032864
540.0 4.096782
542.0 4.0867377504
544.0 4.0777533648
546.0 4.0706441232
548.0 4.0665514176
550.0 4.066209
552.0 4.0695842592
554.0 4.0767587232
556.0 4.0874388912
558.0 4.1010540672
560.0 4.117164
562.0 4.1358665232
564.0 4.1573083872
566.0 4.1807069232
568.0 4.2049207392
570.0 4.229265
572.0 4.2541636512
574.0 4.2801710832
576.0 4.3069937952
578.0 4.3341426192
580.0 4.361748
582.0 4.3901849664
584.0 4.4190947952
586.0 4.452570192
588.0 4.4967257568
590.0 4.555377
592.0 4.6281488928
594.0 4.715661048
596.0 4.8153208752
598.0 4.9225628064
600.0 5.034354
602.0 5.1507270672
604.0 5.2705732272
606.0 5.3950664832
608.0 5.5266526752
610.0 5.666196
612.0 5.812701816
614.0 5.9667408192
616.0 6.1218396864
618.0 6.2682150576
620.0 6.399948
622.0 6.5190277968
624.0 6.6267425904
626.0 6.72524472
628.0 6.8182029456
630.0 6.909498
632.0 7.0009887216
634.0 7.094077392
636.0 7.1984169264
638.0 7.3272963888
640.0 7.490385
642.0 7.6900796832
644.0 7.9302122544
646.0 8.2118425776
648.0 8.5339107888
650.0 8.896743
652.0 9.3036166368
654.0 9.7565535936
656.0 10.2595487424
658.0 10.8176568192
660.0 11.434302
662.0 12.1100712864
664.0 12.8459430144
666.0 13.6408410144
668.0 14.4923194464
670.0 15.398601
672.0 16.3587399504
674.0 17.3701763184
676.0 18.4350950544
678.0 19.5576540864
680.0 20.738685
682.0 21.9742907568
684.0 23.2622048784
686.0 24.591127584
688.0 25.9449978576
690.0 27.31188
692.0 28.688317224
694.0 30.068667792
696.0 31.450975032
698.0 32.83580964
700.0 34.221378
702.0 35.60246232
704.0 36.976290648
706.0 38.331286008
708.0 39.651713496
710.0 40.927056
712.0 42.1560253776
714.0 43.335311592
716.0 44.4692682384
718.0 45.5669449248
720.0 46.634016
722.0 47.6694052944
724.0 48.6749716464
726.0 49.6467038784
728.0 50.5775090544
730.0 51.46455
732.0 52.3109410848
734.0 53.1169431984
736.0 53.896204128
738.0 54.6691058736
740.0 55.449231
742.0 56.2362044784
744.0 57.031934064
746.0 57.8348381136
748.0 58.6400249472
750.0 59.444103
752.0 60.2492083056
754.0 61.0572323136
756.0 61.8629735376
758.0 62.6585237616
760.0 63.438975
762.0 64.2052580763
764.0 64.9572942712
766.0 65.697508906
768.0 66.4302159433
770.0 67.15869
772.0 67.8840815962
774.0 68.6089307386
776.0 69.3331346785
778.0 70.0553784357
780.0 70.776495
