380.0 4.596141
382.0 4.6805555593
384.0 4.76487298716
386.0 4.84992533728
388.0 4.93929633088
390.0 5.034354
392.0 5.13231429997
394.0 5.23220193747
396.0 5.32858621148
398.0 5.4137196215
400.0 5.482758
402.0 5.5358164224
404.0 5.571705048
406.0 5.5943861376
408.0 5.6107895712
410.0 5.625432
412.0 5.637579672
414.0 5.6477054496
416.0 5.6551408032
418.0 5.6581736448
420.0 5.656005
422.0 5.6498577888
424.0 5.6406288192
426.0 5.6292801216
428.0 5.617034616
430.0 5.60505
432.0 5.5935382464
434.0 5.5821569376
436.0 5.5741182768
438.0 5.57406936
440.0 5.584668
442.0 5.6054413344
444.0 5.6368948368
446.0 5.6750336352
448.0 5.7134170176
450.0 5.747724
452.0 5.7785089728
454.0 5.8057230192
456.0 5.8286160816
458.0 5.846698992
460.0 5.859825
462.0 5.8677984384
464.0 5.8702768896
466.0 5.8694126928
468.0 5.868548496
470.0 5.870016
472.0 5.8744674288
474.0 5.8835170368
476.0 5.8958277648
478.0 5.9086276608
480.0 5.920971
482.0 5.9358254016
484.0 5.9561584848
486.0 5.9841552
488.0 6.0222613872
490.0 6.073836
492.0 6.1431837168
494.0 6.234772272
496.0 6.3553847952
498.0 6.5131740864
500.0 6.715869
502.0 6.9640565376
504.0 7.2533341872
506.0 7.6081603488
508.0 8.0645703984
510.0 8.641968
512.0 9.3315807408
514.0 10.1303105568
516.0 11.0084486448
518.0 11.9201762688
520.0 12.830469
522.0 13.7371908048
524.0 14.6388089568
526.0 15.4986847728
528.0 16.2683090928
530.0 16.91706
532.0 17.4419861808
534.0 17.8320976608
536.0 18.1167934368
538.0 18.3475992048
540.0 18.557811
542.0 18.7388520768
544.0 18.8887005408
546.0 19.0084651728
548.0 19.0960262448
550.0 19.148889
552.0 19.1714559504
554.0 19.1716027008
556.0 19.1273166912
558.0 19.0039485216
560.0 18.782013
562.0 18.469027008
564.0 18.0661482432
566.0 17.5972317984
568.0 17.0998620816
570.0 16.601139
572.0 16.1015028048
574.0 15.6037906704
576.0 15.123117888
578.0 14.6770945056
580.0 14.277591
582.0 13.927346712
584.0 13.62985104
586.0 13.380049248
588.0 13.167342696
590.0 12.983334
592.0 12.8288221344
594.0 12.70450824
596.0 12.5969075856
598.0 12.4869426192
600.0 12.361683
602.0 12.221617896
604.0 12.0665679456
606.0 11.8943155872
608.0 11.7036379008
610.0 11.495448
612.0 11.2681316304
614.0 11.0161774992
616.0 10.762266696
618.0 10.5414562608
620.0 10.374438
622.0 10.2567278736
624.0 10.190755416
626.0 10.1544591504
628.0 10.1116406448
630.0 10.038135
632.0 9.9388502016
634.0 9.8163625344
636.0 9.6628942272
638.0 9.469558728
640.0 9.233046
642.0 8.9526385968
644.0 8.6221893072
646.0 8.2720917696
648.0 7.949632224
650.0 7.684014
652.0 7.4727423408
654.0 7.3235950176
656.0 7.2104015424
658.0 7.0881584592
660.0 6.92988
662.0 6.7463278608
664.0 6.5417904144
666.0 6.328366416
668.0 6.1261932816
670.0 5.951544
672.0 5.814658488
674.0 5.734027296
676.0 5.70655236
678.0 5.720086008
680.0 5.778297
682.0 5.8933167024
684.0 6.05589984
686.0 6.3690651936
688.0 6.9862484592
690.0 7.999935
692.0 9.3943573008
694.0 11.1791356656
696.0 13.2721713984
698.0 15.5359267632
700.0 17.875014
702.0 20.2950259296
704.0 22.7854291344
706.0 25.3179007872
708.0 27.86667804
710.0 30.409944
712.0 32.9251154112
714.0 35.3871794832
716.0 37.8019573152
718.0 40.1897493792
720.0 42.557616
722.0 44.8887787152
724.0 47.1758836992
726.0 49.3848033312
728.0 51.4671915072
730.0 53.390649
732.0 55.15491492
734.0 56.7556682832
736.0 58.1959745424
738.0 59.4865953936
740.0 60.63645
742.0 61.6443643584
744.0 62.5105178304
746.0 63.2516073504
748.0 63.8913575664
750.0 64.447884
752.0 64.9257359136
754.0 65.3310605184
756.0 65.6738531472
758.0 65.9643048
760.0 66.210927
762.0 66.4204155755
764.0 66.5999008328
766.0 66.7510143461
768.0 66.8724805338
770.0 66.965061
772.0 67.0342295112
774.0 67.0842387864
776.0 67.1198702673
778.0 67.1465481013
780.0 67.168881
