380.0 4.473849
382.0 4.49736136313
384.0 4.52237337336
386.0 4.55048266741
388.0 4.58169158581
390.0 4.616523
392.0 4.65697969015
394.0 4.70400535262
396.0 4.75934531074
398.0 4.82503932487
400.0 4.901871
402.0 4.9894809888
404.0 5.0882277024
406.0 5.19292596
408.0 5.2956675456
410.0 5.391039
412.0 5.4792196848
414.0 5.559720432
416.0 5.6315792112
418.0 5.6943068544
420.0 5.747724
422.0 5.7914067024
424.0 5.8248820992
426.0 5.850367752
428.0 5.8713693648
430.0 5.890398
432.0 5.907355824
434.0 5.922275448
436.0 5.936787432
438.0 5.952929976
440.0 5.971926
442.0 5.9939711712
444.0 6.019701408
446.0 6.0470622048
448.0 6.0726293856
450.0 6.094218
452.0 6.1122846048
454.0 6.1267965888
456.0 6.1382105088
458.0 6.1475047008
460.0 6.155364
462.0 6.1616742672
464.0 6.1665007248
466.0 6.1701857904
468.0 6.173137104
470.0 6.175746
472.0 6.1782570624
474.0 6.1808659584
476.0 6.1842086064
478.0 6.1891002864
480.0 6.196128
482.0 6.2055526368
484.0 6.2177981424
486.0 6.232571016
488.0 6.2492190336
490.0 6.267465
492.0 6.2878633056
494.0 6.310919424
496.0 6.3369920784
498.0 6.3664889088
500.0 6.399948
502.0 6.4378096032
504.0 6.4803183024
506.0 6.5291861856
508.0 6.5867775648
510.0 6.654723
512.0 6.732256128
514.0 6.8178768336
516.0 6.9143407632
518.0 7.0258873728
520.0 7.154082
522.0 7.2975060576
524.0 7.4567465472
526.0 7.6212863568
528.0 7.7752275264
530.0 7.908216
532.0 8.0206920288
534.0 8.1107804688
536.0 8.1821174688
538.0 8.2421220768
540.0 8.295474
542.0 8.3400372048
544.0 8.3746866048
546.0 8.4002863968
548.0 8.4178964448
550.0 8.427957
552.0 8.4311202864
554.0 8.4292288368
556.0 8.4173909712
558.0 8.3877800016
560.0 8.336238
562.0 8.264574888
564.0 8.1726439152
566.0 8.0683206864
568.0 7.9638344016
570.0 7.867452
572.0 7.7788147584
574.0 7.6989173184
576.0 7.6281510144
578.0 7.5656190384
580.0 7.510767
582.0 7.464622152
584.0 7.4278367184
586.0 7.3991225568
588.0 7.3763599392
590.0 7.357902
592.0 7.3436672112
594.0 7.3335740448
596.0 7.3256821344
598.0 7.317382584
600.0 7.306947
602.0 7.2942775488
604.0 7.2790481184
606.0 7.261780488
608.0 7.2436160496
610.0 7.225419
612.0 7.2068469216
614.0 7.187426952
616.0 7.1689037904
618.0 7.1538863328
620.0 7.143891
622.0 7.1385753744
624.0 7.1380862064
626.0 7.1406135744
628.0 7.1432224704
630.0 7.143891
632.0 7.1429289696
634.0 7.1405320464
636.0 7.1356077552
638.0 7.12677012
640.0 7.113318
642.0 7.095137256
644.0 7.0715267472
646.0 7.0453073424
648.0 7.0209630816
650.0 7.001217
652.0 6.9858245136
654.0 6.9756824304
656.0 6.9677416032
658.0 6.956865768
660.0 6.940071
662.0 6.9187595808
664.0 6.8936326512
666.0 6.8665490496
668.0 6.840443784
670.0 6.817779
672.0 6.80065812
674.0 6.7926846816
676.0 6.7927009872
678.0 6.7976089728
680.0 6.807588
682.0 6.8303506176
684.0 6.8748812112
686.0 6.9446854848
688.0 7.0422092784
690.0 7.174464
692.0 7.35219504
694.0 7.5831312528
696.0 7.8972260256
698.0 8.3351618304
700.0 8.927316
702.0 9.6796726896
704.0 10.5990639456
706.0 11.7019747296
708.0 13.0059335616
710.0 14.522175
712.0 16.24771512
714.0 18.1741565376
716.0 20.3088204672
718.0 22.6627131888
720.0 25.232916
722.0 28.0017536304
724.0 30.9579262992
726.0 34.038103056
728.0 37.1526031008
730.0 40.234068
732.0 43.2678553248
734.0 46.233631992
736.0 49.0982324112
738.0 51.8289638544
740.0 54.399558
742.0 56.7944756112
744.0 59.0017646832
746.0 61.0086579312
748.0 62.8049643552
750.0 64.386738
752.0 65.7525439728
754.0 66.8990559312
756.0 67.8566675136
758.0 68.672420376
760.0 69.380328
762.0 69.9840266124
764.0 70.4923866157
766.0 70.916772779
768.0 71.2664789041
770.0 71.551011
772.0 71.7800469473
774.0 71.9606966897
776.0 72.1059636701
778.0 72.2309707476
780.0 72.345909
