380.0 1.671324
382.0 1.74670790949
384.0 1.83757051441
386.0 1.96472088106
388.0 2.14623482026
390.0 2.394885
392.0 2.71870555609
394.0 3.124075957
396.0 3.60308174536
398.0 4.13932018971
400.0 4.718433
402.0 5.3396600544
404.0 6.0032001408
406.0 6.6788063712
408.0 7.3235950176
410.0 7.908216
412.0 8.4308757024
414.0 8.8859323872
416.0 9.273973056
418.0 9.6020091168
420.0 9.875079
422.0 10.0893998064
424.0 10.242444168
426.0 10.3437997776
428.0 10.4080601472
430.0 10.445775
432.0 10.4578574496
434.0 10.4464435296
436.0 10.4158705296
438.0 10.3703779056
440.0 10.313292
442.0 10.2473684592
444.0 10.1757705696
446.0 10.097079744
448.0 10.0076272224
450.0 9.905652
452.0 9.7930781376
454.0 9.670525248
456.0 9.5416131744
458.0 9.4116412368
460.0 9.284001
462.0 9.1583500464
464.0 9.0349166544
466.0 8.9125431264
468.0 8.7889466784
470.0 8.66235
472.0 8.5328672304
474.0 8.4005472864
476.0 8.2629280224
478.0 8.1165852624
480.0 7.959171
482.0 7.7907993744
484.0 7.6116008304
486.0 7.4207437824
488.0 7.2173314224
490.0 7.001217
492.0 6.7729059888
494.0 6.5325777504
496.0 6.283607544
498.0 6.0309685776
500.0 5.778297
502.0 5.5263917856
504.0 5.276736744
506.0 5.0299351824
508.0 4.7859055728
510.0 4.545186
512.0 4.3092276624
514.0 4.0788295344
516.0 3.8570733744
518.0 3.6481171104
520.0 3.454749
522.0 3.2772462384
524.0 3.1163099664
526.0 2.9711085984
528.0 2.8397669904
530.0 2.720997
532.0 2.6149616832
534.0 2.5213186224
536.0 2.4399047616
538.0 2.3707201008
540.0 2.313357
542.0 2.2670980128
544.0 2.2316007216
546.0 2.2042562304
548.0 2.1813957792
550.0 2.160492
552.0 2.1413655312
554.0 2.1235435104
556.0 2.1069444096
558.0 2.0919758688
560.0 2.078964
562.0 2.0679251088
564.0 2.0592505296
566.0 2.0530217904
568.0 2.0492388912
570.0 2.048391
572.0 2.052141288
574.0 2.0626420944
576.0 2.0804804208
578.0 2.1058193232
580.0 2.14011
582.0 2.1869396832
584.0 2.2499771328
586.0 2.3340488064
588.0 2.444943192
590.0 2.588514
592.0 2.7686582688
594.0 2.9883925344
596.0 3.258755688
598.0 3.5941781856
600.0 4.005063
602.0 4.491132936
604.0 5.050333488
606.0 5.692040376
608.0 6.428971968
610.0 7.266183
612.0 8.1999557952
614.0 9.2310078
616.0 10.3315216608
618.0 11.4594289296
620.0 12.585885
622.0 13.712520432
624.0 14.8384710288
626.0 15.9557796576
628.0 17.0571903264
630.0 18.13998
632.0 19.2043932624
634.0 20.2490441376
636.0 21.2941026528
638.0 22.37046792
640.0 23.500446
642.0 24.6834661968
644.0 25.9192676208
646.0 27.2240417328
648.0 28.6184966448
650.0 30.114405
652.0 31.7086687344
654.0 33.3994616208
656.0 35.1734130672
658.0 37.0093257936
660.0 38.888856
662.0 40.8067858944
664.0 42.7582074912
666.0 44.715336048
668.0 46.6412393808
670.0 48.50916
672.0 50.3127713328
674.0 52.04299116
676.0 53.6960039712
678.0 55.2731142144
680.0 56.774061
682.0 58.1931536736
684.0 59.5272941712
686.0 60.7750965168
688.0 61.9359900144
690.0 63.010953
692.0 64.000947504
694.0 64.9060387488
696.0 65.7374286816
698.0 66.5115859584
700.0 67.240218
702.0 67.9253467008
704.0 68.5713419616
706.0 69.1783668384
708.0 69.7436493792
710.0 70.266945
712.0 70.7528192688
714.0 71.2040930544
716.0 71.627810376
718.0 72.0333469536
720.0 72.427437
722.0 72.8115643248
724.0 73.187930184
726.0 73.5572031072
728.0 73.9186493424
730.0 74.272008
732.0 74.6188444176
734.0 74.9602999872
736.0 75.2957224848
738.0 75.6237259344
740.0 75.943332
742.0 76.2553070448
744.0 76.5607924608
746.0 76.8573913248
748.0 77.1413533488
750.0 77.410836
752.0 77.6666056416
754.0 77.9081241888
756.0 78.141082296
758.0 78.3742849872
760.0 78.613374
762.0 78.8576811169
764.0 79.1077613523
766.0 79.3616734038
768.0 79.615583895
770.0 79.866867
772.0 80.1152475522
774.0 80.3590814946
776.0 80.5996558774
778.0 80.8396587839
780.0 81.079596
