380.0 3.36303
382.0 3.39407484818
384.0 3.42494696622
386.0 3.4555312007
388.0 3.4858759223
390.0 3.515895
392.0 3.54526949939
394.0 3.57380531362
396.0 3.60095008072
398.0 3.62597511982
400.0 3.648378
402.0 3.668107776
404.0 3.6850819056
406.0 3.6992840832
408.0 3.7107958368
410.0 3.719715
412.0 3.7260578784
414.0 3.7298570832
416.0 3.731455032
418.0 3.7313408928
420.0 3.729906
422.0 3.7274112432
424.0 3.724280568
426.0 3.7204161408
428.0 3.7154918496
430.0 3.709524
432.0 3.7027734816
434.0 3.6950609328
436.0 3.688408248
438.0 3.6858319632
440.0 3.689142
442.0 3.697947024
444.0 3.712295952
446.0 3.73072128
448.0 3.750777168
450.0 3.77067
452.0 3.7906280544
454.0 3.810944832
456.0 3.8296310496
458.0 3.8439147552
460.0 3.852198
462.0 3.8547090624
464.0 3.8511544416
466.0 3.8438495328
468.0 3.836544624
470.0 3.831816
472.0 3.8303158848
474.0 3.8339031168
476.0 3.8407514688
478.0 3.8472737088
480.0 3.852198
482.0 3.8591931024
484.0 3.8719766928
486.0 3.8932391952
488.0 3.9259971456
490.0 3.97449
492.0 4.0445551632
494.0 4.1425518192
496.0 4.2763392672
498.0 4.4549671152
500.0 4.68786
502.0 4.9765669536
504.0 5.3157397392
506.0 5.7397016448
508.0 6.2990000304
510.0 7.021599
512.0 7.8958400496
514.0 8.9170108608
516.0 10.049875032
518.0 11.2396457472
520.0 12.443211
522.0 13.6570324752
524.0 14.87967528
526.0 16.0568254608
528.0 17.1150262896
530.0 18.007497
532.0 18.730487304
534.0 19.2682949088
536.0 19.6600858656
538.0 19.9756481424
540.0 20.259708
542.0 20.4997590432
544.0 20.6928825696
546.0 20.838312216
548.0 20.9300149104
550.0 20.962887
552.0 20.9437116144
554.0 20.883723312
556.0 20.7551699616
558.0 20.5142710272
560.0 20.137416
562.0 19.6351056864
564.0 19.0085140896
566.0 18.2961550368
568.0 17.557788552
570.0 16.835532
572.0 16.1297114928
574.0 15.4455285168
576.0 14.7979516128
578.0 14.2014927648
580.0 13.666131
582.0 13.1964808032
584.0 12.7966837968
586.0 12.4607232144
588.0 12.176451384
590.0 11.933661
592.0 11.7325803408
594.0 11.5741877424
596.0 11.438296872
598.0 11.2961283456
600.0 11.128572
602.0 10.9363941984
604.0 10.718323104
606.0 10.4755490256
608.0 10.2131266992
610.0 9.936225
612.0 9.6419741424
614.0 9.3239660256
616.0 9.0076699968
618.0 8.731974912
620.0 8.519676
622.0 8.3663707488
624.0 8.2758746688
626.0 8.2205986848
628.0 8.1554578128
630.0 8.05089
632.0 7.912781568
634.0 7.7428446048
636.0 7.5379321296
638.0 7.2969842784
640.0 7.021599
642.0 6.7102924848
644.0 6.3578143296
646.0 5.9916394704
648.0 5.6538363552
650.0 5.370657
652.0 5.1404056224
654.0 4.9699305744
656.0 4.8379367424
658.0 4.7072473584
660.0 4.555377
662.0 4.3923862224
664.0 4.2241939584
666.0 4.0555125264
668.0 3.8944947264
670.0 3.750288
672.0 3.6384152784
674.0 3.5837099904
676.0 3.5792259504
678.0 3.6062932464
680.0 3.66876
682.0 3.7820513088
684.0 3.9320791344
686.0 4.264158984
688.0 4.9953999216
690.0 6.257274
692.0 8.0278827984
694.0 10.320874104
696.0 13.0250926416
698.0 15.9532685952
700.0 18.975642
702.0 22.1023875504
704.0 25.3232653296
706.0 28.5941197728
708.0 31.870355064
710.0 35.118186
712.0 38.3112627312
714.0 41.4171697248
716.0 44.4581804304
718.0 47.48313012
720.0 50.516787
722.0 53.5363884528
724.0 56.5323957024
726.0 59.467012368
728.0 62.2847994096
730.0 64.947243
732.0 67.452272328
734.0 69.792778152
736.0 71.96395032
738.0 73.966522584
740.0 75.800658
742.0 77.4629976144
744.0 78.953997984
746.0 80.2736264976
748.0 81.4222907952
750.0 82.404426
752.0 83.2257227664
754.0 83.8888226016
756.0 84.4228636128
758.0 84.86942508
760.0 85.257906
762.0 85.5928155343
764.0 85.8833187565
766.0 86.1308567227
768.0 86.3304121452
770.0 86.480826
772.0 86.5888490397
774.0 86.6567618637
776.0 86.6952056314
778.0 86.7188300273
780.0 86.735601
