380.0 4.616523
382.0 4.68713888679
384.0 4.76719836857
386.0 4.86547019132
388.0 4.98903402812
390.0 5.146455
392.0 5.34776066088
394.0 5.60063157249
396.0 5.92196767005
398.0 6.33273998361
400.0 6.848352
402.0 7.4706063072
404.0 8.19927096
406.0 9.0455805168
408.0 10.0235577936
410.0 11.138763
412.0 12.3848695632
414.0 13.7571651648
416.0 15.2325936864
418.0 16.777484064
420.0 18.364182
422.0 19.9833117744
424.0 21.6238181904
426.0 23.2592698704
428.0 24.8580339504
430.0 26.39469
432.0 27.8621776944
434.0 29.2581001104
436.0 30.5529278064
438.0 31.7081795664
440.0 32.702919
442.0 33.5384016384
444.0 34.2062790144
446.0 34.7561038464
448.0 35.2668767664
450.0 35.790792
452.0 36.3195989136
454.0 36.8521071984
456.0 37.3935020352
458.0 37.944435648
460.0 38.501598
462.0 39.0742669776
464.0 39.6836235552
466.0 40.2655051968
468.0 40.7191432944
470.0 40.988202
472.0 41.0896554432
474.0 41.0165411328
476.0 40.8564364464
478.0 40.748428152
480.0 40.784382
482.0 40.9527536256
484.0 41.2570650384
486.0 41.6976097392
488.0 42.26085408
490.0 42.934683
492.0 43.7252437104
494.0 44.6386508112
496.0 45.634808832
498.0 46.6535501088
500.0 47.653116
502.0 48.6307345536
504.0 49.576443048
506.0 50.4881543664
508.0 51.3718200528
510.0 52.228875
512.0 53.0501391552
514.0 53.8308838944
516.0 54.5622226656
518.0 55.2329046048
520.0 55.836489
522.0 56.3734813248
524.0 56.8427238816
526.0 57.2544076704
528.0 57.6250013472
530.0 57.966408
532.0 58.2782526
534.0 58.5608938704
536.0 58.8226639728
538.0 59.0740800192
540.0 59.321811
542.0 59.5683027552
544.0 59.8190176608
546.0 60.0629657424
548.0 60.281232504
550.0 60.463203
552.0 60.6120405168
554.0 60.7252176864
556.0 60.820051056
558.0 60.9241786176
560.0 61.054281
562.0 61.2077003904
564.0 61.387975104
566.0 61.5785223456
568.0 61.7515410672
570.0 61.889943
572.0 61.9980328224
574.0 62.0751909216
576.0 62.1307441008
578.0 62.180916432
580.0 62.236437
582.0 62.2945338528
584.0 62.3538047088
586.0 62.4176411328
588.0 62.4900379968
590.0 62.57274
592.0 62.6659101984
594.0 62.7715541808
596.0 62.8792363632
598.0 62.9726511456
600.0 63.041526
602.0 63.0880295712
604.0 63.1124879712
606.0 63.1177872912
608.0 63.1095529632
610.0 63.092481
612.0 63.0657235104
614.0 63.0272912112
616.0 62.9885328
618.0 62.9661615168
620.0 62.970189
622.0 62.9983650768
624.0 63.050657136
626.0 63.1191732672
628.0 63.1907874624
630.0 63.255537
632.0 63.3139436592
634.0 63.3669368592
636.0 63.4021569552
638.0 63.4024830672
640.0 63.357447
642.0 63.264015912
644.0 63.1128956112
646.0 62.9249246544
648.0 62.7351600816
650.0 62.562549
652.0 62.4064391856
654.0 62.2829731824
656.0 62.1368423952
658.0 61.87934436
660.0 61.461921
662.0 60.909242688
664.0 60.2309623392
666.0 59.4879487584
668.0 58.7738776176
670.0 58.160037
672.0 57.6412580304
674.0 57.2021482224
676.0 56.9428076544
678.0 57.0049319904
680.0 57.467049
682.0 58.3150543392
684.0 59.5679277264
686.0 61.0773697296
688.0 62.6070306768
690.0 63.99948
692.0 65.2683328752
694.0 66.3978870096
696.0 67.39145244
698.0 68.2805805024
700.0 69.084789
702.0 69.7818534
704.0 70.356136632
706.0 70.831852512
708.0 71.248379064
710.0 71.632539
712.0 71.9828811216
714.0 72.302943744
716.0 72.5957760144
718.0 72.8611333488
720.0 73.100043
722.0 73.3178695104
724.0 73.5188360304
726.0 73.7040676464
728.0 73.8734828304
730.0 74.027424
732.0 74.1680271888
734.0 74.2972653744
736.0 74.414600472
738.0 74.5184834496
740.0 74.608311
742.0 74.6853386544
744.0 74.750332776
746.0 74.8051358976
748.0 74.8522753872
750.0 74.893659
752.0 74.9297595984
754.0 74.9611804896
756.0 74.9888510928
758.0 75.013668216
760.0 75.036333
762.0 75.057412708
764.0 75.077536393
766.0 75.096437158
768.0 75.1133984147
770.0 75.128052
772.0 75.1407832408
774.0 75.1517732152
776.0 75.1614415779
778.0 75.1703847704
780.0 75.179007
