380.0 25.93812
382.0 25.982942953
384.0 26.0342576796
386.0 26.0837373088
388.0 26.0609588128
390.0 25.93812
392.0 25.7733482797
394.0 25.5850402707
396.0 25.4689903868
398.0 25.560769943
400.0 25.93812
402.0 26.593520928
404.0 27.551320992
406.0 28.680933216
408.0 29.77071552
410.0 30.68364
412.0 31.438331808
414.0 32.022266016
416.0 32.465943744
418.0 32.836937952
420.0 33.17808
422.0 33.47100432
424.0 33.710324544
426.0 33.899837088
428.0 34.042056672
430.0 34.14138
432.0 34.202901408
434.0 34.228616448
436.0 34.235917248
438.0 34.248977568
440.0 34.28334
442.0 34.339523712
444.0 34.421519808
446.0 34.519658784
448.0 34.61609424
450.0 34.69908
452.0 34.772104224
454.0 34.836756864
456.0 34.889322624
458.0 34.925339904
460.0 34.94244
462.0 34.941093408
464.0 34.921202784
466.0 34.88784624
468.0 34.848973536
470.0 34.81062
472.0 34.7728992
474.0 34.73574624
476.0 34.70573184
478.0 34.69169808
480.0 34.69908
482.0 34.72779648
484.0 34.77906432
486.0 34.84761072
488.0 34.92443136
490.0 35.00328
492.0 35.084902944
494.0 35.16925152
496.0 35.253437856
498.0 35.334054912
500.0 35.40888
502.0 35.477037024
504.0 35.536952256
506.0 35.591513568
508.0 35.64583152
510.0 35.70294
512.0 35.762417184
514.0 35.825544768
516.0 35.888104512
518.0 35.943120096
520.0 35.98686
522.0 36.021530688
524.0 36.048073152
526.0 36.071614176
528.0 36.09994128
530.0 36.13896
532.0 36.18933552
534.0 36.251943936
536.0 36.331668672
538.0 36.434593728
540.0 36.56484
542.0 36.724029888
544.0 36.915083712
546.0 37.134042816
548.0 37.37352528
550.0 37.62954
552.0 37.903044192
554.0 38.191766496
556.0 38.50539264
558.0 38.859335424
560.0 39.26208
562.0 39.709489248
564.0 40.19998944
566.0 40.723180992
568.0 41.263002144
570.0 41.80722
572.0 42.354715104
574.0 42.904092192
576.0 43.44414048
578.0 43.960501728
580.0 44.44362
582.0 44.891272608
584.0 45.2990304
586.0 45.673691232
588.0 46.028153184
590.0 46.37022
592.0 46.697230944
594.0 47.009494272
596.0 47.30220768
598.0 47.567259168
600.0 47.79996
602.0 48.00227328
604.0 48.1747344
606.0 48.32131824
608.0 48.44835216
610.0 48.56046
612.0 48.657852672
614.0 48.74119536
616.0 48.813262368
618.0 48.877298496
620.0 48.93564
622.0 48.989373888
624.0 49.039992768
626.0 49.086474528
628.0 49.126466688
630.0 49.15872
632.0 49.184305248
634.0 49.203692928
636.0 49.218213408
638.0 49.229813568
640.0 49.23984
642.0 49.248471168
644.0 49.256177568
646.0 49.262748288
648.0 49.267534368
650.0 49.27026
652.0 49.271330784
654.0 49.270860288
656.0 49.269740832
658.0 49.269270336
660.0 49.27026
662.0 49.272661152
664.0 49.276636032
666.0 49.281584352
668.0 49.286451552
670.0 49.29054
672.0 49.293995712
674.0 49.296834912
676.0 49.298944032
678.0 49.300241952
680.0 49.30068
682.0 49.300241952
684.0 49.298944032
686.0 49.296834912
688.0 49.293995712
690.0 49.29054
692.0 49.286500224
694.0 49.281827712
696.0 49.27707408
698.0 49.273050528
700.0 49.27026
702.0 49.268670048
704.0 49.26839424
706.0 49.269010752
708.0 49.269789504
710.0 49.27026
712.0 49.270519584
714.0 49.270552032
716.0 49.27042224
718.0 49.270292448
720.0 49.27026
722.0 49.27026
724.0 49.27026
726.0 49.27026
728.0 49.27026
730.0 49.27026
732.0 49.27026
734.0 49.27026
736.0 49.27026
738.0 49.27026
740.0 49.27026
742.0 49.27026
744.0 49.27026
746.0 49.27026
748.0 49.27026
750.0 49.27026
