380.0 31.4847
382.0 31.5616328107
384.0 31.6497418615
386.0 31.7347648591
388.0 31.6956812431
390.0 31.4847
392.0 31.2017159463
394.0 30.8783243515
396.0 30.6790393704
398.0 30.8366823893
400.0 31.4847
402.0 32.610126432
404.0 34.254801984
406.0 36.193943136
408.0 38.063321088
410.0 39.62712
412.0 40.917349824
414.0 41.912416416
416.0 42.664934208
418.0 43.29139152
420.0 43.86564
422.0 44.356042848
424.0 44.753287488
426.0 45.064058208
428.0 45.292897728
430.0 45.44748
432.0 45.536695776
434.0 45.564325248
436.0 45.55950672
438.0 45.562556832
440.0 45.59958
442.0 45.672085056
444.0 45.78745392
446.0 45.929835744
448.0 46.069621728
450.0 46.1877
452.0 46.290138336
454.0 46.379078304
456.0 46.451956512
458.0 46.50674496
460.0 46.5426
462.0 46.559440512
464.0 46.557169152
466.0 46.540539552
468.0 46.516852512
470.0 46.4919
472.0 46.466071392
474.0 46.439220672
476.0 46.419427392
478.0 46.417804992
480.0 46.4412
482.0 46.489401504
484.0 46.563902112
486.0 46.65835824
488.0 46.761899808
490.0 46.86708
492.0 46.974872256
494.0 47.08513056
496.0 47.195226624
498.0 47.302321248
500.0 47.4045
502.0 47.500675872
504.0 47.589226464
506.0 47.672666496
508.0 47.755538688
510.0 47.84052
512.0 47.927010144
514.0 48.015804096
516.0 48.103543488
518.0 48.18471216
520.0 48.25626
522.0 48.319841856
524.0 48.376268928
526.0 48.42872112
528.0 48.482065632
530.0 48.54018
532.0 48.603388704
534.0 48.67167552
536.0 48.750426816
538.0 48.847024512
540.0 48.96606
542.0 49.107727968
544.0 49.273569696
546.0 49.458880224
548.0 49.655547552
550.0 49.85838
552.0 50.067929184
554.0 50.282897184
556.0 50.505977184
558.0 50.742198624
560.0 50.99406
562.0 51.259062816
564.0 51.535552224
566.0 51.819991392
568.0 52.10735088
570.0 52.39338
572.0 52.677153984
574.0 52.958348352
576.0 53.2301328
578.0 53.483178528
580.0 53.71158
582.0 53.915093856
584.0 54.0920328
586.0 54.247150464
588.0 54.388883328
590.0 54.52278
592.0 54.647769696
594.0 54.764047104
596.0 54.871806912
598.0 54.9705624
600.0 55.0602
602.0 55.1417256
604.0 55.215999072
606.0 55.283052864
608.0 55.342643616
610.0 55.39482
612.0 55.44008496
614.0 55.478714304
616.0 55.511827488
618.0 55.540965792
620.0 55.5672
622.0 55.590692352
624.0 55.611767328
626.0 55.630327584
628.0 55.64596752
630.0 55.65846
632.0 55.668145728
634.0 55.675349184
636.0 55.67979456
638.0 55.680995136
640.0 55.67874
642.0 55.673321184
644.0 55.6649496
646.0 55.654144416
648.0 55.641635712
650.0 55.62804
652.0 55.613470848
654.0 55.597928256
656.0 55.582466784
658.0 55.568546592
660.0 55.55706
662.0 55.547958336
664.0 55.541420064
666.0 55.536585312
668.0 55.53199392
670.0 55.52664
672.0 55.520588448
674.0 55.513709472
676.0 55.505775936
678.0 55.4966256
680.0 55.48608
682.0 55.47423648
684.0 55.461565536
686.0 55.446866592
688.0 55.428273888
690.0 55.40496
692.0 55.377249408
694.0 55.344574272
696.0 55.310925696
698.0 55.2824688
700.0 55.263
702.0 55.252000128
704.0 55.250085696
706.0 55.254336384
708.0 55.259722752
710.0 55.263
712.0 55.264817088
714.0 55.265044224
716.0 55.26413568
718.0 55.263227136
720.0 55.263
722.0 55.263
724.0 55.263
726.0 55.263
728.0 55.263
730.0 55.263
732.0 55.263
734.0 55.263
736.0 55.263
738.0 55.263
740.0 55.263
742.0 55.263
744.0 55.263
746.0 55.263
748.0 55.263
750.0 55.263
