380.0 23.40312
382.0 23.4403019924
384.0 23.4823785095
386.0 23.5220128876
388.0 23.5029334636
390.0 23.40312
392.0 23.2689261726
394.0 23.1152558602
396.0 23.0202993499
398.0 23.0948025196
400.0 23.40312
402.0 23.939696352
404.0 24.723802272
406.0 25.656438912
408.0 26.576096352
410.0 27.378
412.0 28.076540544
414.0 28.662178272
416.0 29.1561504
418.0 29.606966688
420.0 30.04482
422.0 30.45471936
424.0 30.83119728
426.0 31.17538944
428.0 31.48737696
430.0 31.76862
432.0 32.021681952
434.0 32.24730912
436.0 32.454846528
438.0 32.657516736
440.0 32.86374
442.0 33.073224288
444.0 33.287381088
446.0 33.501537888
448.0 33.707095968
450.0 33.89802
452.0 34.07615952
454.0 34.243461408
456.0 34.393403616
458.0 34.516576224
460.0 34.60782
462.0 34.669211616
464.0 34.701497376
466.0 34.711880736
468.0 34.711556256
470.0 34.70922
472.0 34.705472256
474.0 34.700605056
476.0 34.704823296
478.0 34.731836256
480.0 34.79034
482.0 34.880886144
484.0 35.006102976
486.0 35.158819488
488.0 35.32629984
490.0 35.50014
492.0 35.681865024
494.0 35.871053088
496.0 36.067379712
498.0 36.271574976
500.0 36.48372
502.0 36.701965248
504.0 36.924574752
506.0 37.151483616
508.0 37.38317856
510.0 37.6194
512.0 37.859466528
514.0 38.103832416
516.0 38.347468224
518.0 38.582910912
520.0 38.80578
522.0 39.017130048
524.0 39.216831264
526.0 39.4093128
528.0 39.601794336
530.0 39.7995
532.0 40.002283776
534.0 40.2103728
536.0 40.427385024
538.0 40.657863168
540.0 40.90476
542.0 41.168951616
544.0 41.452255104
546.0 41.751295872
548.0 42.06007104
550.0 42.37506
552.0 42.696749472
554.0 43.023500832
556.0 43.360797792
558.0 43.717644672
560.0 44.09886
562.0 44.501507232
564.0 44.924142432
566.0 45.360486912
568.0 45.801049632
570.0 46.2384
572.0 46.67166192
574.0 47.100186432
576.0 47.515569504
578.0 47.906697696
580.0 48.2664
582.0 48.593784096
584.0 48.886254144
586.0 49.149439872
588.0 49.3935624
590.0 49.62516
592.0 49.84272384
594.0 50.046627072
596.0 50.235523104
598.0 50.406491616
600.0 50.55804
602.0 50.691660864
604.0 50.808230304
606.0 50.909468064
608.0 50.997807744
610.0 51.07518
612.0 51.142104
614.0 51.199147584
616.0 51.247998048
618.0 51.290683392
620.0 51.32868
622.0 51.362620608
624.0 51.393365088
626.0 51.420540288
628.0 51.443091648
630.0 51.4605
632.0 51.473430528
634.0 51.482272608
636.0 51.487626528
638.0 51.490303488
640.0 51.49092
642.0 51.489800544
644.0 51.487464288
646.0 51.483748992
648.0 51.478167936
650.0 51.47064
652.0 51.461505888
654.0 51.450652032
656.0 51.440041536
658.0 51.43259472
660.0 51.43008
662.0 51.432237792
664.0 51.439311456
666.0 51.44971104
668.0 51.460759584
670.0 51.47064
672.0 51.47948208
674.0 51.48702624
676.0 51.49311024
678.0 51.4978152
680.0 51.50106
682.0 51.502747296
684.0 51.50325024
686.0 51.501076224
688.0 51.493953888
690.0 51.48078
692.0 51.461895264
694.0 51.436748064
696.0 51.409248384
698.0 51.385480224
700.0 51.36924
702.0 51.360040992
704.0 51.358467264
706.0 51.362085216
708.0 51.366595488
710.0 51.36924
712.0 51.370667712
714.0 51.370846176
716.0 51.37013232
718.0 51.369418464
720.0 51.36924
722.0 51.36924
724.0 51.36924
726.0 51.36924
728.0 51.36924
730.0 51.36924
732.0 51.36924
734.0 51.36924
736.0 51.36924
738.0 51.36924
740.0 51.36924
742.0 51.36924
744.0 51.36924
746.0 51.36924
748.0 51.36924
750.0 51.36924
