380.0 39.15054
382.0 39.3166374307
384.0 39.5074706393
386.0 39.6927779846
388.0 39.6086240966
390.0 39.15054
392.0 38.5365250987
394.0 37.8352790281
396.0 37.4034941907
398.0 37.7458375133
400.0 39.15054
402.0 41.588877408
404.0 45.152462784
406.0 49.3444848
408.0 53.361206496
410.0 56.6826
412.0 59.37927216
414.0 61.40370288
416.0 62.87497632
418.0 64.05454224
420.0 65.10894
422.0 65.969850336
424.0 66.61882656
426.0 67.072790304
428.0 67.343828448
430.0 67.45128
432.0 67.416950016
434.0 67.250605344
436.0 67.022203872
438.0 66.82819728
440.0 66.73134
442.0 66.736434336
444.0 66.862559712
446.0 67.071914208
448.0 67.293355584
450.0 67.4817
452.0 67.65172752
454.0 67.807023648
456.0 67.949421696
458.0 68.086141344
460.0 68.22192
462.0 68.353723776
464.0 68.480189856
466.0 68.605033536
468.0 68.733770976
470.0 68.87088
472.0 69.016896
474.0 69.171818976
476.0 69.342316992
478.0 69.537556608
480.0 69.7632
482.0 70.019522976
484.0 70.308618432
486.0 70.624077888
488.0 70.954950144
490.0 71.29434
492.0 71.64258816
494.0 71.996952768
496.0 72.363485376
498.0 72.752812704
500.0 73.17024
502.0 73.610672928
504.0 74.070493536
506.0 74.542401024
508.0 75.016012032
510.0 75.48216
512.0 75.939400992
514.0 76.388854464
516.0 76.810646016
518.0 77.176545888
520.0 77.4696
522.0 77.69219328
524.0 77.842492416
526.0 77.936737632
528.0 78.002023008
530.0 78.05772
532.0 78.102482016
534.0 78.136536192
536.0 78.172780608
538.0 78.227520384
540.0 78.31122
542.0 78.42568032
544.0 78.575135808
546.0 78.749900736
548.0 78.932696544
550.0 79.11228
552.0 79.290922464
554.0 79.468056096
556.0 79.644459648
558.0 79.8228912
560.0 80.0046
562.0 80.187217344
564.0 80.368942368
566.0 80.548639392
568.0 80.725091616
570.0 80.89692
572.0 81.063394464
574.0 81.224531232
576.0 81.3759336
578.0 81.511355328
580.0 81.627
582.0 81.723240768
584.0 81.79946112
586.0 81.859214112
588.0 81.908502624
590.0 81.95148
592.0 81.98782176
594.0 82.017884832
596.0 82.042999584
598.0 82.064463936
600.0 82.0833
602.0 82.100351424
604.0 82.116575424
606.0 82.131582624
608.0 82.144318464
610.0 82.15428
612.0 82.162002624
614.0 82.167599904
616.0 82.172223744
618.0 82.177577664
620.0 82.1847
622.0 82.193428512
624.0 82.203860544
626.0 82.215184896
628.0 82.226022528
630.0 82.2354
632.0 82.243447104
634.0 82.250228736
636.0 82.255063488
638.0 82.25705904
640.0 82.25568
642.0 82.250958816
644.0 82.242814368
646.0 82.23183072
648.0 82.218981312
650.0 82.20498
652.0 82.18981056
654.0 82.17350544
656.0 82.15663248
658.0 82.13992176
660.0 82.12386
662.0 82.108544544
664.0 82.09417008
666.0 82.080444576
668.0 82.066800192
670.0 82.05288
672.0 82.038862464
674.0 82.024877376
676.0 82.010811168
678.0 81.9965016
680.0 81.9819
682.0 81.967087488
684.0 81.952080288
686.0 81.937316448
688.0 81.923444928
690.0 81.91092
692.0 81.899709216
694.0 81.889780128
696.0 81.88139232
698.0 81.874870272
700.0 81.87036
702.0 81.867829056
704.0 81.86735856
706.0 81.868267104
708.0 81.869500128
710.0 81.87036
712.0 81.870879168
714.0 81.870944064
716.0 81.87068448
718.0 81.870424896
720.0 81.87036
722.0 81.87036
724.0 81.87036
726.0 81.87036
728.0 81.87036
730.0 81.87036
732.0 81.87036
734.0 81.87036
736.0 81.87036
738.0 81.87036
740.0 81.87036
742.0 81.87036
744.0 81.87036
746.0 81.87036
748.0 81.87036
750.0 81.87036
