380.0 14.33796
382.0 14.3579020129
384.0 14.3805007253
386.0 14.40184887
388.0 14.39162775
390.0 14.33796
392.0 14.2658712565
394.0 14.1834668436
396.0 14.1326316953
398.0 14.1726509471
400.0 14.33796
402.0 14.625757536
404.0 15.04670544
406.0 15.547150944
408.0 16.039565568
410.0 16.46736
412.0 16.838759808
414.0 17.149027584
416.0 17.41054224
418.0 17.650722336
420.0 17.88696
422.0 18.112003104
424.0 18.32403456
426.0 18.524141376
428.0 18.712566912
430.0 18.89082
432.0 19.060863744
434.0 19.222584576
436.0 19.386252288
438.0 19.56671184
440.0 19.773
442.0 20.004045984
444.0 20.261131488
446.0 20.536306752
448.0 20.816105856
450.0 21.0912
452.0 21.362562624
454.0 21.629885472
456.0 21.88933968
458.0 22.136625888
460.0 22.36884
462.0 22.584895008
464.0 22.78328208
466.0 22.966256352
468.0 23.138117184
470.0 23.30172
472.0 23.45609136
474.0 23.600614752
476.0 23.736782784
478.0 23.866623456
480.0 23.99124
482.0 24.110194368
484.0 24.223259424
486.0 24.32886144
488.0 24.424566816
490.0 24.50838
492.0 24.580203648
494.0 24.64028112
496.0 24.685108032
498.0 24.709736064
500.0 24.71118
502.0 24.689829216
504.0 24.645359232
506.0 24.580528128
508.0 24.499959744
510.0 24.40698
512.0 24.301345536
514.0 24.183040128
516.0 24.0545136
518.0 23.918929632
520.0 23.7783
522.0 23.632786944
524.0 23.48294208
526.0 23.327175456
528.0 23.162647872
530.0 22.98738
532.0 22.801793664
534.0 22.606180896
536.0 22.399049088
538.0 22.17837024
540.0 21.94296
542.0 21.69294816
544.0 21.428123808
546.0 21.150076896
548.0 20.861403264
550.0 20.56392
552.0 20.257594656
554.0 19.942686816
556.0 19.619748096
558.0 19.289265216
560.0 18.95166
562.0 18.60706224
564.0 18.255309696
566.0 17.897310912
568.0 17.534363808
570.0 17.16702
572.0 16.79573376
574.0 16.422224832
576.0 16.041496224
578.0 15.645598176
580.0 15.23028
582.0 14.798007744
584.0 14.349981984
586.0 13.891978464
588.0 13.432758144
590.0 12.9792
592.0 12.532099008
594.0 12.092006784
596.0 11.66692176
598.0 11.267470656
600.0 10.9005
602.0 10.566820992
604.0 10.26889968
606.0 10.001317248
608.0 9.754258176
610.0 9.52146
612.0 9.304334208
614.0 9.102426528
616.0 8.917310688
618.0 8.752231488
620.0 8.60886
622.0 8.485590048
624.0 8.381431968
626.0 8.294552448
628.0 8.222355648
630.0 8.1627
632.0 8.11516368
634.0 8.079584448
636.0 8.052847296
638.0 8.030733984
640.0 8.0106
642.0 7.992575136
644.0 7.976351136
646.0 7.963615296
648.0 7.957369056
650.0 7.9599
652.0 7.970672736
654.0 7.988762496
656.0 8.018209056
658.0 8.064934176
660.0 8.13228
662.0 8.219337984
664.0 8.326302816
666.0 8.448437088
668.0 8.57819664
670.0 8.71026
672.0 8.844318912
674.0 8.979043008
676.0 9.113442624
678.0 9.24719328
680.0 9.3795
682.0 9.50872416
684.0 9.633746304
686.0 9.752116608
688.0 9.860752512
690.0 9.95748
692.0 10.042153056
694.0 10.114804128
696.0 10.174476
698.0 10.220114112
700.0 10.25154
702.0 10.269078144
704.0 10.27238784
706.0 10.266206496
708.0 10.257672672
710.0 10.25154
712.0 10.247776032
714.0 10.247305536
716.0 10.24918752
718.0 10.251069504
720.0 10.25154
722.0 10.25154
724.0 10.25154
726.0 10.25154
728.0 10.25154
730.0 10.25154
732.0 10.25154
734.0 10.25154
736.0 10.25154
738.0 10.25154
740.0 10.25154
742.0 10.25154
744.0 10.25154
746.0 10.25154
748.0 10.25154
750.0 10.25154
