380.0 39.41418
382.0 39.589832047
384.0 39.7917023885
386.0 39.9878407675
388.0 39.8988683515
390.0 39.41418
392.0 38.76449908
394.0 38.022434745
396.0 37.565481205
398.0 37.927758545
400.0 39.41418
402.0 41.994071808
404.0 45.76417248
406.0 50.197915872
408.0 54.443623104
410.0 57.9501
412.0 60.791766048
414.0 62.917937472
416.0 64.454204256
418.0 65.67686112
420.0 66.76176
422.0 67.636087584
424.0 68.279742336
426.0 68.710538208
428.0 68.94137328
430.0 68.99256
432.0 68.886747072
434.0 68.634123168
436.0 68.307274464
438.0 68.00622192
440.0 67.79604
442.0 67.681774368
444.0 67.683299424
446.0 67.76123952
448.0 67.841532096
450.0 67.87716
452.0 67.883390016
454.0 67.86369408
456.0 67.820554464
458.0 67.762407648
460.0 67.69464
462.0 67.61384448
464.0 67.518625824
466.0 67.411644768
468.0 67.296795072
470.0 67.1775
472.0 67.054067808
474.0 66.925735968
476.0 66.800405568
478.0 66.689433408
480.0 66.59952
482.0 66.529172736
484.0 66.478440288
486.0 66.4409304
488.0 66.406178592
490.0 66.3663
492.0 66.321797568
494.0 66.27357984
496.0 66.212058432
498.0 66.123929664
500.0 66.00126
502.0 65.845282464
504.0 65.655494112
506.0 65.43958512
508.0 65.210291328
510.0 64.97712
512.0 64.739227488
514.0 64.49534832
516.0 64.256741952
518.0 64.039064544
520.0 63.85158
522.0 63.692519904
524.0 63.562030272
526.0 63.45117168
528.0 63.345261408
530.0 63.23304
532.0 63.115448448
534.0 62.99462832
536.0 62.854258272
538.0 62.671219104
540.0 62.43198
542.0 62.13938016
544.0 61.792965312
546.0 61.407288384
548.0 61.006036416
550.0 60.60678
552.0 60.20896752
554.0 59.812225824
556.0 59.433492768
558.0 59.095400832
560.0 58.812
562.0 58.583436288
564.0 58.413084288
566.0 58.288078368
568.0 58.186191648
570.0 58.09206
572.0 58.007987232
574.0 57.934476288
576.0 57.863804544
578.0 57.78648096
580.0 57.6966
582.0 57.593301792
584.0 57.474347424
586.0 57.346632096
588.0 57.221999328
590.0 57.10848
592.0 57.005035776
594.0 56.912072256
596.0 56.831438976
598.0 56.764677216
600.0 56.71302
602.0 56.678024832
604.0 56.661573696
606.0 56.66207664
608.0 56.676369984
610.0 56.70288
612.0 56.74206096
614.0 56.79259872
616.0 56.86017168
618.0 56.95370304
620.0 57.07806
622.0 57.230841408
624.0 57.41113872
626.0 57.612527232
628.0 57.825110304
630.0 58.04136
632.0 58.26046512
634.0 58.481322432
636.0 58.697474784
638.0 58.900810176
640.0 59.08578
642.0 59.250486048
644.0 59.391618624
646.0 59.51312016
648.0 59.622697056
650.0 59.7246
652.0 59.81715792
654.0 59.9014416
656.0 59.97006912
658.0 60.0113592
660.0 60.01866
662.0 59.994356448
664.0 59.93867568
666.0 59.859226752
668.0 59.768096544
670.0 59.6739
672.0 59.577269856
674.0 59.480396352
676.0 59.385469728
678.0 59.293869024
680.0 59.20746
682.0 59.127621696
684.0 59.053688928
686.0 58.99346544
688.0 58.958226912
690.0 58.95396
692.0 58.979610144
694.0 59.03759472
696.0 59.112776736
698.0 59.181225792
700.0 59.22774
702.0 59.254201344
704.0 59.258549376
706.0 59.247727968
708.0 59.23471632
710.0 59.22774
712.0 59.224235616
714.0 59.223797568
716.0 59.22554976
718.0 59.227301952
720.0 59.22774
722.0 59.22774
724.0 59.22774
726.0 59.22774
728.0 59.22774
730.0 59.22774
732.0 59.22774
734.0 59.22774
736.0 59.22774
738.0 59.22774
740.0 59.22774
742.0 59.22774
744.0 59.22774
746.0 59.22774
748.0 59.22774
750.0 59.22774
