380.0 11.885013
382.0 12.964937407
384.0 14.0864901869
386.0 15.3119765083
388.0 16.7009403467
390.0 18.289218
392.0 20.0898246864
394.0 22.1180903258
396.0 24.3109326082
398.0 26.5630311626
400.0 28.7941
402.0 31.0103004592
404.0 33.2235142752
406.0 35.3250466992
408.0 37.1622294272
410.0 38.643668
412.0 39.7745096112
414.0 40.5301462272
416.0 41.0234983792
418.0 41.4424227472
420.0 41.910309
422.0 42.4114613744
424.0 42.9583824672
426.0 43.537632384
428.0 44.1090185328
430.0 44.650713
432.0 45.1863388624
434.0 45.730829336
436.0 46.2903324576
438.0 46.8712822192
440.0 47.480478
442.0 48.1223997648
444.0 48.7991127456
446.0 49.5266622064
448.0 50.3268919472
450.0 51.213782
452.0 52.1850288368
454.0 53.2384401344
456.0 54.373269232
458.0 55.5868154416
460.0 56.873312
462.0 58.2280406464
464.0 59.64866608
466.0 61.1065451216
468.0 62.5608497232
470.0 63.982476
472.0 65.3646086864
474.0 66.6940302976
476.0 67.9738069088
478.0 69.216727072
480.0 70.426397
482.0 71.5913625984
484.0 72.7077952448
486.0 73.7467022592
488.0 74.6665407056
490.0 75.440542
492.0 76.0701041456
494.0 76.5520022032
496.0 76.8964034688
498.0 77.1233248064
500.0 77.24762
502.0 77.2675892048
504.0 77.1829941248
506.0 77.0093557728
508.0 76.7678030608
510.0 76.473158
512.0 76.1287567344
514.0 75.7407473008
516.0 75.3062701472
518.0 74.8169849136
520.0 74.26892
522.0 73.666666576
524.0 73.0115590992
526.0 72.3119697024
528.0 71.5801309136
530.0 70.823557
532.0 70.0422797344
534.0 69.2391427824
536.0 68.4055039424
538.0 67.5266682944
540.0 66.593803
542.0 65.6110226368
544.0 64.5810914384
546.0 63.505804568
548.0 62.3881804416
550.0 61.232143
552.0 60.0390584736
554.0 58.808116656
556.0 57.5559664944
558.0 56.3068347488
560.0 55.076163
562.0 53.8635223152
564.0 52.6722488384
566.0 51.4930490256
568.0 50.3089244288
570.0 49.108834
572.0 47.896860544
574.0 46.6758159536
576.0 45.4414267872
578.0 44.1879739408
580.0 42.913138
582.0 41.62077936
584.0 40.3151238032
586.0 39.0015250464
588.0 37.6870525376
590.0 36.379856
592.0 35.0847807856
594.0 33.8041304224
596.0 32.5616868512
598.0 31.390573216
600.0 30.313237
602.0 29.3305678416
604.0 28.4459177712
606.0 27.6583336048
608.0 26.9619373744
610.0 26.351566
612.0 25.8279661424
614.0 25.3910265968
616.0 25.0289119952
618.0 24.7246238896
620.0 24.465056
622.0 24.2475870704
624.0 24.0692145712
626.0 23.919596456
628.0 23.7863413328
630.0 23.660807
632.0 23.5409758848
634.0 23.4244968
636.0 23.3123070432
638.0 23.2079810544
640.0 23.114712
642.0 23.031784992
644.0 22.9581991872
646.0 22.9029621744
648.0 22.8793390976
650.0 22.896274
652.0 22.9532585168
654.0 23.0506262624
656.0 23.189457512
658.0 23.3699111296
660.0 23.591304
662.0 23.8527623712
664.0 24.153126536
666.0 24.4873287328
668.0 24.8482200816
670.0 25.229589
672.0 25.6286871408
674.0 26.0426072928
676.0 26.4639940528
678.0 26.8837921728
680.0 27.294821
682.0 27.6933790032
684.0 28.0749544448
686.0 28.4374662064
688.0 28.780358264
690.0 29.101899
692.0 29.3988793616
694.0 29.6698536864
696.0 29.9072282752
698.0 30.100676968
700.0 30.243734
702.0 30.3390047408
704.0 30.3902542672
706.0 30.3948772096
708.0 30.3489814
710.0 30.253663
712.0 30.1114161744
714.0 29.9186029376
716.0 29.7095855728
718.0 29.535915448
720.0 29.429556
722.0 29.3879177456
724.0 29.4179907008
726.0 29.493737056
728.0 29.5700394352
730.0 29.618207
732.0 29.6458687949
734.0 29.6543664227
736.0 29.6472159465
738.0 29.6329781595
740.0 29.618207
742.0 29.6061585718
744.0 29.605253047
746.0 29.6114348329
748.0 29.6155821715
750.0 29.618207
