380.0 17.097738
382.0 18.0257759571
384.0 18.9687344363
386.0 19.9428355803
388.0 20.9379755627
390.0 21.953019
392.0 23.0140228566
394.0 24.1318831507
396.0 25.3200514064
398.0 26.5927353101
400.0 27.950135
402.0 29.3904277968
404.0 30.927484656
406.0 32.4658124272
408.0 33.8601299824
410.0 35.019583
412.0 35.9539575024
414.0 36.6486221152
416.0 37.162420064
418.0 37.5995661328
420.0 38.02807
422.0 38.4343170208
424.0 38.820960224
426.0 39.1857596272
428.0 39.5158472464
430.0 39.805361
432.0 40.0649924352
434.0 40.3008260432
436.0 40.5205349552
438.0 40.7338098752
440.0 40.947196
442.0 41.1623931744
444.0 41.3824515872
446.0 41.603383752
448.0 41.8173259008
450.0 42.019528
452.0 42.2122141456
454.0 42.396194544
456.0 42.5728671984
458.0 42.7446150688
460.0 42.913138
462.0 43.078277128
464.0 43.2400165664
466.0 43.3995319088
468.0 43.5583323632
470.0 43.717387
472.0 43.876489296
474.0 44.0353056368
476.0 44.1940425456
478.0 44.3529383184
480.0 44.511707
482.0 44.6703644768
484.0 44.8298957056
486.0 44.9852964704
488.0 45.1289412992
490.0 45.256382
492.0 45.3686035296
494.0 45.4650657504
496.0 45.5510429472
498.0 45.635113776
500.0 45.723045
502.0 45.8140899584
504.0 45.9083280832
506.0 46.006855536
508.0 46.1104666368
510.0 46.219495
512.0 46.3346078544
514.0 46.45699668
516.0 46.5830393776
518.0 46.7069374112
520.0 46.825164
522.0 46.9383546
524.0 47.0459690736
526.0 47.1509622912
528.0 47.2583384688
530.0 47.371259
532.0 47.4888660192
534.0 47.6109530032
536.0 47.7370115872
538.0 47.8659297232
540.0 47.996786
542.0 48.1300093504
544.0 48.2664258672
546.0 48.403160112
548.0 48.5358433248
550.0 48.662029
552.0 48.7817965696
554.0 48.893652712
556.0 49.0032053264
558.0 49.1195096608
560.0 49.24784
562.0 49.3872590464
564.0 49.5392918944
566.0 49.6964878224
568.0 49.8466937344
570.0 49.982586
572.0 50.105387872
574.0 50.2134312784
576.0 50.3141669408
578.0 50.4200656832
580.0 50.53861
582.0 50.6681477056
584.0 50.8099020528
586.0 50.95681948
588.0 51.0971440512
590.0 51.223711
592.0 51.3381883984
594.0 51.439924904
596.0 51.5339565056
598.0 51.6288618592
600.0 51.73009
602.0 51.8362746976
604.0 51.9472412016
606.0 52.0620998736
608.0 52.1788649136
610.0 52.296043
612.0 52.4142537024
614.0 52.5343231136
616.0 52.6532804768
618.0 52.7666776
620.0 52.871925
622.0 52.9693404048
624.0 53.0581453808
626.0 53.1421844368
628.0 53.2277327008
630.0 53.31873
632.0 53.4145567648
634.0 53.5157531328
636.0 53.6202062128
638.0 53.7241032688
640.0 53.825109
642.0 53.9237953168
644.0 54.0198286048
646.0 54.1148292768
648.0 54.2115774528
650.0 54.31163
652.0 54.4146056448
654.0 54.5210445248
656.0 54.6281188608
658.0 54.7313010288
660.0 54.827938
662.0 54.9185540256
664.0 55.0025613088
666.0 55.08331188
668.0 55.1662865472
670.0 55.254885
672.0 55.34861476
674.0 55.448143056
676.0 55.551007496
678.0 55.652918752
680.0 55.751335
682.0 55.846812264
684.0 55.938715088
686.0 56.029982456
688.0 56.12545972
690.0 56.227927
692.0 56.33635168
694.0 56.450654328
696.0 56.56789596
698.0 56.683390088
700.0 56.79388
702.0 56.9000329248
704.0 57.002627296
706.0 57.0990259712
708.0 57.1855750784
710.0 57.260543
712.0 57.3234849168
714.0 57.3717160272
716.0 57.4147046256
718.0 57.46746336
720.0 57.538555
722.0 57.6263432464
724.0 57.7333858096
726.0 57.8457503168
728.0 57.940957512
730.0 58.005218
732.0 58.0419452285
734.0 58.0510713952
736.0 58.0400218339
738.0 58.0216751702
740.0 58.005218
742.0 57.9928129259
744.0 57.9905729435
746.0 57.9956300635
748.0 58.0007719363
750.0 58.005218
