380.0 40.27608
382.0 40.5021090419
384.0 40.7615214867
386.0 41.0128937363
388.0 40.8982711763
390.0 40.27608
392.0 39.4417906087
394.0 38.4884234228
396.0 37.9010510464
398.0 38.3661295501
400.0 40.27608
402.0 43.59153552
404.0 48.435843456
406.0 54.138076512
408.0 59.612443488
410.0 64.15578
412.0 67.862461056
414.0 70.667412192
416.0 72.727600608
418.0 74.390787744
420.0 75.87762
422.0 77.093673696
424.0 78.010946208
426.0 78.6511128
428.0 79.030316352
430.0 79.17312
432.0 79.106552928
434.0 78.8433672
436.0 78.467992512
438.0 78.096349344
440.0 77.80422
442.0 77.598288768
444.0 77.502096672
446.0 77.471936256
448.0 77.4245784
450.0 77.30736
452.0 77.138922432
454.0 76.925106336
456.0 76.66683648
458.0 76.370196864
460.0 76.03986
462.0 75.674430624
464.0 75.27433056
466.0 74.846081856
468.0 74.398851072
470.0 73.94088
472.0 73.47354768
474.0 72.995653536
476.0 72.526195872
478.0 72.092268768
480.0 71.71008
482.0 71.376563232
484.0 71.092156512
486.0 70.842793632
488.0 70.605112032
490.0 70.36146
492.0 70.113541056
494.0 69.864405312
496.0 69.590609088
498.0 69.259136544
500.0 68.8506
502.0 68.36923392
504.0 67.815054528
506.0 67.207417056
508.0 66.577877184
510.0 65.95056
512.0 65.323956672
514.0 64.694481696
516.0 64.09502112
518.0 63.571732224
520.0 63.15192
522.0 62.830311648
524.0 62.6076048
526.0 62.457175872
528.0 62.335301184
530.0 62.2089
532.0 62.080503264
534.0 61.954961952
536.0 61.7895096
538.0 61.524279648
540.0 61.12392
542.0 60.594612
544.0 59.93413296
546.0 59.17955472
548.0 58.39171728
550.0 57.61548
552.0 56.848522848
554.0 56.08904496
556.0 55.379861472
558.0 54.778405344
560.0 54.31998
562.0 54.00409872
564.0 53.838581472
566.0 53.789228064
568.0 53.797632096
570.0 53.82312
572.0 53.870640096
574.0 53.940435744
576.0 54.011691552
578.0 54.05909808
580.0 54.06648
582.0 54.030430272
584.0 53.943956352
586.0 53.823736512
588.0 53.699217312
590.0 53.5899
592.0 53.492345088
594.0 53.407428672
596.0 53.336546016
598.0 53.27896704
600.0 53.235
602.0 53.208846912
604.0 53.204807136
606.0 53.22153408
608.0 53.255539584
610.0 53.30598
612.0 53.374234368
614.0 53.45816112
616.0 53.571858912
618.0 53.736743424
620.0 53.96508
622.0 54.253023552
624.0 54.600379392
626.0 54.993081312
628.0 55.408659072
630.0 55.83084
632.0 56.259023808
634.0 56.690760672
636.0 57.117468096
638.0 57.5294928
640.0 57.91968
642.0 58.283470752
644.0 58.614618816
646.0 58.917456
648.0 59.201473344
650.0 59.4711
652.0 59.723350752
654.0 59.96009136
656.0 60.165357408
658.0 60.314650656
660.0 60.39384
662.0 60.407030112
664.0 60.353880288
666.0 60.250436064
668.0 60.1224936
670.0 59.98824
672.0 59.848437792
674.0 59.707256544
676.0 59.568671136
678.0 59.434790688
680.0 59.30886
682.0 59.19358848
684.0 59.087548416
686.0 59.006006592
688.0 58.971108768
690.0 58.99452
692.0 59.074163616
694.0 59.215052832
696.0 59.386362048
698.0 59.539419264
700.0 59.64348
702.0 59.70253536
704.0 59.712383328
706.0 59.688566496
708.0 59.659557984
710.0 59.64348
712.0 59.635173312
714.0 59.634134976
716.0 59.63828832
718.0 59.642441664
720.0 59.64348
722.0 59.64348
724.0 59.64348
726.0 59.64348
728.0 59.64348
730.0 59.64348
732.0 59.64348
734.0 59.64348
736.0 59.64348
738.0 59.64348
740.0 59.64348
742.0 59.64348
744.0 59.64348
746.0 59.64348
748.0 59.64348
750.0 59.64348
