380.0 0.665243
382.0 0.679796386618
384.0 0.694439314764
386.0 0.709046137455
388.0 0.722613123055
390.0 0.734746
392.0 0.746315631855
394.0 0.757672963636
396.0 0.770070132509
398.0 0.785247421382
400.0 0.804249
402.0 0.8271889616
404.0 0.8546724336
406.0 0.8849360256
408.0 0.9150407536
410.0 0.943255
412.0 0.970103016
414.0 0.9955053696
416.0 1.0210665872
418.0 1.0494079248
420.0 1.082261
422.0 1.1195622672
424.0 1.1617406592
426.0 1.2082878112
428.0 1.2580916752
430.0 1.310628
432.0 1.3666116736
434.0 1.4265669472
436.0 1.4912087088
438.0 1.5614901424
440.0 1.638285
442.0 1.722006328
444.0 1.8129877408
446.0 1.9126272416
448.0 2.0227517664
450.0 2.144664
452.0 2.2786498976
454.0 2.4251225056
456.0 2.5841453696
458.0 2.7554801936
460.0 2.938984
462.0 3.1352286992
464.0 3.3450244976
466.0 3.567132256
468.0 3.7994867424
470.0 4.041103
472.0 4.2941415792
474.0 4.561620896
476.0 4.8418887648
478.0 5.1317679056
480.0 5.431163
482.0 5.7447764224
484.0 6.0765797728
486.0 6.4361048912
488.0 6.8362197616
490.0 7.287886
492.0 7.7915801984
494.0 8.3435849392
496.0 8.968587688
498.0 9.7023328448
500.0 10.564456
502.0 11.5439796512
504.0 12.631912096
506.0 13.8104764528
508.0 15.0530630016
510.0 16.333205
512.0 17.6419742912
514.0 18.9772103248
516.0 20.2714594464
518.0 21.429800416
520.0 22.389895
522.0 23.150932992
524.0 23.7015715024
526.0 24.0624469648
528.0 24.2769292512
530.0 24.375695
532.0 24.3524531968
534.0 24.2064571808
536.0 23.9606151408
538.0 23.6453495328
540.0 23.283505
542.0 22.8820874448
544.0 22.4503745248
546.0 21.9951497328
548.0 21.5200669408
550.0 21.029622
552.0 20.5313609504
554.0 20.0311141008
556.0 19.5340445312
558.0 19.0449181616
560.0 18.56723
562.0 18.1038078256
564.0 17.6578606912
566.0 17.2262113168
568.0 16.8025051424
570.0 16.38285
572.0 15.9690251664
574.0 15.5617137568
576.0 15.1615512272
578.0 14.7697290576
580.0 14.387121
582.0 14.0135999632
584.0 13.6490865152
586.0 13.2945020672
588.0 12.9511175312
590.0 12.619759
592.0 12.300362928
594.0 11.9929293152
596.0 11.6973310704
598.0 11.4132504656
600.0 11.140338
602.0 10.8785142416
604.0 10.6277791904
606.0 10.3869731392
608.0 10.154428016
610.0 9.929
612.0 9.7105461136
614.0 9.4986850832
616.0 9.2936552048
618.0 9.0960919344
620.0 8.906313
622.0 8.7239530144
624.0 8.5488213408
626.0 8.3805208192
628.0 8.2184954256
630.0 8.062348
632.0 7.9119514512
634.0 7.7670674832
636.0 7.6278231872
638.0 7.4945362912
640.0 7.367318
642.0 7.2459617904
644.0 7.1304200032
646.0 7.020041296
648.0 6.9138724848
650.0 6.811294
652.0 6.712242296
654.0 6.616447304
656.0 6.524385616
658.0 6.436930984
660.0 6.35456
662.0 6.277034368
664.0 6.204354088
666.0 6.135804272
668.0 6.070272872
670.0 6.007045
672.0 5.9461365424
674.0 5.887340976
676.0 5.8310872336
678.0 5.7781696352
680.0 5.729033
682.0 5.6834072592
684.0 5.6411653216
686.0 5.6019418
688.0 5.5651806704
690.0 5.530453
692.0 5.4977111296
694.0 5.4669074
696.0 5.4376128784
698.0 5.4092715408
700.0 5.381518
702.0 5.3543204832
704.0 5.3275995584
706.0 5.3015140896
708.0 5.2763818048
710.0 5.252441
712.0 5.2296599024
714.0 5.2080226256
716.0 5.1878151248
718.0 5.16943456
720.0 5.153151
722.0 5.1389167856
724.0 5.1266524848
726.0 5.116532848
728.0 5.1087961712
730.0 5.103506
732.0 5.10054064002
734.0 5.09987911208
736.0 5.10080622414
738.0 5.10226237612
740.0 5.103506
742.0 5.10440536787
744.0 5.10464366387
746.0 5.10435291995
748.0 5.10392953598
750.0 5.103506
