380.0 32.408256
382.0 32.9703009456
384.0 33.5278659264
386.0 34.0728012192
388.0 34.586599168
390.0 35.059299
392.0 35.4974617984
394.0 35.9014847232
396.0 36.285808512
398.0 36.6725946928
400.0 37.074886
402.0 37.491824568
404.0 37.928859432
406.0 38.365814864
408.0 38.769488288
410.0 39.12026
412.0 39.4222922368
414.0 39.671597512
416.0 39.8906391952
418.0 40.1163531664
420.0 40.371314
422.0 40.6509781856
424.0 40.9582847072
426.0 41.2763939808
428.0 41.5765516224
430.0 41.840806
432.0 42.0738277152
434.0 42.2756485408
436.0 42.4525277184
438.0 42.61606232
440.0 42.774132
442.0 42.9246715264
444.0 43.0665370784
446.0 43.2042721664
448.0 43.3439136224
450.0 43.48902
452.0 43.6398931408
454.0 43.7983440944
456.0 43.95806596
458.0 44.1086531456
460.0 44.243624
462.0 44.3644241856
464.0 44.47079952
466.0 44.5656572144
468.0 44.6542397808
470.0 44.740074
472.0 44.8224608704
474.0 44.9013368464
476.0 44.9777504304
478.0 45.0528136704
480.0 45.127305
482.0 45.2012720784
484.0 45.2745083824
486.0 45.3475063904
488.0 45.4209015584
490.0 45.494678
492.0 45.569026352
494.0 45.6452969584
496.0 45.7179931248
498.0 45.7786156272
500.0 45.822335
502.0 45.849897904
504.0 45.8596203808
506.0 45.8599698816
508.0 45.8646087104
510.0 45.881909
512.0 45.9105362928
514.0 45.9520315696
516.0 45.9995636784
518.0 46.0414561152
520.0 46.07056
522.0 46.0886546096
524.0 46.0951998064
526.0 46.0946755552
528.0 46.09478676
530.0 46.100347
532.0 46.1100694768
534.0 46.1239065312
536.0 46.1402854096
538.0 46.156267128
540.0 46.16985
542.0 46.1818124592
544.0 46.1929488256
546.0 46.201305072
548.0 46.2040216464
550.0 46.199637
552.0 46.188278224
554.0 46.168896816
556.0 46.14641756
558.0 46.128624792
560.0 46.120205
562.0 46.1204750688
564.0 46.13053116
566.0 46.1454326032
568.0 46.1569184704
570.0 46.159921
572.0 46.1554251488
574.0 46.1426524832
576.0 46.1253521936
578.0 46.109958272
580.0 46.100347
582.0 46.0957081712
584.0 46.0968361056
586.0 46.100029272
588.0 46.0990919744
590.0 46.090418
592.0 46.0748811008
594.0 46.051734616
596.0 46.0255697152
598.0 46.0038530064
600.0 45.991128
602.0 45.986441512
604.0 45.9903019072
606.0 45.9992459504
608.0 46.0073956736
610.0 46.010986
612.0 46.0108112496
614.0 46.0067919904
616.0 45.9995954512
618.0 45.99073084
620.0 45.981199
622.0 45.9706186576
624.0 45.9588468352
626.0 45.9463601248
628.0 45.9337939824
630.0 45.921625
632.0 45.9098849504
634.0 45.8985420608
636.0 45.8880729232
638.0 45.8791129936
640.0 45.87198
642.0 45.8665627376
644.0 45.8628929792
646.0 45.8600969728
648.0 45.8568243744
650.0 45.852122
652.0 45.8461010544
654.0 45.8388886288
656.0 45.8297698352
658.0 45.8177914896
660.0 45.802477
662.0 45.7839375712
664.0 45.7620143392
666.0 45.7381847392
668.0 45.7147522992
670.0 45.693258
672.0 45.673638296
674.0 45.6561314832
676.0 45.6406104704
678.0 45.6265986656
680.0 45.613826
682.0 45.6024036784
684.0 45.5921569504
686.0 45.5835782944
688.0 45.5774620304
690.0 45.57411
692.0 45.5732521344
694.0 45.5749996384
696.0 45.5774620304
698.0 45.5777797584
700.0 45.57411
702.0 45.5667545968
704.0 45.5557770944
706.0 45.541384016
708.0 45.5241313856
710.0 45.504607
712.0 45.4827632
714.0 45.458298144
716.0 45.43351536
718.0 45.411830424
720.0 45.395388
722.0 45.384029224
724.0 45.378151256
726.0 45.37632432
728.0 45.376006592
730.0 45.37553
732.0 45.3752940604
734.0 45.3753829178
736.0 45.3755512072
738.0 45.3756282828
740.0 45.37553
742.0 45.3753749366
744.0 45.375470255
746.0 45.3756567872
748.0 45.3756388484
750.0 45.37553
