380.0 0.665243
382.0 0.668212084547
384.0 0.671035683116
386.0 0.673457941053
388.0 0.674935376253
390.0 0.675172
392.0 0.674343398821
394.0 0.672454589474
396.0 0.669921962863
398.0 0.667389336253
400.0 0.665243
402.0 0.6634637232
404.0 0.6622086976
406.0 0.660953672
408.0 0.6588248944
410.0 0.655314
412.0 0.6505004208
414.0 0.64419352
416.0 0.6371717312
418.0 0.6307059664
420.0 0.625527
422.0 0.6214441952
424.0 0.6185846432
426.0 0.6159633872
428.0 0.6119917872
430.0 0.605669
432.0 0.597169776
434.0 0.5864146832
436.0 0.5738326544
438.0 0.5602180096
440.0 0.546095
442.0 0.5313683072
444.0 0.5160855904
446.0 0.5002468496
448.0 0.4837726528
450.0 0.466663
452.0 0.4490449824
454.0 0.4309821456
456.0 0.4127604448
458.0 0.39477704
460.0 0.377302
462.0 0.3604465296
464.0 0.3444489248
466.0 0.329007344
468.0 0.3135657632
470.0 0.29787
472.0 0.2820789184
474.0 0.2660972
476.0 0.2509098016
478.0 0.2380259312
480.0 0.228367
482.0 0.2217582576
484.0 0.2182632496
486.0 0.2172306336
488.0 0.2175483616
490.0 0.218438
492.0 0.2200425264
494.0 0.2224731456
496.0 0.2251420608
498.0 0.227254952
500.0 0.228367
502.0 0.2284305456
504.0 0.2271278608
506.0 0.22558688
508.0 0.2256345392
510.0 0.228367
512.0 0.2335618528
514.0 0.241393848
516.0 0.2508144832
518.0 0.2600762544
520.0 0.268083
522.0 0.2750253568
524.0 0.2807603472
526.0 0.2858598816
528.0 0.291356576
530.0 0.29787
532.0 0.3051936304
534.0 0.3133433536
536.0 0.3218902368
538.0 0.330119392
540.0 0.337586
542.0 0.3443853792
544.0 0.3504857568
546.0 0.3561095424
548.0 0.361653896
550.0 0.367373
552.0 0.3732191952
554.0 0.3792242544
556.0 0.3853087456
558.0 0.3913138048
560.0 0.39716
562.0 0.4028632176
564.0 0.4083440256
566.0 0.4139042656
568.0 0.4200205296
570.0 0.426947
572.0 0.4346360176
574.0 0.4432146736
576.0 0.4520316256
578.0 0.4600542576
580.0 0.466663
582.0 0.4719531712
584.0 0.4757817936
586.0 0.478816096
588.0 0.4821681264
590.0 0.486521
592.0 0.4917317392
594.0 0.497879776
596.0 0.5045044048
598.0 0.5108113056
600.0 0.516308
602.0 0.5211056928
604.0 0.5251567248
606.0 0.5287311648
608.0 0.5323056048
610.0 0.536166
612.0 0.5402488048
614.0 0.5446175648
616.0 0.5489863248
618.0 0.5528784928
620.0 0.556024
622.0 0.5585022784
624.0 0.5602656688
626.0 0.5617113312
628.0 0.5634747216
630.0 0.565953
632.0 0.5690667344
634.0 0.5728318112
636.0 0.57707348
638.0 0.5814740128
640.0 0.585811
642.0 0.5901321008
644.0 0.594469088
646.0 0.5986472112
648.0 0.6024281744
650.0 0.605669
652.0 0.6083538016
654.0 0.6104031472
656.0 0.6120553328
658.0 0.6137075184
660.0 0.615598
662.0 0.6176791184
664.0 0.6199985328
666.0 0.6223179472
668.0 0.6242402016
670.0 0.625527
672.0 0.6262577744
674.0 0.6264484112
676.0 0.626241888
678.0 0.6258765008
680.0 0.625527
682.0 0.6251774992
684.0 0.624812112
686.0 0.6246055888
688.0 0.6247962256
690.0 0.625527
692.0 0.6267820256
694.0 0.6285771888
696.0 0.630769512
698.0 0.6331206992
700.0 0.635456
702.0 0.6378071872
704.0 0.64022192
706.0 0.6424777888
708.0 0.6442570656
710.0 0.645385
712.0 0.645861592
714.0 0.6455756368
716.0 0.6449719536
718.0 0.6447654304
720.0 0.645385
722.0 0.6467512304
724.0 0.6489435536
726.0 0.6515330368
728.0 0.653804792
730.0 0.655314
732.0 0.656176578312
734.0 0.65640195236
736.0 0.656150734408
738.0 0.655717088896
740.0 0.655314
742.0 0.655003873148
744.0 0.654956213948
746.0 0.655090982308
748.0 0.655213968888
750.0 0.655314
