380.0 0.665243
382.0 0.690004804831
384.0 0.714496844907
386.0 0.73845984506
388.0 0.76181285306
390.0 0.784391
392.0 0.805862495755
394.0 0.826043316524
396.0 0.844451169447
398.0 0.860476062369
400.0 0.873752
402.0 0.8843323424
404.0 0.8922437696
406.0 0.8977722368
408.0 0.901394336
410.0 0.903539
412.0 0.9042221152
414.0 0.9033324768
416.0 0.9019662464
418.0 0.901712064
420.0 0.903539
422.0 0.907351736
424.0 0.9133250224
426.0 0.9205692208
428.0 0.9275751232
430.0 0.933326
432.0 0.9379966016
434.0 0.9416187008
436.0 0.943890456
438.0 0.9444941392
440.0 0.943255
442.0 0.9401730384
444.0 0.935232368
446.0 0.9287824896
448.0 0.9213794272
450.0 0.913468
452.0 0.905048208
454.0 0.8960565056
456.0 0.8872236672
458.0 0.8795823088
460.0 0.873752
462.0 0.869700968
464.0 0.8676039632
466.0 0.8666984384
468.0 0.8657134816
470.0 0.863823
472.0 0.8611540848
474.0 0.8576431904
476.0 0.853417408
478.0 0.8487944656
480.0 0.843965
482.0 0.838881352
484.0 0.83363884
486.0 0.827999168
488.0 0.821565176
490.0 0.814178
492.0 0.8059488448
494.0 0.796782392
496.0 0.7876159392
498.0 0.7798792624
500.0 0.774462
502.0 0.771205288
504.0 0.7701408992
506.0 0.7708240144
508.0 0.7724603136
510.0 0.774462
512.0 0.7769085056
514.0 0.7798792624
516.0 0.7826911552
518.0 0.784391
520.0 0.784391
522.0 0.7826911552
524.0 0.7791167152
526.0 0.7742713632
528.0 0.7691877152
530.0 0.764533
532.0 0.7602754448
534.0 0.7566374592
536.0 0.7532377696
538.0 0.749361488
540.0 0.744675
542.0 0.7394483744
544.0 0.7336974976
546.0 0.7284232128
548.0 0.725134728
550.0 0.724817
552.0 0.7273429376
554.0 0.7327125408
556.0 0.740862264
558.0 0.7515538112
560.0 0.764533
562.0 0.7797521712
564.0 0.797179552
566.0 0.8160367088
568.0 0.8352115936
570.0 0.853894
572.0 0.8718615184
574.0 0.8887169888
576.0 0.9044604112
578.0 0.9193300816
580.0 0.933326
582.0 0.9460986656
584.0 0.9575209872
586.0 0.9666397808
588.0 0.9721047024
590.0 0.973042
592.0 0.969705856
594.0 0.9624298848
596.0 0.9508645856
598.0 0.9345333664
600.0 0.913468
602.0 0.8881609648
604.0 0.8588028976
606.0 0.8278561904
608.0 0.7988952832
610.0 0.774462
612.0 0.7547469776
614.0 0.7401632624
616.0 0.7315369472
618.0 0.72958292
620.0 0.734746
622.0 0.7474392336
624.0 0.7682345312
626.0 0.7958609808
628.0 0.8281739184
630.0 0.863823
632.0 0.9030941808
634.0 0.9459080288
636.0 0.9927729088
638.0 1.0446420048
640.0 1.102119
642.0 1.164949712
644.0 1.2329752768
646.0 1.3063227856
648.0 1.3851511024
650.0 1.469492
652.0 1.559170728
654.0 1.6539966496
656.0 1.7536679232
658.0 1.8577873888
660.0 1.965942
662.0 2.0777187104
664.0 2.1926091552
666.0 2.310200288
668.0 2.4300949488
670.0 2.551753
672.0 2.674396008
674.0 2.79719788
676.0 2.919284864
678.0 3.039703776
680.0 3.157422
682.0 3.2718199664
684.0 3.382691152
686.0 3.4872872096
688.0 3.5817954032
690.0 3.663801
692.0 3.733860024
694.0 3.7925443856
696.0 3.8398699712
698.0 3.8760750768
700.0 3.902097
702.0 3.919095448
704.0 3.9278806272
706.0 3.9334885264
708.0 3.9429885936
710.0 3.961671
712.0 3.9886302208
714.0 4.0213403184
716.0 4.068427608
718.0 4.1425217776
720.0 4.249612
722.0 4.3882526128
724.0 4.562335784
726.0 4.7475394352
728.0 4.9059745024
730.0 5.014145
732.0 5.07648384169
734.0 5.09180076366
736.0 5.07272362963
738.0 5.04156979113
740.0 5.014145
742.0 4.99361460242
744.0 4.98994484402
746.0 4.99835179008
748.0 5.00683664791
750.0 5.014145
