380.0 1.330486
382.0 1.39365184663
384.0 1.4550565832
386.0 1.51249352035
388.0 1.56412432035
390.0 1.608498
392.0 1.64445264776
394.0 1.67109262033
396.0 1.68844665005
398.0 1.69714259177
400.0 1.697859
402.0 1.6905671424
404.0 1.6751891072
406.0 1.6541714
408.0 1.6310884608
410.0 1.608498
412.0 1.5865271088
414.0 1.565445856
416.0 1.5464298352
418.0 1.5307499584
420.0 1.519137
422.0 1.5120516656
424.0 1.5104471392
426.0 1.5118610288
428.0 1.5122423024
430.0 1.509208
432.0 1.5034412368
434.0 1.4947831488
436.0 1.4855690368
438.0 1.4796116368
440.0 1.479421
442.0 1.484028056
444.0 1.4923207568
446.0 1.5060942656
448.0 1.5279698384
450.0 1.558853
452.0 1.598727864
454.0 1.6497073216
456.0 1.7021165552
458.0 1.7409429168
460.0 1.757433
462.0 1.7554313136
464.0 1.7374637952
466.0 1.7084552288
468.0 1.6761899504
470.0 1.648214
472.0 1.6280859312
474.0 1.6190942288
476.0 1.6356001984
478.0 1.696746952
480.0 1.817007
482.0 1.9975400496
484.0 2.2375358944
486.0 2.5520389552
488.0 2.961145528
490.0 3.47515
492.0 4.0916535248
494.0 4.8133885632
496.0 5.6120932096
498.0 6.443603272
500.0 7.277957
502.0 8.1149955296
504.0 8.9482372096
506.0 9.7796519536
508.0 10.6182950096
510.0 11.467995
512.0 12.3204751104
514.0 13.1701274416
516.0 14.0109628208
518.0 14.835673504
520.0 15.638175
522.0 16.4159095984
524.0 17.1667961808
526.0 17.8845596192
528.0 18.5615744416
530.0 19.192757
532.0 19.7768363824
534.0 20.3116838112
536.0 20.800698976
538.0 21.2503953008
540.0 21.665078
542.0 22.044048072
544.0 22.387988632
546.0 22.696581952
548.0 22.968636552
550.0 23.204073
552.0 23.4043846176
554.0 23.57025452
556.0 23.7059402624
558.0 23.8174786768
560.0 23.909032
562.0 23.9815851888
564.0 24.0373305664
566.0 24.074329992
568.0 24.0884530016
570.0 24.077825
572.0 24.0446383104
574.0 23.989814344
576.0 23.9181507936
578.0 23.8366376752
580.0 23.750168
582.0 23.659456656
584.0 23.5661876016
586.0 23.4700589952
588.0 23.3694027648
590.0 23.263647
592.0 23.154428
594.0 23.0426354032
596.0 22.9306045104
598.0 22.8215126016
600.0 22.717552
602.0 22.6190880928
604.0 22.5268516544
606.0 22.440413752
608.0 22.3585829056
610.0 22.280676
612.0 22.2074238096
614.0 22.139445904
616.0 22.0763927824
618.0 22.0176289888
620.0 21.962948
622.0 21.9126198848
624.0 21.8665334384
626.0 21.826483824
628.0 21.7951717296
630.0 21.774297
632.0 21.7636689984
634.0 21.763494248
636.0 21.7728513376
638.0 21.7900721952
640.0 21.814013
642.0 21.8448167296
644.0 21.8823880656
646.0 21.9263933936
648.0 21.9765149856
650.0 22.032451
652.0 22.0939472544
654.0 22.1607972256
656.0 22.2326514128
658.0 22.309112656
660.0 22.389895
662.0 22.474966672
664.0 22.5643594448
666.0 22.6578826816
668.0 22.7552980864
670.0 22.856558
672.0 22.9618371728
674.0 23.0712468096
676.0 23.1855017984
678.0 23.3056347552
680.0 23.43244
682.0 23.5660763968
684.0 23.7067345824
686.0 23.85501824
688.0 24.0116422576
690.0 24.177115
692.0 24.3515953312
694.0 24.535273888
696.0 24.7280871248
698.0 24.9297967456
700.0 25.140228
702.0 25.3597303888
704.0 25.5888917088
706.0 25.8266316848
708.0 26.0712028128
710.0 26.321779
712.0 26.5755165808
714.0 26.8256479488
716.0 27.0848345648
718.0 27.3738081808
720.0 27.70191
722.0 28.065152536
724.0 28.4695726208
726.0 28.8728012256
728.0 29.2093863824
730.0 29.439485
732.0 29.5714004968
734.0 29.6031526217
736.0 29.5625421946
738.0 29.4968570994
740.0 29.439485
742.0 29.3968580642
744.0 29.3885177042
746.0 29.4052520123
748.0 29.4233495864
750.0 29.439485
