380.0 1.882632
382.0 2.46028421406
384.0 3.10970160101
386.0 3.90091048168
388.0 4.86964249465
390.0 5.998386
392.0 7.2864107136
394.0 8.7429910752
396.0 10.3674701664
398.0 12.1758383424
400.0 14.159796
402.0 16.3016063424
404.0 18.7037005728
406.0 21.5902801344
408.0 24.8955570528
410.0 28.219452
412.0 31.3321556928
414.0 34.1281285824
416.0 36.4690172448
418.0 38.3158231584
420.0 39.795636
422.0 40.9829919744
424.0 41.942557488
426.0 42.794388384
428.0 43.5711703584
430.0 44.251866
432.0 44.8334951424
434.0 45.3012851328
436.0 45.6051339264
438.0 45.7534372608
440.0 45.794022
442.0 45.7599263328
444.0 45.6749595456
446.0 45.5701570272
448.0 45.4648097472
450.0 45.403476
452.0 45.4085711232
454.0 45.4630953504
456.0 45.5247175008
458.0 45.5844009408
460.0 45.623784
462.0 45.6300647808
464.0 45.5928127008
466.0 45.500091072
468.0 45.3497849376
470.0 45.173154
472.0 44.9869576896
474.0 44.7774487872
476.0 44.5140405312
478.0 44.2008987456
480.0 43.871334
482.0 43.5422178816
484.0 43.2142073088
486.0 42.886276848
488.0 42.5579137824
490.0 42.219024
492.0 41.8647847584
494.0 41.4849256992
496.0 41.0586497472
498.0 40.5877193664
500.0 40.116084
502.0 39.6654700224
504.0 39.2268408
506.0 38.7805048032
508.0 38.3283526752
510.0 37.85292
512.0 37.3469806752
514.0 36.8337511584
516.0 36.3589593792
518.0 35.9253611904
520.0 35.519658
522.0 35.1378602304
524.0 34.7648908032
526.0 34.3647794304
528.0 33.9414996672
530.0 33.556914
532.0 33.2436440352
534.0 32.994447648
536.0 32.7888321888
538.0 32.6308353024
540.0 32.525472
542.0 32.4734152224
544.0 32.4781578528
546.0 32.5489608384
548.0 32.6812417728
550.0 32.84592
552.0 33.0271653888
554.0 33.2229911616
556.0 33.433701744
558.0 33.6587523744
560.0 33.907404
562.0 34.1837263104
564.0 34.4946089376
566.0 34.8547284
568.0 35.261937696
570.0 35.679882
572.0 36.087732192
574.0 36.4961912352
576.0 36.9332662848
578.0 37.3929329184
580.0 37.832892
582.0 38.2300232064
584.0 38.5943405376
586.0 38.9521687968
588.0 39.2988294432
590.0 39.60537
592.0 39.8580913152
594.0 40.0606625184
596.0 40.22103072
598.0 40.3399009056
600.0 40.436532
602.0 40.5220755936
604.0 40.5846110208
606.0 40.596034992
608.0 40.5587188224
610.0 40.50663
612.0 40.4577777024
614.0 40.4035098336
616.0 40.3231574976
618.0 40.2212069664
620.0 40.116084
622.0 40.0181230464
624.0 39.9320827584
626.0 39.8647085664
628.0 39.8195253984
630.0 39.785622
632.0 39.7587203904
634.0 39.7483218528
636.0 39.7713780864
638.0 39.8279531808
640.0 39.915804
642.0 40.0320785568
644.0 40.1673877248
646.0 40.30514832
648.0 40.4414829216
650.0 40.566714
652.0 40.6760508576
654.0 40.7795074944
656.0 40.8993069792
658.0 41.0383653888
660.0 41.187582
662.0 41.3433517728
664.0 41.513157168
666.0 41.7099763296
668.0 41.9325915552
670.0 42.168954
672.0 42.4134237792
674.0 42.6601046496
676.0 42.896691408
678.0 43.1231199648
680.0 43.370634
682.0 43.6536216288
684.0 43.9594251552
686.0 44.2632098592
688.0 44.5643348448
690.0 44.852706
692.0 45.1268813088
694.0 45.3999030048
696.0 45.6925841856
698.0 46.00752048
700.0 46.41489
702.0 46.9496376
704.0 47.5310264064
706.0 47.9891548896
708.0 48.3203058528
710.0 48.688068
712.0 49.1701339488
714.0 49.7176193568
716.0 50.2336207488
718.0 50.7186187968
720.0 51.211596
722.0 51.7311543648
724.0 52.263146112
726.0 52.7799165792
728.0 53.2852790976
730.0 53.835264
732.0 54.4567568736
734.0 55.124987088
736.0 55.7879299104
738.0 56.4421565472
740.0 57.109842
742.0 57.7981322592
744.0 58.4957155104
746.0 59.1865212864
748.0 59.8660633152
750.0 60.524616
752.0 61.1573886432
754.0 61.763628192
756.0 62.3434468032
758.0 62.899696464
760.0 63.458718
762.0 64.032159696
764.0 64.6166087808
766.0 65.205800496
768.0 65.7955369728
770.0 66.34275
772.0 66.8276099027
774.0 67.2639579647
776.0 67.6819031119
778.0 68.0963926339
780.0 68.505774
