380.0 0.821148
382.0 1.04552668621
384.0 1.28396659999
386.0 1.54757387107
388.0 1.84447208622
390.0 2.173038
392.0 2.5319718048
394.0 2.9088346752
396.0 3.2771896512
398.0 3.6354344928
400.0 3.995586
402.0 4.3601276448
404.0 4.7401949952
406.0 5.164099632
408.0 5.622099936
410.0 6.048456
412.0 6.407998656
414.0 6.690874128
416.0 6.8856744672
418.0 6.9931687488
420.0 7.049856
422.0 7.0777670208
424.0 7.0911777696
426.0 7.1115903072
428.0 7.1456379072
430.0 7.180038
432.0 7.2093269472
434.0 7.232591472
436.0 7.2449607648
438.0 7.2477486624
440.0 7.250136
442.0 7.2584035584
444.0 7.2762685344
446.0 7.3080729984
448.0 7.3575021024
450.0 7.430388
452.0 7.5300633504
454.0 7.6571690496
456.0 7.8112564704
458.0 7.9923576576
460.0 8.191452
462.0 8.4031719936
464.0 8.6340067104
466.0 8.8990332288
468.0 9.1962647712
470.0 9.503286
472.0 9.8088011232
474.0 10.1164472256
476.0 10.4348764032
478.0 10.7631914016
480.0 11.105526
482.0 11.4628896096
484.0 11.831100384
486.0 12.2030123328
488.0 12.5751325728
490.0 12.938088
492.0 13.2845243328
494.0 13.6158675648
496.0 13.9407217248
498.0 14.2549209888
500.0 14.530314
502.0 14.7527369568
504.0 14.9309701344
506.0 15.0851376672
508.0 15.215592048
510.0 15.32142
512.0 15.40313424
514.0 15.4576584672
516.0 15.476677056
518.0 15.4608629472
520.0 15.42156
522.0 15.3660103392
524.0 15.2905608576
526.0 15.184909152
528.0 15.0541183008
530.0 14.92086
532.0 14.7989615808
534.0 14.6905219776
536.0 14.5939069056
538.0 14.5136026368
540.0 14.460216
542.0 14.4387780288
544.0 14.4470135424
546.0 14.4792506112
548.0 14.533758816
550.0 14.600412
552.0 14.673153696
554.0 14.7542590848
556.0 14.8508901792
558.0 14.9615408736
560.0 15.081084
562.0 15.2059625856
564.0 15.3351832416
566.0 15.4686177888
568.0 15.6033501504
570.0 15.731994
572.0 15.8491337664
574.0 15.9538401504
576.0 16.0478595936
578.0 16.1276351232
580.0 16.182624
582.0 16.2070261152
584.0 16.1991430944
586.0 16.1576931456
588.0 16.08328512
590.0 15.982344
592.0 15.858811296
594.0 15.717013056
596.0 15.564239472
598.0 15.401612112
600.0 15.22128
602.0 15.021
604.0 14.8001953056
606.0 14.5550365632
608.0 14.2894332384
610.0 14.029614
612.0 13.7900150304
614.0 13.5675760512
616.0 13.3519145472
618.0 13.1446327584
620.0 12.948102
622.0 12.7632195264
624.0 12.5898571584
626.0 12.4280469408
628.0 12.278045232
630.0 12.136968
632.0 12.003821856
634.0 11.8815869664
636.0 11.77566288
638.0 11.6865943584
640.0 11.61624
642.0 11.5652246784
644.0 11.5301356224
646.0 11.5042274016
648.0 11.4868270752
650.0 11.476044
652.0 11.4712853472
654.0 11.4766368288
656.0 11.500237824
658.0 11.543177856
660.0 11.606226
662.0 11.68954248
664.0 11.7908521152
666.0 11.9054282976
668.0 12.0320853696
670.0 12.16701
672.0 12.3091927776
674.0 12.4593547104
676.0 12.6178482912
678.0 12.7861475808
680.0 12.988158
682.0 13.2346145568
684.0 13.5107445984
686.0 13.7868105504
688.0 14.0596079328
690.0 14.330034
692.0 14.6025269568
694.0 14.8726165536
696.0 15.1247129952
698.0 15.3633666432
700.0 15.711966
702.0 16.2323415072
704.0 16.830009072
706.0 17.3041599552
708.0 17.65187808
710.0 18.055242
712.0 18.601365504
714.0 19.2288667776
716.0 19.8143733408
718.0 20.3599360608
720.0 20.949288
722.0 21.6217000608
724.0 22.3448550624
726.0 23.0547274944
728.0 23.7521184768
730.0 24.494244
732.0 25.3095758688
734.0 26.1707638464
736.0 27.0200311584
738.0 27.8584993728
740.0 28.760208
742.0 29.7593167968
744.0 30.8187178848
746.0 31.8644198208
748.0 32.8928976768
750.0 33.937446
752.0 35.0098572768
754.0 36.1052606976
756.0 37.222598784
758.0 38.3586029664
760.0 39.465174
762.0 40.5177815904
764.0 41.5437439296
766.0 42.6029527488
768.0 43.6966577952
770.0 44.782608
772.0 45.8428007785
774.0 46.8898781878
776.0 47.9461043107
778.0 49.0201404429
780.0 50.100042
