380.0 2.183052
382.0 2.8385255475
384.0 3.56949771707
386.0 4.44478962309
388.0 5.51308528963
390.0 6.779478
392.0 8.2567112352
394.0 9.944142336
396.0 11.8137000576
398.0 13.8849958176
400.0 16.17261
402.0 18.6677623296
404.0 21.4819046208
406.0 24.8594265408
408.0 28.7229398976
410.0 32.625612
412.0 36.3065821536
414.0 39.6275930688
416.0 42.4001412096
418.0 44.5739482848
420.0 46.294722
422.0 47.6463235968
424.0 48.7059489984
426.0 49.6222700544
428.0 50.4347018688
430.0 51.101442
432.0 51.6142709568
434.0 51.972980448
436.0 52.1482334592
438.0 52.1582634816
440.0 52.0728
442.0 51.9397179456
444.0 51.7867681152
446.0 51.6431913888
448.0 51.532124112
450.0 51.502002
452.0 51.576986832
454.0 51.73753128
456.0 51.9355521216
458.0 52.1618204544
460.0 52.393248
462.0 52.6135720224
464.0 52.8213344832
466.0 53.0252195232
468.0 53.2213817664
470.0 53.404662
472.0 53.5728331104
474.0 53.725270224
476.0 53.8610760864
478.0 53.981628624
480.0 54.095628
482.0 54.207544464
484.0 54.319220592
486.0 54.4332520128
488.0 54.5474276352
490.0 54.656412
492.0 54.7554784992
494.0 54.8330429376
496.0 54.8696541216
498.0 54.8635495872
500.0 54.816636
502.0 54.7308040032
504.0 54.6203776224
506.0 54.5137805952
508.0 54.4134483264
510.0 54.305922
512.0 54.1850490144
514.0 54.04595856
516.0 53.8768901952
518.0 53.6750880672
520.0 53.464746
522.0 53.2596272352
524.0 53.034464448
526.0 52.7347173888
528.0 52.3671475104
530.0 52.012716
532.0 51.7140744864
534.0 51.4614493056
536.0 51.2274902208
538.0 51.0188945952
540.0 50.841078
542.0 50.6948415552
544.0 50.5935479424
546.0 50.5663098624
548.0 50.6076796992
550.0 50.660826
552.0 50.6966040192
554.0 50.715542496
556.0 50.7232973376
558.0 50.7204133056
560.0 50.730924
562.0 50.7680799456
564.0 50.8351977792
566.0 50.9357543616
568.0 51.0708071712
570.0 51.22161
572.0 51.3769952352
574.0 51.545342592
576.0 51.7471286976
578.0 51.9772904736
580.0 52.202982
582.0 52.4059697856
584.0 52.5876317568
586.0 52.7559630912
588.0 52.9078554432
590.0 53.034144
592.0 53.1306469152
594.0 53.2029880512
596.0 53.2625913792
598.0 53.3080148832
600.0 53.344578
602.0 53.3758697472
604.0 53.3799714816
606.0 53.310209952
608.0 53.1684437568
610.0 53.02413
612.0 52.9133671488
614.0 52.8155343744
616.0 52.6836219552
618.0 52.522949328
620.0 52.37322
622.0 52.254413904
624.0 52.162605552
626.0 52.0878290112
628.0 52.0335771648
630.0 51.992688
632.0 51.9617968128
634.0 51.9556121664
636.0 52.00350312
638.0 52.1044121952
640.0 52.233024
642.0 52.3759117632
644.0 52.527595824
646.0 52.6788793248
648.0 52.8272307264
650.0 52.984074
652.0 53.1536871264
654.0 53.3366949792
656.0 53.5371512256
658.0 53.754030432
660.0 53.955432
662.0 54.126150672
664.0 54.285653664
666.0 54.4742853792
668.0 54.6940966848
670.0 54.92679
672.0 55.1640336768
674.0 55.409544912
676.0 55.668947568
678.0 55.9395178368
680.0 56.218596
682.0 56.5042273248
684.0 56.786509968
686.0 57.0469220352
688.0 57.2857519296
690.0 57.520416
692.0 57.7637802336
694.0 58.0155722496
696.0 58.2667073472
698.0 58.519172304
700.0 58.862292
702.0 59.339919744
704.0 59.8633074624
706.0 60.2472362112
708.0 60.4896551232
710.0 60.764952
712.0 61.1553057312
714.0 61.6183691136
716.0 62.0717870112
718.0 62.5154632896
720.0 62.948004
722.0 63.3674544096
724.0 63.7799350752
726.0 64.2013722624
728.0 64.6328554944
730.0 65.101014
732.0 65.6191143264
734.0 66.1542785088
736.0 66.6375461376
738.0 67.0687890336
740.0 67.504374
742.0 67.9719717216
744.0 68.4689385024
746.0 68.9888333376
748.0 69.5297014944
750.0 70.098
752.0 70.6910851584
754.0 71.27804976
756.0 71.8060999968
758.0 72.2693396256
760.0 72.65157
762.0 72.9470871456
764.0 73.1997924384
766.0 73.4986422432
768.0 73.8510389088
770.0 74.223768
772.0 74.6022326504
774.0 74.973541881
776.0 75.3069823608
778.0 75.6057035265
780.0 75.886092
