380.0 1.081512
382.0 1.49371476512
384.0 1.95166140558
386.0 2.50044547127
388.0 3.16061626514
390.0 3.915474
392.0 4.7612003616
394.0 5.7027566976
396.0 6.7396302912
398.0 7.882460016
400.0 9.122754
402.0 10.450930848
404.0 11.9380338816
406.0 13.733920608
408.0 15.8066423616
410.0 17.92506
412.0 19.9593279936
414.0 21.8535602112
416.0 23.5316662752
418.0 24.9737784096
420.0 26.266722
422.0 27.4586924256
424.0 28.5787863648
426.0 29.6801981856
428.0 30.7744960608
430.0 31.84452
432.0 32.8794388608
434.0 33.8568853728
436.0 34.7319807936
438.0 35.496105072
440.0 36.15054
442.0 36.695461824
444.0 37.1398270656
446.0 37.5055703904
448.0 37.7968896672
450.0 38.013144
452.0 38.1541090752
454.0 38.2234059552
456.0 38.2266585024
458.0 38.159508624
460.0 38.00313
462.0 37.749415296
464.0 37.385386368
466.0 36.8842537632
468.0 36.2520739488
470.0 35.559714
472.0 34.8465089088
474.0 34.1025087648
476.0 33.2972549856
478.0 32.439591936
480.0 31.554114
482.0 30.655337472
484.0 29.7475243104
486.0 28.8333342336
488.0 27.9169010208
490.0 27.007758
492.0 26.1141406848
494.0 25.222622304
496.0 24.298610496
498.0 23.3486744448
500.0 22.451388
502.0 21.6450927648
504.0 20.9083347456
506.0 20.1946810272
508.0 19.5035548032
510.0 18.816306
512.0 18.1229847072
514.0 17.4469035168
516.0 16.838581056
518.0 16.2987864
520.0 15.802092
522.0 15.337362288
524.0 14.8936539648
526.0 14.4459400416
528.0 13.9950536832
530.0 13.588998
532.0 13.2518546592
534.0 12.9735455712
536.0 12.7314471072
538.0 12.5263603872
540.0 12.357276
542.0 12.2218546752
544.0 12.1253197152
546.0 12.0815625408
548.0 12.0872825376
550.0 12.11694
552.0 12.1564993056
554.0 12.2064090816
556.0 12.2711716224
558.0 12.3480951648
560.0 12.437388
562.0 12.5379606048
564.0 12.6485952768
566.0 12.7690677024
568.0 12.8960772672
570.0 13.0182
572.0 13.1277611712
574.0 13.2240718176
576.0 13.3100319936
578.0 13.3817963232
580.0 13.428774
582.0 13.4453251392
584.0 13.4295270528
586.0 13.3793929632
588.0 13.2959803488
590.0 13.188438
592.0 13.0620533088
594.0 12.9212164128
596.0 12.7731854592
598.0 12.6190179264
600.0 12.447402
602.0 12.2545884384
604.0 12.0414424512
606.0 11.8067783808
608.0 11.5543454688
610.0 11.31582
612.0 11.1079614048
614.0 10.9204833024
616.0 10.7285830176
618.0 10.5330296256
620.0 10.344462
622.0 10.1676387936
624.0 10.0022555808
626.0 9.84856872
628.0 9.7075075104
630.0 9.573384
632.0 9.4438589184
634.0 9.3246682848
636.0 9.226739376
638.0 9.1505208192
640.0 9.092712
642.0 9.0513421632
644.0 9.0234792096
646.0 9.003547344
648.0 8.9906813568
650.0 8.982558
652.0 8.9781037728
654.0 8.982718224
656.0 9.0077452128
658.0 9.05385768
660.0 9.11274
662.0 9.180594864
664.0 9.2589444
666.0 9.3503842368
668.0 9.4552668672
670.0 9.573384
672.0 9.7052964192
674.0 9.8530389696
676.0 10.0193835264
678.0 10.2042019104
680.0 10.41456
682.0 10.6525887744
684.0 10.90804992
686.0 11.1619568928
688.0 11.4117781536
690.0 11.656296
692.0 11.8991795616
694.0 12.1401885024
696.0 12.3718083168
698.0 12.5989418592
700.0 12.928074
702.0 13.4132803392
704.0 13.9705233888
706.0 14.4197434176
708.0 14.7585691104
710.0 15.161196
712.0 15.7104598944
714.0 16.3429441344
716.0 16.9317352896
718.0 17.4784035552
720.0 18.055242
722.0 18.6969070752
724.0 19.3868476416
726.0 20.091849264
728.0 20.8126489728
730.0 21.600198
732.0 22.4794592448
734.0 23.4023334624
736.0 24.2689850784
738.0 25.0797345408
740.0 25.946274
742.0 26.9211088608
744.0 27.9710567328
746.0 29.030425776
748.0 30.0974214816
750.0 31.173582
752.0 32.2550779776
754.0 33.351987504
756.0 34.4944487136
758.0 35.679641664
760.0 36.841506
762.0 37.946971488
764.0 39.0282111072
766.0 40.1540891328
768.0 41.3225867424
770.0 42.489402
772.0 43.6343354123
774.0 44.7548519902
776.0 45.8448626084
778.0 46.9126481647
780.0 47.96706
