380.0 2.413374
382.0 3.0140525494
384.0 3.69665539324
386.0 4.5414811273
388.0 5.58896507616
390.0 6.819534
392.0 8.2322129856
394.0 9.8389232352
396.0 11.6420520864
398.0 13.6577501184
400.0 15.87219
402.0 18.2606651904
404.0 20.9335700256
406.0 24.1376494656
408.0 27.7929517344
410.0 31.433946
412.0 34.7948206464
414.0 37.752940224
416.0 40.145885664
418.0 41.9321589504
420.0 43.300536
422.0 44.3573895264
424.0 45.1571155776
426.0 45.7960408224
428.0 46.3137726336
430.0 46.675254
432.0 46.8759185376
434.0 46.9354898208
436.0 46.8658564704
438.0 46.689353712
440.0 46.444932
442.0 46.167103584
444.0 45.8897398176
446.0 45.6509099232
448.0 45.4743911424
450.0 45.423504
452.0 45.5292678624
454.0 45.7632269472
456.0 46.0590485184
458.0 46.4056450752
460.0 46.775394
462.0 47.1498054432
464.0 47.533333632
466.0 47.9477690304
468.0 48.3914453088
470.0 48.858306
472.0 49.3466206848
474.0 49.8569661696
476.0 50.3886534912
478.0 50.9435092032
480.0 51.532044
482.0 52.1580872352
484.0 52.8239942016
486.0 53.535965568
488.0 54.2896111968
490.0 55.046958
492.0 55.7849016768
494.0 56.5149463104
496.0 57.2700820224
498.0 58.0435794048
500.0 58.772166
502.0 59.4271136448
504.0 60.02872272
506.0 60.6168729792
508.0 61.1937755136
510.0 61.806408
512.0 62.4760481856
514.0 63.1574488128
516.0 63.7575037152
518.0 64.2652535712
520.0 64.720482
522.0 65.1387147072
524.0 65.497728624
526.0 65.7620661792
528.0 65.93457936
530.0 66.032316
532.0 66.06996864
534.0 66.06396024
536.0 66.0373790784
538.0 66.0050618976
540.0 66.012288
542.0 66.0802870656
544.0 66.2004871104
546.0 66.3516904992
548.0 66.5239953888
550.0 66.653184
552.0 66.7053689568
554.0 66.6922305888
556.0 66.6465987936
558.0 66.572991888
560.0 66.482946
562.0 66.388253616
564.0 66.3003226848
566.0 66.2307694464
568.0 66.1892714304
570.0 66.19254
572.0 66.2485543104
574.0 66.3619608576
576.0 66.5397293856
578.0 66.7770531744
580.0 67.023702
582.0 67.2520372224
584.0 67.4739634848
586.0 67.720916736
588.0 67.9875775392
590.0 68.255424
592.0 68.5151951712
594.0 68.7577582848
596.0 68.9652643872
598.0 69.1344449088
600.0 69.306894
602.0 69.5027998848
604.0 69.6905663904
606.0 69.805511088
608.0 69.8478582912
610.0 69.877692
612.0 69.9259674912
614.0 69.9760855584
616.0 69.9913388832
618.0 69.9789695904
620.0 69.977832
622.0 70.0084508064
624.0 70.073085168
626.0 70.1721516672
628.0 70.3089829632
630.0 70.468518
632.0 70.6432102272
634.0 70.8427531968
636.0 71.0866141248
638.0 71.3719089792
640.0 71.690226
642.0 72.0350761152
644.0 72.3902927232
646.0 72.727115616
648.0 73.0410905664
650.0 73.342536
652.0 73.6344000384
654.0 73.923348
656.0 74.2279017792
658.0 74.5467475392
660.0 74.834622
662.0 75.0699590112
664.0 75.2720815872
666.0 75.48072528
668.0 75.6970437024
670.0 75.916134
672.0 76.1368585824
674.0 76.3504531968
676.0 76.5358323648
678.0 76.6921949664
680.0 76.847436
682.0 77.0137645344
684.0 77.1809582784
686.0 77.330431248
688.0 77.4609657408
690.0 77.55843
692.0 77.6189466048
694.0 77.6538914592
696.0 77.6819947488
698.0 77.7076466112
700.0 77.788752
702.0 77.9525489952
704.0 78.148214544
706.0 78.2707218144
708.0 78.3164817888
710.0 78.329508
712.0 78.3298604928
714.0 78.3333693984
716.0 78.3765016992
718.0 78.461212128
720.0 78.539802
722.0 78.58867032
724.0 78.612864144
726.0 78.6238715328
728.0 78.6238074432
730.0 78.6099
732.0 78.5835912192
734.0 78.5681135808
736.0 78.6051413472
738.0 78.6936490848
740.0 78.820194
742.0 78.9762842208
744.0 79.1252284512
746.0 79.1952303168
748.0 79.1850721152
750.0 79.150656
752.0 79.1198609472
754.0 79.1119779264
756.0 79.1657651232
758.0 79.2833374944
760.0 79.401006
762.0 79.4847390624
764.0 79.5467777952
766.0 79.6179813408
768.0 79.6953695328
770.0 79.731468
772.0 79.7069654573
774.0 79.6548964904
776.0 79.6391734563
778.0 79.6748029808
780.0 79.731468
