380.0 0.40056
382.0 0.459361978013
384.0 0.524167679633
386.0 0.600661990369
388.0 0.690682503181
390.0 0.791106
392.0 0.8997058272
394.0 1.013897472
396.0 1.129098528
398.0 1.2433863072
400.0 1.35189
402.0 1.4511968352
404.0 1.5444952704
406.0 1.6406296704
408.0 1.7381580192
410.0 1.822548
412.0 1.8868458912
414.0 1.9337114112
416.0 1.9689767136
418.0 1.9938595008
420.0 2.012814
422.0 2.0291888928
424.0 2.0448588
426.0 2.0612657376
428.0 2.0799158112
430.0 2.10294
432.0 2.1317482752
434.0 2.1654433824
436.0 2.2012053792
438.0 2.2395469824
440.0 2.283192
442.0 2.3336785824
444.0 2.3915194464
446.0 2.4573234432
448.0 2.5316032896
450.0 2.613654
452.0 2.7035236416
454.0 2.8017089088
456.0 2.9085943392
458.0 3.0255578592
460.0 3.15441
462.0 3.2957756352
464.0 3.45483
466.0 3.6421639008
468.0 3.8560469184
470.0 4.075698
472.0 4.2896931744
474.0 4.5000031968
476.0 4.7133414528
478.0 4.9269841344
480.0 5.137182
482.0 5.3407626144
484.0 5.5350662592
486.0 5.7172249248
488.0 5.8837777728
490.0 6.028428
492.0 6.1467854688
494.0 6.235998192
496.0 6.2934224736
498.0 6.3181610592
500.0 6.30882
502.0 6.2653672512
504.0 6.1926415776
506.0 6.0999840384
508.0 5.9901504864
510.0 5.85819
512.0 5.7032694144
514.0 5.5333999296
516.0 5.3617840032
518.0 5.1905686368
520.0 5.017014
522.0 4.8410399808
524.0 4.6607078688
526.0 4.469368368
528.0 4.2687518976
530.0 4.075698
532.0 3.8990350176
534.0 3.7353501792
536.0 3.5760715008
538.0 3.42238464
540.0 3.274578
542.0 3.132859872
544.0 3.0019889088
546.0 2.891562528
548.0 2.8021895808
550.0 2.723808
552.0 2.6514187968
554.0 2.5886109888
556.0 2.5427388576
558.0 2.51271288
560.0 2.493486
562.0 2.48186976
564.0 2.4756370464
566.0 2.4715513344
568.0 2.467689936
570.0 2.463444
572.0 2.457675936
574.0 2.4490558848
576.0 2.436686592
578.0 2.4192542208
580.0 2.393346
582.0 2.3573276448
584.0 2.3107184832
586.0 2.252909664
588.0 2.184734352
590.0 2.112954
592.0 2.04125376
594.0 1.9693452288
596.0 1.8956742336
598.0 1.8205932672
600.0 1.742436
602.0 1.6609300512
604.0 1.576123488
606.0 1.4872312128
608.0 1.3955670624
610.0 1.311834
612.0 1.2416719104
614.0 1.1813635968
616.0 1.122048672
618.0 1.0638553152
620.0 1.011414
622.0 0.9665192352
624.0 0.9282737664
626.0 0.8956361376
628.0 0.868093632
630.0 0.841176
632.0 0.812656128
634.0 0.7840881888
636.0 0.7589490432
638.0 0.7373348256
640.0 0.721008
642.0 0.7110580896
644.0 0.7048574208
646.0 0.6964616832
648.0 0.6858067872
650.0 0.680952
652.0 0.6858067872
654.0 0.6964616832
656.0 0.7048574208
658.0 0.7110580896
660.0 0.721008
662.0 0.7375751616
664.0 0.7593335808
666.0 0.7834472928
668.0 0.8103969696
670.0 0.841176
672.0 0.8764893696
674.0 0.91768296
676.0 0.9670639968
678.0 1.0249849728
680.0 1.091526
682.0 1.1666229888
684.0 1.2489300576
686.0 1.3356593088
688.0 1.4259775776
690.0 1.522128
692.0 1.6273791456
694.0 1.734745248
696.0 1.8261370176
698.0 1.904342352
700.0 2.032842
702.0 2.244257568
704.0 2.5000712064
706.0 2.7163255392
708.0 2.8927321632
710.0 3.114354
712.0 3.4221122592
714.0 3.7780979424
716.0 4.105099104
718.0 4.4049422976
720.0 4.736622
722.0 5.1297155616
724.0 5.5707321216
726.0 6.0301423968
728.0 6.5109585984
730.0 7.049856
732.0 7.6653725184
734.0 8.3349646368
736.0 9.010436976
738.0 9.6941608512
740.0 10.434588
742.0 11.2548227232
744.0 12.1483599264
746.0 13.10151648
748.0 14.1111519936
750.0 15.17121
752.0 16.2749771136
754.0 17.4070878528
756.0 18.5433323712
758.0 19.6788398592
760.0 20.819106
762.0 21.9651562272
764.0 23.1232713216
766.0 24.3104991168
768.0 25.525846224
770.0 26.73738
772.0 27.9300893726
774.0 29.1145304201
776.0 30.3127993355
778.0 31.5305997864
780.0 32.755794
