380.0 1.411974
382.0 1.81798460583
384.0 2.26342304158
386.0 2.7853248932
388.0 3.39902428745
390.0 4.085712
392.0 4.8358487232
394.0 5.6377538208
396.0 6.4648140864
398.0 7.3143698016
400.0 8.191452
402.0 9.0900522816
404.0 10.036912032
406.0 11.1000944064
408.0 12.2532585792
410.0 13.338648
412.0 14.2706389632
414.0 15.023082912
416.0 15.5659058016
418.0 15.8977297056
420.0 16.102512
422.0 16.2303547296
424.0 16.3086081312
426.0 16.3773282048
428.0 16.45260144
430.0 16.513086
432.0 16.55073864
434.0 16.5699494976
436.0 16.5723849024
438.0 16.5598393632
440.0 16.533114
442.0 16.4958298752
444.0 16.4537870976
446.0 16.4132824704
448.0 16.3810774464
450.0 16.382904
452.0 16.4323491264
454.0 16.525182912
456.0 16.6486835712
458.0 16.8012168192
460.0 16.97373
462.0 17.1596379072
464.0 17.3585720256
466.0 17.5740412608
468.0 17.802648864
470.0 18.035214
472.0 18.266016672
474.0 18.4935027072
476.0 18.7173035904
478.0 18.9351441408
480.0 19.146768
482.0 19.3510055328
484.0 19.5452130432
486.0 19.7260098048
488.0 19.8907360992
490.0 20.038014
492.0 20.1658407072
494.0 20.2689448512
496.0 20.3394594336
498.0 20.3761987968
500.0 20.37849
502.0 20.3466374688
504.0 20.285880528
506.0 20.206569648
508.0 20.1119093088
510.0 19.997958
512.0 19.8644433408
514.0 19.719488688
516.0 19.576248432
518.0 19.4366452608
520.0 19.296978
522.0 19.1572146048
524.0 19.0137340128
526.0 18.85596144
528.0 18.6886715616
530.0 18.535914
532.0 18.4130862816
534.0 18.3253956864
536.0 18.276110784
538.0 18.271223952
540.0 18.32562
542.0 18.446749344
544.0 18.628283136
546.0 18.8551282752
548.0 19.1253300288
550.0 19.437174
552.0 19.7888977248
554.0 20.1791232768
556.0 20.6074981632
558.0 21.0749196384
560.0 21.58017
562.0 22.1211823584
564.0 22.7099254464
566.0 23.373316896
568.0 24.1083765408
570.0 24.854748
572.0 25.5787521888
574.0 26.307338784
576.0 27.1044211392
578.0 27.9625969056
580.0 28.79025
582.0 29.5391209536
584.0 30.241318656
586.0 30.9711229536
588.0 31.721387856
590.0 32.415318
592.0 33.01655856
594.0 33.5412440928
596.0 34.0223166528
598.0 34.459616016
600.0 34.878762
602.0 35.293581936
604.0 35.6788725888
606.0 35.9795649696
608.0 36.1958513472
610.0 36.370848
612.0 36.5267139072
614.0 36.6587545056
616.0 36.7558342272
618.0 36.8242658976
620.0 36.871548
622.0 36.9033364416
624.0 36.931632
626.0 36.9766389216
628.0 37.042426896
630.0 37.111884
632.0 37.178457072
634.0 37.2500131104
636.0 37.3386650496
638.0 37.4451819648
640.0 37.582542
642.0 37.7565773088
644.0 37.950816864
646.0 38.1316456704
648.0 38.2973973984
650.0 38.463774
652.0 38.6367518304
654.0 38.8218586176
656.0 39.0340432608
658.0 39.2727930432
660.0 39.495216
662.0 39.6813642432
664.0 39.8516022432
666.0 40.0468351872
668.0 40.2688255392
670.0 40.516644
672.0 40.7915563392
674.0 41.0800236288
676.0 41.3500811808
678.0 41.6012483232
680.0 41.878548
682.0 42.2024087712
684.0 42.5551258848
686.0 42.902619696
688.0 43.242935472
690.0 43.570914
692.0 43.887997296
694.0 44.1984473184
696.0 44.5046674272
698.0 44.8114963872
700.0 45.223224
702.0 45.7920672672
704.0 46.4296946976
706.0 46.9483397856
708.0 47.3431958112
710.0 47.786808
712.0 48.3607784352
714.0 49.0010335392
716.0 49.5805317024
718.0 50.099881776
720.0 50.640798
722.0 51.241798224
724.0 51.8748752928
726.0 52.4847519264
728.0 53.0722933344
730.0 53.695068
732.0 54.3806024064
734.0 55.0950252
736.0 55.7692317696
738.0 56.4040873248
740.0 57.059772
742.0 57.7629470688
744.0 58.5037427328
746.0 59.2662487488
748.0 60.0482219808
750.0 60.805008
752.0 61.5125091168
754.0 62.198796576
756.0 62.92717488
758.0 63.6960417888
760.0 64.450104
762.0 65.1607294848
764.0 65.8415212608
766.0 66.5236108512
768.0 67.2019672224
770.0 67.834836
772.0 68.4045253879
774.0 68.9214221944
776.0 69.4055651522
778.0 69.8727272025
780.0 70.328322
