380.0 2.012814
382.0 2.60080610508
384.0 3.26704563211
386.0 4.08766657948
388.0 5.10140789057
390.0 6.288792
392.0 7.6483887744
394.0 9.188525952
396.0 10.9055984928
398.0 12.8161415136
400.0 14.910846
402.0 17.1704690496
404.0 19.7058055584
406.0 22.7591142144
408.0 26.2579737696
410.0 29.781636
412.0 33.0877621056
414.0 36.0429015168
416.0 38.4571727712
418.0 40.2894944352
420.0 41.728338
422.0 42.8783137152
424.0 43.7991050208
426.0 44.6006896704
428.0 45.3193423776
430.0 45.904176
432.0 46.3406101536
434.0 46.6393157568
436.0 46.7978894496
438.0 46.8328663488
440.0 46.795422
442.0 46.7222316768
444.0 46.6359350304
446.0 46.5591556896
448.0 46.5104475936
450.0 46.525044
452.0 46.6207618176
454.0 46.7867058144
456.0 46.9938273792
458.0 47.2347882528
460.0 47.486388
462.0 47.7328445568
464.0 47.9704887936
466.0 48.2019163392
468.0 48.4233459072
470.0 48.627984
472.0 48.8125300032
474.0 48.9832967424
476.0 49.1541435936
478.0 49.325679408
480.0 49.489188
482.0 49.64019912
484.0 49.7811001056
486.0 49.916665632
488.0 50.0439475776
490.0 50.160126
492.0 50.2620925536
494.0 50.3386636032
496.0 50.3705642016
498.0 50.3562882432
500.0 50.300322
502.0 50.2055174592
504.0 50.0831864352
506.0 49.9561127808
508.0 49.8270843936
510.0 49.679454
512.0 49.5066363936
514.0 49.3123647936
516.0 49.1007729792
518.0 48.871444368
520.0 48.648012
522.0 48.442845168
524.0 48.2288339712
526.0 47.9489066208
528.0 47.6072930304
530.0 47.256066
532.0 46.9246586784
534.0 46.622059632
536.0 46.3590839808
538.0 46.1445760896
540.0 45.984288
542.0 45.8799661536
544.0 45.8299602432
546.0 45.830152512
548.0 45.8744864928
550.0 45.934218
552.0 45.9927318048
554.0 46.051421856
556.0 46.11967728
558.0 46.1962162848
560.0 46.274694
562.0 46.3532358048
564.0 46.4411827584
566.0 46.55588712
568.0 46.6990152192
570.0 46.86552
572.0 47.0504665632
574.0 47.2546880736
576.0 47.4831995424
578.0 47.7285024864
580.0 47.947032
582.0 48.1152031104
584.0 48.2413474656
586.0 48.3491621952
588.0 48.4380704928
590.0 48.497802
592.0 48.5250721248
594.0 48.528965568
596.0 48.5247516768
598.0 48.5118216
600.0 48.497802
602.0 48.487307328
604.0 48.4538044896
606.0 48.3410067936
608.0 48.150196032
610.0 47.957046
612.0 47.800186704
614.0 47.6588370912
616.0 47.4867725376
618.0 47.2895367936
620.0 47.095842
622.0 46.9203806976
624.0 46.7688087936
626.0 46.6507557504
628.0 46.5691376448
630.0 46.505016
632.0 46.4491298688
634.0 46.4106761088
636.0 46.4081445696
638.0 46.440605952
640.0 46.495002
642.0 46.56469944
644.0 46.648576704
646.0 46.7448553056
648.0 46.8521573184
650.0 46.975674
652.0 47.1167672544
654.0 47.2731458784
656.0 47.4423264
658.0 47.6226104448
660.0 47.796822
662.0 47.9569178208
664.0 48.1130561088
666.0 48.2864505216
668.0 48.47937624
670.0 48.688068
672.0 48.912221376
674.0 49.152877824
676.0 49.4084190816
678.0 49.6776274464
680.0 49.979874
682.0 50.3226892704
684.0 50.6820717024
686.0 51.0118447392
688.0 51.3088359456
690.0 51.592128
692.0 51.8749073376
694.0 52.156196592
696.0 52.4278724064
698.0 52.6956387552
700.0 53.054172
702.0 53.5520360352
704.0 54.1127559456
706.0 54.5712208992
708.0 54.9241302816
710.0 55.347378
712.0 55.9228865856
714.0 56.5730595552
716.0 57.1447868544
718.0 57.6365944224
720.0 58.121256
722.0 58.6325468064
724.0 59.1675828096
726.0 59.7243932544
728.0 60.3046124256
730.0 60.915162
732.0 61.5592464576
734.0 62.2099481664
736.0 62.8116854208
738.0 63.3637532352
740.0 63.93939
742.0 64.5732040992
744.0 65.2417387392
746.0 65.8981444224
748.0 66.541107312
750.0 67.173912
752.0 67.79437944
754.0 68.4105849216
756.0 69.0465940896
758.0 69.698882016
760.0 70.308294
762.0 70.848008544
764.0 71.3385022752
766.0 71.8198632384
768.0 72.2957445408
770.0 72.80178
772.0 73.3549915378
774.0 73.9253445904
776.0 74.4485358235
778.0 74.9143611917
780.0 75.35535
