380.0 0.420588
382.0 0.499023091016
384.0 0.583940431097
386.0 0.681399630591
388.0 0.79411959112
390.0 0.921288
392.0 1.061724336
394.0 1.2132321504
396.0 1.3718539104
398.0 1.534865808
400.0 1.692366
402.0 1.838330064
404.0 1.9750652256
406.0 2.1101180352
408.0 2.2419503424
410.0 2.363304
412.0 2.4705899904
414.0 2.5631674176
416.0 2.6402351616
418.0 2.7022738944
420.0 2.75385
422.0 2.7982480704
424.0 2.83676592
426.0 2.870172624
428.0 2.9005510944
430.0 2.934102
432.0 2.9744944704
434.0 3.0205909152
436.0 3.0684017568
438.0 3.1186319808
440.0 3.174438
442.0 3.2374380768
444.0 3.3073918752
446.0 3.3835623648
448.0 3.4663340832
450.0 3.55497
452.0 3.6492297792
454.0 3.7507316832
456.0 3.8625680352
458.0 3.9850592832
460.0 4.115754
462.0 4.2527935872
464.0 4.3982930016
466.0 4.557491568
468.0 4.7280820608
470.0 4.896846
472.0 5.0559003648
474.0 5.2051810656
476.0 5.3475400896
478.0 5.4802536288
480.0 5.597826
482.0 5.6963958048
484.0 5.7753702144
486.0 5.836079088
488.0 5.8763433792
490.0 5.888232
492.0 5.8680117312
494.0 5.8158588192
496.0 5.7326705184
498.0 5.620177248
500.0 5.487672
502.0 5.340906816
504.0 5.1814679136
506.0 5.0102365248
508.0 4.8302248608
510.0 4.636482
512.0 4.4278222848
514.0 4.2156216192
516.0 4.0206450336
518.0 3.8445909024
520.0 3.675138
522.0 3.5069989344
524.0 3.3393725856
526.0 3.168990384
528.0 2.996429136
530.0 2.833962
532.0 2.687917824
534.0 2.5561015392
536.0 2.433161664
538.0 2.3197711392
540.0 2.213094
542.0 2.1115600512
544.0 2.0203925952
546.0 1.9506631104
548.0 1.902339552
550.0 1.862604
552.0 1.825111584
554.0 1.793387232
556.0 1.7748973824
558.0 1.7690972736
560.0 1.772478
562.0 1.7829566496
564.0 1.8006293568
566.0 1.8262651968
568.0 1.8582619296
570.0 1.892646
572.0 1.9265173536
574.0 1.9581936384
576.0 1.9861847712
578.0 2.0087603328
580.0 2.022828
582.0 2.0265451968
584.0 2.0197997664
586.0 2.0034248736
588.0 1.9775486976
590.0 1.942716
592.0 1.8995997216
594.0 1.8495136992
596.0 1.7944767552
598.0 1.7354502336
600.0 1.672338
602.0 1.6057489056
604.0 1.5369326976
606.0 1.4671391232
608.0 1.397393616
610.0 1.331862
612.0 1.272899568
614.0 1.2186957888
616.0 1.1646522336
618.0 1.1109611712
620.0 1.061484
622.0 1.0180312512
624.0 0.979529424
626.0 0.9438475392
628.0 0.910953552
630.0 0.881232
632.0 0.854714928
634.0 0.8314343808
636.0 0.811774896
638.0 0.7957044288
640.0 0.781092
642.0 0.7667839968
644.0 0.7547031072
646.0 0.7490632224
648.0 0.7498322976
650.0 0.75105
652.0 0.7499124096
654.0 0.7491914016
656.0 0.7544787936
658.0 0.7659348096
660.0 0.781092
662.0 0.7990210656
664.0 0.8198181408
666.0 0.8431627776
668.0 0.8694074688
670.0 0.90126
672.0 0.9404668128
674.0 0.9865312128
676.0 1.0375144896
678.0 1.093608912
680.0 1.161624
682.0 1.244459808
684.0 1.3364924736
686.0 1.4267466528
688.0 1.5145494048
690.0 1.60224
692.0 1.6931991648
694.0 1.7867699808
696.0 1.8778733472
698.0 1.9698098784
700.0 2.112954
702.0 2.3335183584
704.0 2.5958050464
706.0 2.8215927072
708.0 3.0099520416
710.0 3.244536
712.0 3.5654486496
714.0 3.9335152224
716.0 4.2692806368
718.0 4.5746034912
720.0 4.90686
722.0 5.2956114912
724.0 5.7313887264
726.0 6.1916321664
728.0 6.6805076352
730.0 7.240122
732.0 7.8915607392
734.0 8.6054067264
736.0 9.3187720416
738.0 10.03162464
740.0 10.805106
742.0 11.667351456
744.0 12.599454576
746.0 13.5649804224
748.0 14.5614615456
750.0 15.591798
752.0 16.6537466496
754.0 17.746089792
756.0 18.8736501696
758.0 20.03280672
760.0 21.189624
762.0 22.327534848
764.0 23.4632986944
766.0 24.6328858272
768.0 25.8380907552
770.0 27.067842
772.0 28.3169672396
774.0 29.5876061926
776.0 30.8828089414
778.0 32.1997089329
780.0 33.526872
