380.0 0.45063
382.0 0.509038777585
384.0 0.569787592191
386.0 0.633179796149
388.0 0.703968292593
390.0 0.791106
392.0 0.898536192
394.0 1.020146208
396.0 1.1427816576
398.0 1.2641032704
400.0 1.381932
402.0 1.4937042624
404.0 1.5998045952
406.0 1.7042706432
408.0 1.8053399424
410.0 1.892646
412.0 1.9610776704
414.0 2.012253216
416.0 2.0502903936
418.0 2.0765350848
420.0 2.092926
422.0 2.1017703648
424.0 2.108067168
426.0 2.119443072
428.0 2.1379809888
430.0 2.163024
432.0 2.1947002848
434.0 2.2326253056
436.0 2.2747642176
438.0 2.3215976928
440.0 2.373318
442.0 2.4304699008
444.0 2.4959053824
446.0 2.5747676352
448.0 2.66853072
450.0 2.773878
452.0 2.8900404
454.0 3.0209914752
456.0 3.1733805216
458.0 3.3497070336
460.0 3.544956
462.0 3.7573168896
464.0 3.9976048224
466.0 4.2863765376
468.0 4.6235999904
470.0 4.986972
472.0 5.3651967744
474.0 5.7611423232
476.0 6.1814579424
478.0 6.6245093472
480.0 7.089912
482.0 7.5762399072
484.0 8.0818748064
486.0 8.605470816
488.0 9.1426057536
490.0 9.683538
492.0 10.2189905856
494.0 10.7451341568
496.0 11.262625632
498.0 11.7629410944
500.0 12.207066
502.0 12.5739949824
504.0 12.873677952
506.0 13.1324717568
508.0 13.3491266496
510.0 13.5189
512.0 13.6402536576
514.0 13.7087013504
516.0 13.7136202272
518.0 13.6552025568
520.0 13.548942
522.0 13.4042917728
524.0 13.2153235872
526.0 12.9667841184
528.0 12.6640889376
530.0 12.337248
532.0 12.0029246016
534.0 11.6613751008
536.0 11.3085137856
538.0 10.9488589728
540.0 10.574784
542.0 10.1840297088
544.0 9.7910643264
546.0 9.422533104
548.0 9.0812239392
550.0 8.752236
552.0 8.4286315872
554.0 8.1135350688
556.0 7.8119454336
558.0 7.5221322624
560.0 7.240122
562.0 6.9642322944
564.0 6.6896404032
566.0 6.4062201696
568.0 6.11374728
570.0 5.838162
572.0 5.592378384
574.0 5.3604701664
576.0 5.1088063296
578.0 4.8370343808
580.0 4.576398
582.0 4.3420223328
584.0 4.12096128
586.0 3.8868259488
588.0 3.640769952
590.0 3.40476
592.0 3.189338832
594.0 2.9904367584
596.0 2.799754176
598.0 2.6178358464
600.0 2.443416
602.0 2.2759178304
604.0 2.1173281152
606.0 1.9716684768
608.0 1.8391632288
610.0 1.722408
612.0 1.6224602688
614.0 1.5347376288
616.0 1.4499631104
618.0 1.3672394592
620.0 1.291806
622.0 1.2258417792
624.0 1.1680650048
626.0 1.116681168
628.0 1.071337776
630.0 1.031442
632.0 0.996513168
634.0 0.9656860704
636.0 0.9375988032
638.0 0.9119629632
640.0 0.891246
642.0 0.8765534592
644.0 0.8661068544
646.0 0.8564453472
648.0 0.8474407584
650.0 0.841176
652.0 0.8387085504
654.0 0.8396859168
656.0 0.8434031136
658.0 0.8503728576
660.0 0.861204
662.0 0.8760888096
664.0 0.897014064
666.0 0.9281455872
668.0 0.9692911104
670.0 1.011414
672.0 1.0507650144
674.0 1.0901320512
676.0 1.1342417184
678.0 1.1840233152
680.0 1.25175
682.0 1.3431257472
684.0 1.44962664
686.0 1.553612016
688.0 1.6534796352
690.0 1.75245
692.0 1.8540800832
694.0 1.9555178976
696.0 2.0478870336
698.0 2.1345521952
700.0 2.273178
702.0 2.4936141792
704.0 2.7571986816
706.0 2.979445392
708.0 3.1599697728
710.0 3.384732
712.0 3.6950378208
714.0 4.0547727456
716.0 4.3905221376
718.0 4.7040484608
720.0 5.047056
722.0 5.4459656928
724.0 5.8895778816
726.0 6.352400928
728.0 6.8375752224
730.0 7.390332
732.0 8.0329263744
734.0 8.7342268224
736.0 9.42878184
738.0 10.1171361888
740.0 10.855176
742.0 11.6696266368
744.0 12.550426032
746.0 13.4772577824
748.0 14.4489362304
750.0 15.47163
752.0 16.5438650304
754.0 17.6531438496
756.0 18.781777728
758.0 19.922973168
760.0 21.049428
762.0 22.1469624
764.0 23.231839104
766.0 24.3414223488
768.0 25.4779873152
770.0 26.627226
772.0 27.7831660344
774.0 28.9505797172
776.0 30.1368233997
778.0 31.3419361797
780.0 32.555514
