380.0 1.261764
382.0 1.69654531655
384.0 2.17525668076
386.0 2.73638221086
388.0 3.40926819739
390.0 4.215894
392.0 5.1643239456
394.0 6.2421507936
396.0 7.4207104704
398.0 8.6860955328
400.0 9.953916
402.0 11.1740538048
404.0 12.3865008576
406.0 13.6924866816
408.0 15.0745468608
410.0 16.432974
412.0 17.7120742368
414.0 18.8884548672
416.0 19.930183248
418.0 20.826396192
420.0 21.600198
422.0 22.266489504
424.0 22.8365825184
426.0 23.3303287968
428.0 23.7588799296
430.0 24.143754
432.0 24.4981534656
434.0 24.8202838176
436.0 25.098769152
438.0 25.3349873952
440.0 25.525686
442.0 25.6700157792
444.0 25.7706524736
446.0 25.8319221312
448.0 25.8562922016
450.0 25.856148
452.0 25.8381067776
454.0 25.7980828224
456.0 25.7256295296
458.0 25.6194330624
460.0 25.48563
462.0 25.3267038144
464.0 25.1325123264
466.0 24.883428096
468.0 24.5795152128
470.0 24.243894
472.0 23.8879884288
474.0 23.5067514432
476.0 23.0894320128
478.0 22.6368953472
480.0 22.150968
482.0 21.6333323232
484.0 21.084837504
486.0 20.5058520576
488.0 19.8982025376
490.0 19.27695
492.0 18.6529416096
494.0 18.0131191104
496.0 17.324300112
498.0 16.593758784
500.0 15.892218
502.0 15.255087264
504.0 14.667786192
506.0 14.0965395648
508.0 13.5426612192
510.0 12.988158
512.0 12.4242976992
514.0 11.8720215936
516.0 11.3748144768
518.0 10.933926096
520.0 10.534728
522.0 10.1702184
524.0 9.827178816
526.0 9.4775059584
528.0 9.1193732736
530.0 8.782278
532.0 8.4805601856
534.0 8.2092689088
536.0 7.9587106176
538.0 7.7306798208
540.0 7.520514
542.0 7.3262744448
544.0 7.1576226624
546.0 7.0337695104
548.0 6.9558365568
550.0 6.90966
552.0 6.8882220288
554.0 6.8942464512
556.0 6.9332770176
558.0 7.0044485184
560.0 7.099926
562.0 7.2147425184
564.0 7.35508272
566.0 7.5356872128
568.0 7.7535437856
570.0 7.981158
572.0 8.2026516576
574.0 8.424257472
576.0 8.6636481504
578.0 8.9153119872
580.0 9.152796
582.0 9.3612153792
584.0 9.5413872672
586.0 9.6997686912
588.0 9.8336358432
590.0 9.933888
592.0 9.9963433152
594.0 10.0266256512
596.0 10.0365595392
598.0 10.0271063232
600.0 9.993972
602.0 9.9368200992
604.0 9.8552500608
606.0 9.7452723072
608.0 9.6100272288
610.0 9.473244
612.0 9.3476604288
614.0 9.2271078912
616.0 9.0959485248
618.0 8.9558486592
620.0 8.81232
622.0 8.6684068032
624.0 8.5280505792
626.0 8.3986536768
628.0 8.2818824256
630.0 8.171424
632.0 8.0646987936
634.0 7.9654720704
636.0 7.8802489248
638.0 7.8091254912
640.0 7.750836
642.0 7.7048997792
644.0 7.6681443936
646.0 7.6338083904
648.0 7.6024044864
650.0 7.580598
652.0 7.5719619264
654.0 7.579236096
656.0 7.6074194976
658.0 7.6573773408
660.0 7.720794
662.0 7.7933274048
664.0 7.87941576
666.0 7.9886244384
668.0 8.1205689024
670.0 8.26155
672.0 8.4059278464
674.0 8.5589577888
676.0 8.7297085056
678.0 8.9188529376
680.0 9.142782
682.0 9.4084173696
684.0 9.6998648256
686.0 9.9855762624
688.0 10.2623792448
690.0 10.534728
692.0 10.8091436448
694.0 11.0832388416
696.0 11.3451089472
698.0 11.6001054432
700.0 11.96673
702.0 12.5045699232
704.0 13.122025152
706.0 13.623606384
708.0 14.0049875712
710.0 14.450202
712.0 15.0470844672
714.0 15.7214512608
716.0 16.3245183744
718.0 16.8600350496
720.0 17.434374
722.0 18.0986466816
724.0 18.831286944
726.0 19.588345344
728.0 20.3706230016
730.0 21.209652
732.0 22.1198685216
734.0 23.0684747136
736.0 23.9896505568
738.0 24.8841651264
740.0 25.826106
742.0 26.8507545024
744.0 27.9417357408
746.0 29.0658673248
748.0 30.2207458944
750.0 31.403904
752.0 32.6092851744
754.0 33.8313456672
756.0 35.0680025664
758.0 36.3131353152
760.0 37.532472
762.0 38.7066415392
764.0 39.85491888
766.0 41.023512624
768.0 42.2100194112
770.0 43.36062
772.0 44.4520031783
774.0 45.498551925
776.0 46.5276116471
778.0 47.5551135166
780.0 48.577914
