380.0 2.273178
382.0 2.94599307399
384.0 3.69805141192
386.0 4.59851703819
388.0 5.70360695807
390.0 7.05987
392.0 8.6872331232
394.0 10.567654032
396.0 12.6540428928
398.0 14.9236799424
400.0 17.234094
402.0 19.4948706624
404.0 21.7749863616
406.0 24.2566478304
408.0 26.8919801376
410.0 29.44116
412.0 31.7679970176
414.0 33.8150028192
416.0 35.509644
418.0 36.8308030368
420.0 37.832892
422.0 38.5555342848
424.0 39.0508507584
426.0 39.4098646752
428.0 39.668818704
430.0 39.85572
432.0 39.996076224
434.0 40.1006544288
436.0 40.1619561312
438.0 40.1900113536
440.0 40.20621
442.0 40.2243794016
444.0 40.2346978272
446.0 40.209334368
448.0 40.1558515968
450.0 40.116084
452.0 40.1115496608
454.0 40.1487056064
456.0 40.236732672
458.0 40.3752142752
460.0 40.526658
462.0 40.6705071072
464.0 40.811776608
466.0 40.9651750656
468.0 41.1266007456
470.0 41.287722
472.0 41.4432033696
474.0 41.5896961728
476.0 41.7230826528
478.0 41.8401583296
480.0 41.938632
482.0 42.0164047296
484.0 42.071057136
486.0 42.0998333664
488.0 42.1004261952
490.0 42.078828
492.0 42.0371377152
494.0 41.9643159072
496.0 41.8397097024
498.0 41.663767728
500.0 41.447946
502.0 41.199678912
504.0 40.927298112
506.0 40.645143648
508.0 40.358983584
510.0 40.066014
512.0 39.766234896
514.0 39.4682342784
516.0 39.1856472096
518.0 38.9173200768
520.0 38.65404
522.0 38.3920256928
524.0 38.1168569952
526.0 37.798123392
528.0 37.438420512
530.0 37.091856
532.0 36.787350288
534.0 36.5149214208
536.0 36.2489495808
538.0 35.99552328
540.0 35.770008
542.0 35.580302784
544.0 35.4368061696
546.0 35.3592577536
548.0 35.349580224
550.0 35.369448
552.0 35.401653024
554.0 35.4642365184
556.0 35.5920311808
558.0 35.7884978496
560.0 36.0504
562.0 36.3752381376
564.0 36.7671780864
566.0 37.2348398976
568.0 37.7725836864
570.0 38.333592
572.0 38.8896654144
574.0 39.4584926592
576.0 40.0873558368
578.0 40.7675067168
580.0 41.417904
582.0 41.9958640128
584.0 42.5277916704
586.0 43.0759179744
588.0 43.6349555328
590.0 44.151726
592.0 44.6017471488
594.0 44.9933506272
596.0 45.3421582752
598.0 45.6483303168
600.0 45.944232
602.0 46.2469271808
604.0 46.5308601312
606.0 46.7403369888
608.0 46.8757422912
610.0 46.985688
612.0 47.0950088352
614.0 47.1920084448
616.0 47.2508106528
618.0 47.2763824032
620.0 47.296122
622.0 47.3234882592
624.0 47.3577121056
626.0 47.395941552
628.0 47.4385931808
630.0 47.46636
632.0 47.4697567488
634.0 47.4590377632
636.0 47.4558973728
638.0 47.4616814592
640.0 47.46636
642.0 47.4666484032
644.0 47.4658633056
646.0 47.4680263296
648.0 47.4769828512
650.0 47.496402
652.0 47.5297766592
654.0 47.5893158976
656.0 47.6962333728
658.0 47.85209928
660.0 48.037158
662.0 48.24104304
664.0 48.4657572
666.0 48.7163315136
668.0 48.9904267104
670.0 49.278894
672.0 49.5770067744
674.0 49.8875369088
676.0 50.2168132512
678.0 50.562208128
680.0 50.931204
682.0 51.3257556
684.0 51.7252581216
686.0 52.0907611104
688.0 52.4208545952
690.0 52.733724
692.0 53.0442861792
694.0 53.3575240992
696.0 53.672876976
698.0 53.9958244704
700.0 54.446118
702.0 55.0817426304
704.0 55.7912946144
706.0 56.3424010848
708.0 56.728428768
710.0 57.139884
712.0 57.66742152
714.0 58.2594171552
716.0 58.8147375168
718.0 59.3368113984
720.0 59.88372
722.0 60.4820124384
724.0 61.1085683904
726.0 61.7182367328
728.0 62.309190912
730.0 62.927976
732.0 63.596750976
734.0 64.2799300896
736.0 64.9053965184
738.0 65.4736629792
740.0 66.062358
742.0 66.7072275552
744.0 67.3869137856
746.0 68.0602551456
748.0 68.7232460352
750.0 69.366978
752.0 69.9837282432
754.0 70.5726956448
756.0 71.1404333664
758.0 71.6889281856
760.0 72.190926
762.0 72.6321668736
764.0 73.0588914528
766.0 73.5674584512
768.0 74.1534777312
770.0 74.694426
772.0 75.133852356
774.0 75.4848014092
776.0 75.7744290579
778.0 76.0323055995
780.0 76.266624
