380.0 2.183052
382.0 2.86952045866
384.0 3.63313194359
386.0 4.5427927409
388.0 5.65710895666
390.0 7.029828
392.0 8.6889314976
394.0 10.6337143872
396.0 12.8452221696
398.0 15.3128159712
400.0 17.885004
402.0 20.4720287712
404.0 23.1692235648
406.0 26.2012064064
408.0 29.5231786656
410.0 32.885976
412.0 36.1423525536
414.0 39.2188936896
416.0 42.0188721792
418.0 44.499732528
420.0 46.66524
422.0 48.521995824
424.0 50.1090305664
426.0 51.510493872
428.0 52.7544890304
430.0 53.87532
432.0 54.9006895104
434.0 55.8455464608
436.0 56.714168832
438.0 57.5162982432
440.0 58.251438
442.0 58.9217831712
444.0 59.5274138688
446.0 60.0627222528
448.0 60.5331559392
450.0 60.955218
452.0 61.3386820992
454.0 61.6937064384
456.0 62.0365217088
458.0 62.3669035968
460.0 62.667612
462.0 62.9288091648
464.0 63.1393755456
466.0 63.2792030304
468.0 63.346881648
470.0 63.358578
472.0 63.324209952
474.0 63.2488886496
476.0 63.1401446208
478.0 63.0032332128
480.0 62.847864
482.0 62.6788597248
484.0 62.4954673344
486.0 62.2942580352
488.0 62.072059392
490.0 61.816422
492.0 61.52160984
494.0 61.1797078464
496.0 60.7750300896
498.0 60.3104285568
500.0 59.83365
502.0 59.3695131168
504.0 58.9053441888
506.0 58.4114697312
508.0 57.8913505824
510.0 57.350178
512.0 56.7906918144
514.0 56.2286420448
516.0 55.6951121472
518.0 55.187634672
520.0 54.686454
522.0 54.18094728
524.0 53.6441488128
526.0 53.022687984
528.0 52.3144498368
530.0 51.592128
532.0 50.8907794848
534.0 50.192010576
536.0 49.4591299776
538.0 48.6962073792
540.0 47.886948
542.0 47.0239494912
544.0 46.1473639872
546.0 45.3390979968
548.0 44.6027405376
550.0 43.86132
552.0 43.0789301856
554.0 42.2749742208
556.0 41.4857909088
558.0 40.7099382336
560.0 39.95586
562.0 39.2298690336
564.0 38.5096941984
566.0 37.7451373152
568.0 36.9368713248
570.0 36.160554
572.0 35.4535976448
574.0 34.7840055264
576.0 34.0839067584
578.0 33.3526604448
580.0 32.64564
582.0 31.9898752128
584.0 31.3554202176
586.0 30.6808451328
588.0 29.9690019456
590.0 29.29095
592.0 28.6801600896
594.0 28.1171009088
596.0 27.5625656448
598.0 27.0152725056
600.0 26.467002
602.0 25.9142932896
604.0 25.3640680512
606.0 24.8306983776
608.0 24.3176451072
610.0 23.853348
612.0 23.4520349472
614.0 23.09268456
616.0 22.729857312
618.0 22.3617907392
620.0 22.010772
622.0 21.6865266912
624.0 21.388461984
626.0 21.1179878496
628.0 20.8753286016
630.0 20.648868
632.0 20.4327899136
634.0 20.2308275616
636.0 20.0510402112
638.0 19.893171504
640.0 19.757622
642.0 19.644503856
644.0 19.5501479424
646.0 19.4671519104
648.0 19.39551576
650.0 19.337034
652.0 19.292892288
654.0 19.2682498368
656.0 19.2733770048
658.0 19.309715808
660.0 19.367076
662.0 19.440298368
664.0 19.5360161856
666.0 19.6679286048
668.0 19.8352024608
670.0 20.017986
672.0 20.2082039328
674.0 20.4104707104
676.0 20.6316118752
678.0 20.872620816
680.0 21.169596
682.0 21.537870864
684.0 21.9492620064
686.0 22.3484120352
688.0 22.7287838112
690.0 23.092284
692.0 23.4433828512
694.0 23.781487536
696.0 24.1010222592
698.0 24.40852416
700.0 24.824706
702.0 25.411446288
704.0 26.0771930304
706.0 26.6241176544
708.0 27.049496352
710.0 27.548514
712.0 28.213603824
714.0 28.9676820576
716.0 29.6567093472
718.0 30.2813906784
720.0 30.933246
722.0 31.6553114784
724.0 32.4266618592
726.0 33.2071289856
728.0 33.997449888
730.0 34.838706
732.0 35.751261792
734.0 36.696583392
736.0 37.5943344864
738.0 38.4450918816
740.0 39.35502
742.0 40.3727468256
744.0 41.4586489632
746.0 42.5355945792
748.0 43.5992576256
750.0 44.642412
752.0 45.6565337856
754.0 46.6638620736
756.0 47.7208277568
758.0 48.8230727424
760.0 49.889748
762.0 50.8808295744
764.0 51.8138459712
766.0 52.7277156
768.0 53.6227909536
770.0 54.496188
772.0 55.3494433564
774.0 56.186276366
776.0 57.0090637105
778.0 57.8229520301
780.0 58.63197
