380.0 2.493486
382.0 3.25772734158
384.0 4.11111026384
386.0 5.13308049559
388.0 6.39021593854
390.0 7.941102
392.0 9.8158349568
394.0 12.0106794432
396.0 14.498990208
398.0 17.268301824
400.0 20.148168
402.0 23.037647616
404.0 26.0484488448
406.0 29.4422655456
408.0 33.1673774112
410.0 36.941646
412.0 40.5965637312
414.0 44.0377746912
416.0 47.1357698208
418.0 49.8391813056
420.0 52.152912
422.0 54.0846366336
424.0 55.68464952
426.0 57.0621433152
428.0 58.2513739104
430.0 59.28288
432.0 60.1863190464
434.0 60.9837218496
436.0 61.685999664
438.0 62.307989232
440.0 62.867892
442.0 63.378686112
444.0 63.8330973984
446.0 64.206082848
448.0 64.5047564064
450.0 64.760538
452.0 64.9903152384
454.0 65.2043104128
456.0 65.4189464832
458.0 65.634800256
460.0 65.822022
462.0 65.965342368
464.0 66.0623740224
466.0 66.1098003264
468.0 66.107461056
470.0 66.072372
472.0 66.014451024
474.0 65.9331693888
476.0 65.8244574048
478.0 65.690878656
480.0 65.54163
482.0 65.381325888
484.0 65.2066336608
486.0 65.0095901856
488.0 64.7886252672
490.0 64.550244
492.0 64.2976188192
494.0 64.0182842976
496.0 63.6871333344
498.0 63.3059604384
500.0 62.907948
502.0 62.5106085024
504.0 62.1108816672
506.0 61.6998109728
508.0 61.2811456608
510.0 60.855078
512.0 60.4221046848
514.0 59.9915026848
516.0 59.5803839232
518.0 59.1854798304
520.0 58.802208
522.0 58.4262584064
524.0 58.0283901696
526.0 57.552540912
528.0 56.995442064
530.0 56.408862
532.0 55.817955888
534.0 55.2163468128
536.0 54.5921301312
538.0 53.9500484736
540.0 53.27448
542.0 52.5581825856
544.0 51.8296761024
546.0 51.1466091456
548.0 50.5105519104
550.0 49.859706
552.0 49.1653913184
554.0 48.4449441024
556.0 47.7314345856
558.0 47.0253113952
560.0 46.334778
562.0 45.6662914272
564.0 45.0044541504
566.0 44.3124627168
568.0 43.5915348288
570.0 42.899976
572.0 42.2666425728
574.0 41.6659788192
576.0 41.0434124448
578.0 40.3970848512
580.0 39.775608
582.0 39.2019740352
584.0 38.6427121632
586.0 38.0306404608
588.0 37.3674252576
590.0 36.721338
592.0 36.1254489216
594.0 35.566042848
596.0 35.0146479744
598.0 34.4721615552
600.0 33.937446
602.0 33.4107576672
604.0 32.892224736
606.0 32.3809819968
608.0 31.8796250784
610.0 31.423932
612.0 31.0315594464
614.0 30.6803003712
616.0 30.32279256
618.0 29.9576260416
620.0 29.611398
622.0 29.2959009216
624.0 29.007033072
626.0 28.7389302528
628.0 28.4917847328
630.0 28.259508
632.0 28.0386712608
634.0 27.8328955776
636.0 27.6506888448
638.0 27.4923394656
640.0 27.348234
642.0 27.2141906016
644.0 27.0963458496
646.0 27.0064922304
648.0 26.9454629088
650.0 26.907618
652.0 26.8900254048
654.0 26.8949442816
656.0 26.9272294176
658.0 26.9868808128
660.0 27.057828
662.0 27.1326045408
664.0 27.225021744
666.0 27.3630226752
668.0 27.5468957376
670.0 27.758808
672.0 27.9912770016
674.0 28.241242464
676.0 28.4998279776
678.0 28.765976064
680.0 29.080656
682.0 29.461428336
684.0 29.879452752
686.0 30.278971296
688.0 30.6548568
690.0 31.013358
692.0 31.36224576
694.0 31.7014079232
696.0 32.0236023648
698.0 32.3354623584
700.0 32.775822
702.0 33.4151317824
704.0 34.1411227488
706.0 34.7133146976
708.0 35.1274136256
710.0 35.619798
712.0 36.3013748736
714.0 37.0815535968
716.0 37.7815562304
718.0 38.40128664
720.0 39.024558
722.0 39.6914904
724.0 40.3917013248
726.0 41.1059158272
728.0 41.8374345216
730.0 42.639612
732.0 43.5375713856
734.0 44.4776055936
736.0 45.3494324448
738.0 46.1515778784
740.0 46.975674
742.0 47.8631707584
744.0 48.8040541536
746.0 49.7831669952
748.0 50.7964075488
750.0 51.792408
752.0 52.7425683648
754.0 53.6584728384
756.0 54.572214288
758.0 55.4812932192
760.0 56.368806
762.0 57.2270939232
764.0 58.0608034848
766.0 58.878795072
768.0 59.680876416
770.0 60.464532
772.0 61.2296610132
774.0 61.9744819027
776.0 62.6938277896
778.0 63.3920472604
780.0 64.079586
