380.0 2.20308
382.0 2.92853747414
384.0 3.73694774281
386.0 4.7026607983
388.0 5.88791147534
390.0 7.350276
392.0 9.1188445344
394.0 11.192687856
396.0 13.5527393088
398.0 16.1860527936
400.0 18.916446
402.0 21.6391965216
404.0 24.4651793664
406.0 27.656024304
408.0 31.157479488
410.0 34.678482
412.0 38.047912608
414.0 41.1691241952
416.0 43.906102608
418.0 46.2138569472
420.0 48.137298
422.0 49.7055384672
424.0 50.9686483488
426.0 52.0298920128
428.0 52.9240380672
430.0 53.665026
432.0 54.2735247072
434.0 54.7730230272
436.0 55.1793510912
438.0 55.5070892832
440.0 55.77798
442.0 56.0073887232
444.0 56.1875445888
446.0 56.2910332704
448.0 56.3249687136
450.0 56.32875
452.0 56.3223250176
454.0 56.3081451936
456.0 56.2878768576
458.0 56.2602382176
460.0 56.198568
462.0 56.0890388736
464.0 55.9286546496
466.0 55.7135058624
468.0 55.4436245568
470.0 55.147098
472.0 54.8390192928
474.0 54.5087175168
476.0 54.1314861312
478.0 53.7098246304
480.0 53.264466
482.0 52.8058408224
484.0 52.3340612544
486.0 51.848005728
488.0 51.3469372128
490.0 50.831064
492.0 50.3018761728
494.0 49.742982816
496.0 49.1188142016
498.0 48.4340809152
500.0 47.756766
502.0 47.1219264672
504.0 46.517193024
506.0 45.9123314016
508.0 45.3110908416
510.0 44.71251
512.0 44.1161402496
514.0 43.5352481376
516.0 42.9963988032
518.0 42.49821432
520.0 42.028758
522.0 41.58173304
524.0 41.1356534016
526.0 40.647306672
528.0 40.1156674176
530.0 39.595356
532.0 39.1137066336
534.0 38.6595997728
536.0 38.209258176
538.0 37.7674565184
540.0 37.332192
542.0 36.9028878144
544.0 36.5028084864
546.0 36.1785311328
548.0 35.931113232
550.0 35.709924
552.0 35.490657456
554.0 35.2823983008
556.0 35.1032198016
558.0 34.9526733312
560.0 34.838706
562.0 34.7644101312
564.0 34.7262768192
566.0 34.7176407456
568.0 34.7334708768
570.0 34.758594
572.0 34.7826596448
574.0 34.8015981216
576.0 34.8133265184
578.0 34.813230384
580.0 34.79865
582.0 34.767246096
584.0 34.7147567136
586.0 34.6352375424
588.0 34.5277592832
590.0 34.39809
592.0 34.2495303072
594.0 34.080766368
596.0 33.888497568
598.0 33.6741659232
600.0 33.44676
602.0 33.2124003552
604.0 32.9670813888
606.0 32.6992189056
608.0 32.4117289824
610.0 32.134926
612.0 31.8849124704
614.0 31.6485019584
616.0 31.3953961056
618.0 31.1278060032
620.0 30.873162
622.0 30.6447306432
624.0 30.4392433632
626.0 30.249650304
628.0 30.0763039584
630.0 29.911818
632.0 29.7521708064
634.0 29.6008392384
636.0 29.4659626752
638.0 29.3478936096
640.0 29.24088
642.0 29.1429671136
644.0 29.0571992064
646.0 28.9883509536
648.0 28.9378323264
650.0 28.910418
652.0 28.9086715584
654.0 28.9313112096
656.0 28.9749722496
658.0 29.0402955744
660.0 29.120712
662.0 29.2128568224
664.0 29.3273368704
666.0 29.4863271456
668.0 29.6899558272
670.0 29.911818
672.0 30.1401051552
674.0 30.381915216
676.0 30.6497136096
678.0 30.9421224096
680.0 31.283736
682.0 31.6846004256
684.0 32.1131675808
686.0 32.5075108896
688.0 32.8636567968
690.0 33.206424
692.0 33.5522995488
694.0 33.9025812576
696.0 34.2529430784
698.0 34.608704448
700.0 35.079042
702.0 35.719216992
704.0 36.4289452224
706.0 36.9945840096
708.0 37.4122559328
710.0 37.90299
712.0 38.5713964608
714.0 39.3327007968
716.0 40.017706464
718.0 40.6263814176
720.0 41.247666
722.0 41.9232344736
724.0 42.634324608
726.0 43.345959504
728.0 44.0603822976
730.0 44.822664
732.0 45.6544508736
734.0 46.5190035552
736.0 47.3405200704
738.0 48.1189683744
740.0 48.928404
742.0 49.8023618304
744.0 50.7240664128
746.0 51.6628348512
748.0 52.614277008
750.0 53.554872
752.0 54.469190256
754.0 55.3622467872
756.0 56.25304416
758.0 57.1382497152
760.0 57.991074
762.0 58.7978499072
764.0 59.57048208
766.0 60.3355356576
768.0 61.0929145056
770.0 61.816422
772.0 62.4960267385
774.0 63.142132395
776.0 63.7727689993
778.0 64.3990191458
780.0 65.020902
