380.0 3.30462
382.0 4.22810237884
384.0 5.2692232117
386.0 6.53535542391
388.0 8.11324536234
390.0 10.074084
392.0 12.4584734784
394.0 15.2762688768
396.0 18.5170556352
398.0 22.174681152
400.0 26.0364
402.0 29.97270312
404.0 34.1484449856
406.0 38.9435167008
408.0 44.2684812288
410.0 49.66944
412.0 54.8699425248
414.0 59.6928771936
416.0 63.8890956864
418.0 67.371307968
420.0 70.168098
422.0 72.305165712
424.0 73.8666607488
426.0 75.0311207136
428.0 75.8645899392
430.0 76.45689
432.0 76.8793686432
434.0 77.162035824
436.0 77.301991488
438.0 77.3285566272
440.0 77.278038
442.0 77.1772250592
444.0 77.0240669376
446.0 76.793120064
448.0 76.5011438688
450.0 76.20654
452.0 75.9419621088
454.0 75.7184015616
456.0 75.5465933664
458.0 75.427691136
460.0 75.335322
462.0 75.255049776
464.0 75.1703233248
466.0 75.0497868096
468.0 74.8904280192
470.0 74.744496
472.0 74.6379951072
474.0 74.5490547648
476.0 74.4319310208
478.0 74.2883863392
480.0 74.15367
482.0 74.0438044032
484.0 73.9539187392
486.0 73.8755531808
488.0 73.8073298016
490.0 73.733082
492.0 73.6432604256
494.0 73.54241544
496.0 73.4436693888
498.0 73.3464134208
500.0 73.232382
502.0 73.0958230848
504.0 72.946302048
506.0 72.7986876768
508.0 72.659901648
510.0 72.561444
512.0 72.51978576
514.0 72.5270439072
516.0 72.5618926272
518.0 72.618083184
520.0 72.70164
522.0 72.81099288
524.0 72.9138086208
526.0 72.9528872544
528.0 72.9233259264
530.0 72.861864
532.0 72.7869753024
534.0 72.6995090208
536.0 72.601740336
538.0 72.4987643712
540.0 72.391206
542.0 72.2797381632
544.0 72.1705455072
546.0 72.0748116672
548.0 71.9934979872
550.0 71.90052
552.0 71.7850465632
554.0 71.662907808
556.0 71.5636971072
558.0 71.491227792
560.0 71.44989
562.0 71.442199248
564.0 71.4631725696
566.0 71.500520784
568.0 71.5524173376
570.0 71.610114
572.0 71.6673780576
574.0 71.7341914656
576.0 71.834988384
578.0 71.9663400192
580.0 72.090786
582.0 72.1900928352
584.0 72.2675611392
586.0 72.3311540448
588.0 72.3822174336
590.0 72.441276
592.0 72.5197697376
594.0 72.6135007776
596.0 72.710211984
598.0 72.8088779232
600.0 72.921948
602.0 73.0558632192
604.0 73.190403312
606.0 73.2833011872
608.0 73.3345248
610.0 73.412634
612.0 73.550666976
614.0 73.7156496288
616.0 73.8397431168
618.0 73.922626992
620.0 74.00346
622.0 74.099434176
624.0 74.2070406144
626.0 74.322786432
628.0 74.4465754944
630.0 74.55423
632.0 74.6341977984
634.0 74.6987039808
636.0 74.773095984
638.0 74.8589440032
640.0 74.95479
642.0 75.0606660192
644.0 75.1718614752
646.0 75.2769523968
648.0 75.3771244416
650.0 75.475518
652.0 75.5750811936
654.0 75.6873501504
656.0 75.8335865952
658.0 76.0168668288
660.0 76.226568
662.0 76.4562010368
664.0 76.709082576
666.0 76.9930475712
668.0 77.3019754656
670.0 77.6085
672.0 77.8972877376
674.0 78.1646054592
676.0 78.4079696928
678.0 78.626002512
680.0 78.830208
682.0 79.026562512
684.0 79.2168765792
686.0 79.4044828608
688.0 79.5907272384
690.0 79.76151
692.0 79.9106144544
694.0 80.0489999232
696.0 80.1977038176
698.0 80.355860928
700.0 80.522574
702.0 80.696897712
704.0 80.8598775648
706.0 80.973844896
708.0 81.0406903488
710.0 81.083358
712.0 81.1143132768
714.0 81.158583168
716.0 81.2647796352
718.0 81.4331910816
720.0 81.6141
722.0 81.7805567136
724.0 81.9247102464
726.0 82.0356172992
728.0 82.1104258848
730.0 82.144842
732.0 82.1407883328
734.0 82.1228752896
736.0 82.1354208288
738.0 82.1841609696
740.0 82.285038
742.0 82.4434034016
744.0 82.6273085088
746.0 82.7728880352
748.0 82.8723871392
750.0 82.925934
752.0 82.9332722592
754.0 82.9123470048
756.0 82.903422528
758.0 82.911273504
760.0 82.925934
762.0 82.9419564
764.0 82.95837936
766.0 82.9731359904
768.0 82.9848804096
770.0 82.955976
772.0 82.8709484963
774.0 82.763638894
776.0 82.7009769741
778.0 82.6959813585
780.0 82.71564
