380.0 0.580812
382.0 0.737365107169
384.0 0.916351107583
386.0 1.1393500275
388.0 1.41923237719
390.0 1.762464
392.0 2.171756208
394.0 2.6491275936
396.0 3.1961964192
398.0 3.8083802784
400.0 4.436202
402.0 5.0517986304
404.0 5.6790275232
406.0 6.374672064
408.0 7.1309133216
410.0 7.891032
412.0 8.6246015616
414.0 9.3261263232
416.0 9.9908956992
418.0 10.6142631936
420.0 11.205666
422.0 11.7707600256
424.0 12.3129580416
426.0 12.8382364032
428.0 13.34826144
430.0 13.849362
432.0 14.343973488
434.0 14.8233797184
436.0 15.2701322976
438.0 15.6821162688
440.0 16.062456
442.0 16.4116161408
444.0 16.73179176
446.0 17.0299205568
448.0 17.305073232
450.0 17.544528
452.0 17.741443296
454.0 17.8986550848
456.0 18.0231811776
458.0 18.1126502592
460.0 18.165396
462.0 18.1794636672
464.0 18.145848672
466.0 18.04843248
468.0 17.8856128512
470.0 17.664696
472.0 17.3893991232
474.0 17.0631830592
476.0 16.6935623136
478.0 16.2828761568
480.0 15.82212
482.0 15.3091949088
484.0 14.7516794784
486.0 14.161157904
488.0 13.5429816672
490.0 12.908046
492.0 12.2667173952
494.0 11.6178903072
496.0 10.9494037344
498.0 10.26955728
500.0 9.633468
502.0 9.068998848
504.0 8.559726864
506.0 8.0675507808
508.0 7.5920219712
510.0 7.129968
512.0 6.6785849472
514.0 6.247694544
516.0 5.8603049568
518.0 5.5158073344
520.0 5.197266
522.0 4.8964614624
524.0 4.6086991584
526.0 4.3243496256
528.0 4.0429001472
530.0 3.785292
532.0 3.5618275872
534.0 3.366466464
536.0 3.1865188896
538.0 3.0223694016
540.0 2.874018
542.0 2.7411762816
544.0 2.628554832
546.0 2.5463919648
548.0 2.4943992768
550.0 2.463444
552.0 2.4483348768
554.0 2.4481105632
556.0 2.4620180064
558.0 2.4879422496
560.0 2.523528
562.0 2.5662116736
564.0 2.6156087328
566.0 2.6736418656
568.0 2.7371386368
570.0 2.793906
572.0 2.8365576288
574.0 2.864564784
576.0 2.8801385568
578.0 2.881388304
580.0 2.864004
582.0 2.82635136
584.0 2.769231504
586.0 2.6940704256
588.0 2.6026946784
590.0 2.5035
592.0 2.4014533344
594.0 2.2969071744
596.0 2.1886277952
598.0 2.0780892576
600.0 1.962744
602.0 1.8422395296
604.0 1.7208378048
606.0 1.6055726592
608.0 1.4979822432
610.0 1.40196
612.0 1.3195728192
614.0 1.247183616
616.0 1.1765088096
618.0 1.1071318176
620.0 1.041456
622.0 0.9803946336
624.0 0.9253096224
626.0 0.8795977152
628.0 0.8431307328
630.0 0.811134
632.0 0.7810439328
634.0 0.753373248
636.0 0.7296440736
638.0 0.7094398272
640.0 0.690966
642.0 0.6733894272
644.0 0.6575432736
646.0 0.645141936
648.0 0.6361213248
650.0 0.630882
652.0 0.6297123648
654.0 0.6308499552
656.0 0.6304654176
658.0 0.6284946624
660.0 0.630882
662.0 0.6405114624
664.0 0.6544990176
666.0 0.6669484224
668.0 0.6782121696
670.0 0.690966
672.0 0.7066519296
674.0 0.7273528704
676.0 0.7571064672
678.0 0.7964254368
680.0 0.841176
682.0 0.8891150208
684.0 0.9418447392
686.0 1.0029061056
688.0 1.0714339104
690.0 1.141596
692.0 1.2120304704
694.0 1.280670432
696.0 1.3408505664
698.0 1.394429472
700.0 1.482072
702.0 1.62507192
704.0 1.7971044288
706.0 1.9402805952
708.0 2.0551772256
710.0 2.20308
712.0 2.4140789856
714.0 2.6636599104
716.0 2.9007433632
718.0 3.1276045248
720.0 3.384732
722.0 3.6926344608
724.0 4.0425957216
726.0 4.414812096
728.0 4.8111421824
730.0 5.25735
732.0 5.7669584544
734.0 6.3209329344
736.0 6.8779516704
738.0 7.4400975744
740.0 8.06127
742.0 8.7676335264
744.0 9.5429895072
746.0 10.3534185216
748.0 11.199337152
750.0 12.086898
752.0 13.015876752
754.0 13.9942525632
756.0 15.0440882784
758.0 16.1603849088
760.0 17.284164
762.0 18.3845343648
764.0 19.4784156576
766.0 20.6061042144
768.0 21.76522872
770.0 22.93206
772.0 24.0957163149
774.0 25.2604343247
776.0 26.4344664086
778.0 27.6201855683
780.0 28.810278
