380.0 0.530742
382.0 0.615133590706
384.0 0.708290124172
386.0 0.818548691414
388.0 0.948043108134
390.0 1.091526
392.0 1.244860368
394.0 1.403402016
396.0 1.5596524608
398.0 1.7094779232
400.0 1.842576
402.0 1.9526178432
404.0 2.0423112384
406.0 2.1205806624
408.0 2.1861443232
410.0 2.233122
412.0 2.2595269152
414.0 2.2627313952
416.0 2.2362944352
418.0 2.1829398432
420.0 2.122968
422.0 2.0678188992
424.0 2.0175245856
426.0 1.9687043328
428.0 1.923569232
430.0 1.882632
432.0 1.84618104
434.0 1.8152738304
436.0 1.7916568128
438.0 1.7755863456
440.0 1.762464
442.0 1.7503510656
444.0 1.7425000896
446.0 1.7451918528
448.0 1.7595158784
450.0 1.782492
452.0 1.8133511424
454.0 1.8554259648
456.0 1.9142281728
458.0 1.9910395584
460.0 2.082912
462.0 2.1884355264
464.0 2.3118400512
466.0 2.4613771104
468.0 2.6360533152
470.0 2.823948
472.0 3.0185881152
474.0 3.2202941088
476.0 3.4310687808
478.0 3.6493098912
480.0 3.875418
482.0 4.1083516512
484.0 4.3461080448
486.0 4.5867805152
488.0 4.8272607168
490.0 5.05707
492.0 5.2693187328
494.0 5.4645516768
496.0 5.647735776
498.0 5.8162754016
500.0 5.95833
502.0 6.0678270816
504.0 6.147474432
506.0 6.2041777056
508.0 6.238641888
510.0 6.248736
512.0 6.234235728
514.0 6.2000439264
516.0 6.1546204224
518.0 6.098766336
520.0 6.028428
522.0 5.942868384
524.0 5.8394277696
526.0 5.710543584
528.0 5.5593562176
530.0 5.40756
532.0 5.2677485376
534.0 5.1393129792
536.0 5.016853776
538.0 4.9045687968
540.0 4.80672
542.0 4.7267201568
544.0 4.671250608
546.0 4.650982272
548.0 4.6681582848
550.0 4.716594
552.0 4.7933733408
554.0 4.9005792192
556.0 5.0417846304
558.0 5.2163166336
560.0 5.417574
562.0 5.6399488896
564.0 5.8886005152
566.0 6.1780291488
568.0 6.50188992
570.0 6.819534
572.0 7.107296304
574.0 7.370544336
576.0 7.6285209984
578.0 7.8745930176
580.0 8.081298
582.0 8.2342958976
584.0 8.3363585856
586.0 8.3965707648
588.0 8.4149003904
590.0 8.391732
592.0 8.3287799904
594.0 8.2308991488
596.0 8.1055879584
598.0 7.9564354368
600.0 7.780878
602.0 7.5803897088
604.0 7.3623408672
606.0 7.136617296
608.0 6.90805776
610.0 6.689352
612.0 6.487950432
614.0 6.300728688
616.0 6.117672768
618.0 5.939263344
620.0 5.768064
622.0 5.605276416
624.0 5.451140928
626.0 5.3062663872
628.0 5.1711014208
630.0 5.047056
632.0 4.9347710208
634.0 4.8336055872
636.0 4.7421977952
638.0 4.6603874208
640.0 4.586412
642.0 4.5193903008
644.0 4.4609405856
646.0 4.4145397152
648.0 4.3804120032
650.0 4.35609
652.0 4.3404361152
654.0 4.3345558944
656.0 4.340548272
658.0 4.3583171136
660.0 4.386132
662.0 4.4232879456
664.0 4.4697208608
666.0 4.5251102976
668.0 4.5898087488
670.0 4.666524
672.0 4.7570024928
674.0 4.8607475328
676.0 4.97575632
678.0 5.1018365856
680.0 5.247336
682.0 5.4155551776
684.0 5.597745888
686.0 5.777116656
688.0 5.9522254656
690.0 6.128568
692.0 6.3130499136
694.0 6.5007202848
696.0 6.674050608
698.0 6.8374951104
700.0 7.099926
702.0 7.5157233024
704.0 8.0037816288
706.0 8.3917960896
708.0 8.6767544736
710.0 9.0126
712.0 9.4729075296
714.0 10.0033290816
716.0 10.4950405152
718.0 10.9513104
720.0 11.446002
722.0 12.01559832
724.0 12.6405039648
726.0 13.2787722912
728.0 13.9317812256
730.0 14.660496
732.0 15.4934845536
734.0 16.3831122912
736.0 17.2326840288
738.0 18.04162296
740.0 18.886404
742.0 19.803766512
744.0 20.7837285408
746.0 21.806646624
748.0 22.8732898368
750.0 23.98353
752.0 25.1329289088
754.0 26.3154461184
756.0 27.5261307072
758.0 28.75780464
760.0 29.971902
762.0 31.147064928
764.0 32.3009661312
766.0 33.4768340448
768.0 34.6737714144
770.0 35.85012
772.0 36.9881641636
774.0 38.1039383411
776.0 39.2275546784
778.0 40.3697806884
780.0 41.518044
