380.0 1.291806
382.0 1.63158031087
384.0 2.00036344527
386.0 2.42164546817
388.0 2.91334141601
390.0 3.484872
392.0 4.1366792544
394.0 4.8463273728
396.0 5.5698829344
398.0 6.2933103168
400.0 6.979758
402.0 7.6042630848
404.0 8.18223912
406.0 8.7612405888
408.0 9.332166768
410.0 9.833748
412.0 10.235830128
414.0 10.538893824
416.0 10.7474413824
418.0 10.8657347616
420.0 10.925274
422.0 10.9472887776
424.0 10.9432030656
426.0 10.9251618432
428.0 10.902522192
430.0 10.885218
432.0 10.880491392
434.0 10.88481744
436.0 10.8846411936
438.0 10.8825903264
440.0 10.895232
442.0 10.9308978624
444.0 10.9889470176
446.0 11.0671042848
448.0 11.1664591872
450.0 11.275764
452.0 11.3898915552
454.0 11.5188398304
456.0 11.682652848
458.0 11.8825162656
460.0 12.106926
462.0 12.3496493376
464.0 12.6142592736
466.0 12.908526672
468.0 13.2287022912
470.0 13.558956
472.0 13.8893859552
474.0 14.2172683488
476.0 14.5414816128
478.0 14.8576996992
480.0 15.161196
482.0 15.4477245792
484.0 15.7152826368
486.0 15.9638541504
488.0 16.1896578336
490.0 16.382904
492.0 16.5379046976
494.0 16.652240544
496.0 16.723540224
498.0 16.7514832896
500.0 16.743408
502.0 16.7036564256
504.0 16.631892096
506.0 16.526384592
508.0 16.3901781696
510.0 16.22268
512.0 16.0256685696
514.0 15.8100871776
516.0 15.5943455616
518.0 15.3816482016
520.0 15.17121
522.0 14.9640243456
524.0 14.7533938752
526.0 14.5224309792
528.0 14.2732185696
530.0 14.029614
532.0 13.8048838176
534.0 13.5979384992
536.0 13.4034105408
538.0 13.22569008
540.0 13.06827
542.0 12.934563072
544.0 12.8325324288
546.0 12.774899856
548.0 12.7649980128
550.0 12.797892
552.0 12.8721077568
554.0 12.9907856736
556.0 13.1581396416
558.0 13.3756116768
560.0 13.639068
562.0 13.9452881088
564.0 14.303677152
566.0 14.7352244736
568.0 15.2367896832
570.0 15.762036
572.0 16.2844143072
574.0 16.8221741184
576.0 17.420594736
578.0 18.0722097216
580.0 18.706152
582.0 19.2841440576
584.0 19.8283448736
586.0 20.392669824
588.0 20.9700049632
590.0 21.500058
592.0 21.9532996512
594.0 22.3416666048
596.0 22.6916118432
598.0 23.0019497088
600.0 23.28255
602.0 23.5399017888
604.0 23.7596650272
606.0 23.9092181088
608.0 23.9905478112
610.0 24.043614
612.0 24.0893259072
614.0 24.1204574304
616.0 24.1192557504
618.0 24.0897264672
620.0 24.043614
622.0 23.9878240032
624.0 23.925609024
626.0 23.8610707968
628.0 23.7974458464
630.0 23.73318
632.0 23.6684655264
634.0 23.608365504
636.0 23.5609071552
638.0 23.5266993312
640.0 23.502858
642.0 23.4886461312
644.0 23.4794813184
646.0 23.4648528672
648.0 23.4470359584
650.0 23.442774
652.0 23.4606549984
654.0 23.5061906592
656.0 23.5893949824
658.0 23.7108768192
660.0 23.843334
662.0 23.9730032832
664.0 24.1116931776
666.0 24.2848152096
668.0 24.4923693792
670.0 24.714552
672.0 24.9437203872
674.0 25.18601112
676.0 25.4502525408
678.0 25.7369573664
680.0 26.076456
682.0 26.4815182944
684.0 26.9235763104
686.0 27.3462472224
688.0 27.7436027424
690.0 28.129326
692.0 28.5154017504
694.0 28.8936906144
696.0 29.2394059392
698.0 29.5597898496
700.0 30.021972
702.0 30.7095572736
704.0 31.498756608
706.0 32.1261457248
708.0 32.5867897248
710.0 33.116298
712.0 33.8250809088
714.0 34.6303186656
716.0 35.3698325376
718.0 36.0439429728
720.0 36.731352
722.0 37.4695360128
724.0 38.240021184
726.0 39.0070455168
728.0 39.773845536
730.0 40.60677
732.0 41.53767144
734.0 42.518162208
736.0 43.4482465056
738.0 44.3275077504
740.0 45.233238
742.0 46.1997251904
744.0 47.219855376
746.0 48.2846720352
748.0 49.3898170752
750.0 50.480574
752.0 51.5271251232
754.0 52.5435541344
756.0 53.5663600608
758.0 54.5932356768
760.0 55.607742
762.0 56.6016435168
764.0 57.5775999456
766.0 58.5415876416
768.0 59.4915236928
770.0 60.414462
772.0 61.3053364183
774.0 62.1666507352
776.0 63.0028699106
778.0 63.8214993273
780.0 64.630356
