380.0 2.022828
382.0 2.46176693769
384.0 2.94511536845
386.0 3.5085616167
388.0 4.18463360764
390.0 5.007
392.0 5.9852155872
394.0 7.0904086944
396.0 8.2653633312
398.0 9.4825530144
400.0 10.644882
402.0 11.6900391744
404.0 12.6357613344
406.0 13.551986256
408.0 14.4193909248
410.0 15.141168
412.0 15.6710608128
414.0 16.01478936
416.0 16.1886644448
418.0 16.204094016
420.0 16.12254
422.0 15.984587136
424.0 15.8088374304
426.0 15.61222656
428.0 15.4118023584
430.0 15.211266
432.0 15.0163695264
434.0 14.8385689536
436.0 14.6909225376
438.0 14.5774358784
440.0 14.490258
442.0 14.4271457664
444.0 14.3895732384
446.0 14.3772680352
448.0 14.3936269056
450.0 14.450202
452.0 14.5538509056
454.0 14.7100212384
456.0 14.9269805568
458.0 15.2064272352
460.0 15.531714
462.0 15.8933876352
464.0 16.3021190592
466.0 16.7817496032
468.0 17.3284338912
470.0 17.905032
472.0 18.4923010272
474.0 19.0950316704
476.0 19.7260738944
478.0 20.3833447872
480.0 21.069456
482.0 21.7845837792
484.0 22.5247385472
486.0 23.2835594112
488.0 24.0575214432
490.0 24.83472
492.0 25.6041637152
494.0 26.3733190272
496.0 27.1672129248
498.0 27.9767767296
500.0 28.720152
502.0 29.3579877216
504.0 29.9147661216
506.0 30.4428163584
508.0 30.9442533888
510.0 31.453974
512.0 31.9893945408
514.0 32.5148010816
516.0 32.953830864
518.0 33.3017733024
520.0 33.59697
522.0 33.8575903584
524.0 34.077321552
526.0 34.2461495808
528.0 34.3705154496
530.0 34.458174
532.0 34.5181618656
534.0 34.5642583104
536.0 34.6152255648
538.0 34.6834970112
540.0 34.788636
542.0 34.9449825792
544.0 35.1595064928
546.0 35.4354763104
548.0 35.7800059776
550.0 36.190596
552.0 36.6677270496
554.0 37.225082256
556.0 37.8866791968
558.0 38.6557543968
560.0 39.50523
562.0 40.4179780608
564.0 41.4169266336
566.0 42.5549496384
568.0 43.82166456
570.0 45.103056
572.0 46.334457552
574.0 47.5545152448
576.0 48.86151048
578.0 50.2405103808
580.0 51.542058
582.0 52.6889734368
584.0 53.7350118432
586.0 54.8024241312
588.0 55.8840002208
590.0 56.87952
592.0 57.7433997408
594.0 58.4951066592
596.0 59.1705309312
598.0 59.7720759168
600.0 60.344364
602.0 60.9122299008
604.0 61.446544896
606.0 61.8801751296
608.0 62.2147869312
610.0 62.507388
612.0 62.7879882912
614.0 63.0428245632
616.0 63.2398199712
618.0 63.3868254912
620.0 63.528816
622.0 63.6880466112
624.0 63.861200688
626.0 64.0389852384
628.0 64.2218168448
630.0 64.380006
632.0 64.4998054848
634.0 64.597590192
636.0 64.706542512
638.0 64.8297067008
640.0 64.970832
642.0 65.1321295008
644.0 65.3060686752
646.0 65.4753613536
648.0 65.6389821024
650.0 65.79198
652.0 65.9313107904
654.0 66.0711062304
656.0 66.2423856864
658.0 66.4469116224
660.0 66.64317
662.0 66.8124626784
664.0 66.9771729504
666.0 67.18032096
668.0 67.4216503488
670.0 67.69464
672.0 67.9958931648
674.0 68.304452544
676.0 68.57707368
678.0 68.8115134368
680.0 69.04653
682.0 69.2992352928
684.0 69.5676425376
686.0 69.8511108384
688.0 70.14807
690.0 70.418448
692.0 70.645245072
694.0 70.8424167264
696.0 71.0348777952
698.0 71.2247432352
700.0 71.479932
702.0 71.8339148832
704.0 72.2190933792
706.0 72.4937012928
708.0 72.6555595776
710.0 72.811794
712.0 73.0125386496
714.0 73.24800384
716.0 73.502038992
718.0 73.7744838816
720.0 74.033502
722.0 74.2638880896
724.0 74.464985232
726.0 74.635784016
728.0 74.7785275776
730.0 74.95479
732.0 75.1941486336
734.0 75.464142096
736.0 75.697187904
738.0 75.8912031456
740.0 76.05633
742.0 76.1964298656
744.0 76.3290152256
746.0 76.493180736
748.0 76.6899838752
750.0 76.887492
752.0 77.0686732992
754.0 77.232454272
756.0 77.3790271872
758.0 77.505475968
760.0 77.598486
762.0 77.653042272
764.0 77.6830362048
766.0 77.7155776992
768.0 77.7549287136
770.0 77.798766
772.0 77.8472077715
774.0 77.9009088767
776.0 77.9577732175
778.0 78.0177511171
780.0 78.079158
