380.0 2.163024
382.0 2.71801709066
384.0 3.3404913171
386.0 4.08788146362
388.0 5.00829382797
390.0 6.148596
392.0 7.5247278912
394.0 9.1109294688
396.0 10.85237208
398.0 12.716337984
400.0 14.550342
402.0 16.258409952
404.0 17.8833857376
406.0 19.5591525312
408.0 21.2502046944
410.0 22.771836
412.0 24.0288894144
414.0 25.013690208
416.0 25.7296992192
418.0 26.1816911232
420.0 26.446974
422.0 26.5772040672
424.0 26.6060924544
426.0 26.5775245152
428.0 26.5168476864
430.0 26.426946
432.0 26.3166477984
434.0 26.197665456
436.0 26.075734992
438.0 25.9595085024
440.0 25.866162
442.0 25.8067349184
444.0 25.780281936
446.0 25.778279136
448.0 25.8044116704
450.0 25.866162
452.0 25.9679202624
454.0 26.1142047744
456.0 26.3122736832
458.0 26.5631203776
460.0 26.857548
462.0 27.1890354336
464.0 27.5620208832
466.0 27.9885852384
468.0 28.4627681664
470.0 28.950474
472.0 29.4317228064
474.0 29.90941464
476.0 30.3967519584
478.0 30.888062832
480.0 31.363848
482.0 31.813116096
484.0 32.2383345696
486.0 32.6481875616
488.0 33.039150144
490.0 33.406704
492.0 33.746859552
494.0 34.0522304736
496.0 34.3113927936
498.0 34.521782928
500.0 34.678482
502.0 34.780144128
504.0 34.8342677952
506.0 34.8555134976
508.0 34.8479829696
510.0 34.818678
512.0 34.7725174656
514.0 34.708844448
516.0 34.6223555328
518.0 34.5130827648
520.0 34.388076
522.0 34.2517574208
524.0 34.0935522432
526.0 33.8904523008
528.0 33.6471681792
530.0 33.39669
532.0 33.1598468832
534.0 32.940291936
536.0 32.7368555232
538.0 32.561041728
540.0 32.435346
542.0 32.373819984
544.0 32.3866058592
546.0 32.4866016576
548.0 32.6774284416
550.0 32.936046
552.0 33.2511905856
554.0 33.6333248256
556.0 34.1035021536
558.0 34.6610816736
560.0 35.289336
562.0 35.9759599296
564.0 36.7299260064
566.0 37.5762772416
568.0 38.5037659104
570.0 39.435132
572.0 40.3241508864
574.0 41.1908025024
576.0 42.0937608768
578.0 43.018221312
580.0 43.86132
582.0 44.569750416
584.0 45.1699975872
586.0 45.7263113376
588.0 46.2365446656
590.0 46.66524
592.0 46.9980092256
594.0 47.2503299808
596.0 47.4492320544
598.0 47.597503344
600.0 47.696682
602.0 47.752039392
604.0 47.7549394464
606.0 47.6790413376
608.0 47.5312026528
610.0 47.386248
612.0 47.2834162368
614.0 47.19638256
616.0 47.0640535584
618.0 46.8908514144
620.0 46.71531
622.0 46.5559832544
624.0 46.4157872544
626.0 46.3004419968
628.0 46.211165184
630.0 46.124484
632.0 46.028830272
634.0 45.9300681984
636.0 45.8407433184
638.0 45.761816976
640.0 45.693882
642.0 45.638124048
644.0 45.597266928
646.0 45.5751079488
648.0 45.5731211712
650.0 45.583728
652.0 45.6038040672
654.0 45.6419534016
656.0 45.7145669184
658.0 45.8216766624
660.0 45.954246
662.0 46.1075963904
664.0 46.277177472
666.0 46.454064768
668.0 46.6376173824
670.0 46.835478
672.0 47.0525174304
674.0 47.2898892864
676.0 47.5478018592
678.0 47.8264474176
680.0 48.147312
682.0 48.5185349856
684.0 48.9163391328
686.0 49.2953650272
688.0 49.6513827552
690.0 49.989888
692.0 50.3185554912
694.0 50.6415350304
696.0 50.959483536
698.0 51.2783933856
700.0 51.72231
702.0 52.3519742976
704.0 53.0615583264
706.0 53.6286871968
708.0 54.0467276352
710.0 54.496188
712.0 55.0607853312
714.0 55.6880462688
716.0 56.2787921568
718.0 56.8336638912
720.0 57.38022
722.0 57.9315988512
724.0 58.4855573088
726.0 59.038778736
728.0 59.594435568
730.0 60.194154
732.0 60.858442704
734.0 61.5535905504
736.0 62.2082658144
738.0 62.820385584
740.0 63.448704
742.0 64.120122672
744.0 64.8163600416
746.0 65.503256352
748.0 66.1805872896
750.0 66.853464
752.0 67.5201400416
754.0 68.1898282944
756.0 68.8885811808
758.0 69.6072018432
760.0 70.278252
762.0 70.8684050592
764.0 71.3763792288
766.0 71.8040491296
768.0 72.1581762144
770.0 72.491346
772.0 72.8332424739
774.0 73.1967842136
776.0 73.5977565796
778.0 74.0316536743
780.0 74.484132
