380.0 2.032842
382.0 2.54027554776
384.0 3.10947951061
386.0 3.79472888695
388.0 4.63447099714
390.0 5.65791
392.0 6.8718791808
394.0 8.2538272032
396.0 9.7588112352
398.0 11.3554273728
400.0 12.908046
402.0 14.3325495168
404.0 15.6583870944
406.0 16.9855705536
408.0 18.2874706656
410.0 19.437174
412.0 20.3698218816
414.0 21.0828507264
416.0 21.5839673088
418.0 21.8790358272
420.0 22.010772
422.0 22.0126626432
424.0 21.9220399488
426.0 21.792787248
428.0 21.648425424
430.0 21.500058
432.0 21.358900656
434.0 21.2306573664
436.0 21.1113385536
438.0 21.0052382208
440.0 20.909232
442.0 20.8238646528
444.0 20.7548081088
446.0 20.7097370976
448.0 20.693650608
450.0 20.718966
452.0 20.793229824
454.0 20.9181564768
456.0 21.0932332416
458.0 21.3189728352
460.0 21.590184
462.0 21.9021080832
464.0 22.256074944
466.0 22.6582532064
468.0 23.1028107168
470.0 23.562942
472.0 24.0226567008
474.0 24.4821150432
476.0 24.9479823456
478.0 25.4149071264
480.0 25.876176
482.0 26.3267419104
484.0 26.7603400992
486.0 27.1680781344
488.0 27.5465592672
490.0 27.899004
492.0 28.2247874592
494.0 28.5219388896
496.0 28.790971008
498.0 29.0292561408
500.0 29.210838
502.0 29.3235075168
504.0 29.3815887168
506.0 29.4150595104
508.0 29.4270282432
510.0 29.411118
512.0 29.3663834592
514.0 29.2956605856
516.0 29.1999908352
518.0 29.0805598656
520.0 28.950474
522.0 28.8177925056
524.0 28.6701300672
526.0 28.4791270368
528.0 28.249974672
530.0 28.019172
532.0 27.809118336
534.0 27.6233706528
536.0 27.4606151136
538.0 27.3316187712
540.0 27.258108
542.0 27.2541504672
544.0 27.3247131168
546.0 27.4716705696
548.0 27.7001820384
550.0 28.009158
552.0 28.3987586784
554.0 28.8755532576
556.0 29.451093888
558.0 30.127559616
560.0 30.883176
562.0 31.703042208
564.0 32.6137874688
566.0 33.676601328
568.0 34.8797553888
570.0 36.10047
572.0 37.2695764608
574.0 38.4174372192
576.0 39.6258626496
578.0 40.8787662624
580.0 42.0588
582.0 43.1040372864
584.0 44.0516981568
586.0 44.990578752
588.0 45.9129562752
590.0 46.735338
592.0 47.4192220992
594.0 47.9846205504
596.0 48.4708523232
598.0 48.8808334944
600.0 49.238838
602.0 49.5607440384
604.0 49.8303209184
606.0 50.0058623328
608.0 50.092751808
610.0 50.140098
612.0 50.174385936
614.0 50.1922989792
616.0 50.1814998816
618.0 50.1476926176
620.0 50.100042
622.0 50.0445884736
624.0 49.98307848
626.0 49.9155280416
628.0 49.845846624
630.0 49.779594
632.0 49.72071168
634.0 49.6746793248
636.0 49.6496843808
638.0 49.646688192
640.0 49.659426
642.0 49.68426072
644.0 49.7192856864
646.0 49.761408576
648.0 49.8095719104
650.0 49.859706
652.0 49.9100323584
654.0 49.9658864448
656.0 50.0385480288
658.0 50.1305806944
660.0 50.230224
662.0 50.3329436064
664.0 50.453496144
666.0 50.6195843424
668.0 50.831785008
670.0 51.0714
672.0 51.329600976
674.0 51.6028790304
676.0 51.8831108064
678.0 52.16853384
680.0 52.483374
682.0 52.837148592
684.0 53.2155335904
686.0 53.5926688416
688.0 53.9627542368
690.0 54.315936
692.0 54.6537202368
694.0 54.9644105952
696.0 55.2142639008
698.0 55.4119963392
700.0 55.757952
702.0 56.3493868512
704.0 57.0591150816
706.0 57.620395776
708.0 58.0241923008
710.0 58.43169
712.0 58.9168002048
714.0 59.4414697152
716.0 59.938436496
718.0 60.410937072
720.0 60.895134
722.0 61.408892256
724.0 61.9341225504
726.0 62.4325153248
728.0 62.9043269376
730.0 63.418662
732.0 64.0073890656
734.0 64.6248923616
736.0 65.1801005664
738.0 65.6728855008
740.0 66.14247
742.0 66.6066709728
744.0 67.088432496
746.0 67.6373438976
748.0 68.2513863552
750.0 68.866278
752.0 69.4497016512
754.0 69.9906819648
756.0 70.4695754784
758.0 70.8867667296
760.0 71.29968
762.0 71.7355533696
764.0 72.1939382112
766.0 72.6743698752
768.0 73.1750858976
770.0 73.622928
772.0 73.984730351
774.0 74.2942866455
776.0 74.6211402324
778.0 74.986691825
780.0 75.365364
