380.0 0.410574
382.0 0.505075341795
384.0 0.61071048836
386.0 0.737611269497
388.0 0.894178635835
390.0 1.091526
392.0 1.3339609344
394.0 1.6216110816
396.0 1.9539797472
398.0 2.3240811648
400.0 2.693766
402.0 3.0391608768
404.0 3.3635664096
406.0 3.6847354176
408.0 3.9944964768
410.0 4.25595
412.0 4.4521763328
414.0 4.5877899264
416.0 4.6731572736
418.0 4.7146552896
420.0 4.746636
422.0 4.7893997856
424.0 4.8453660288
426.0 4.9112501376
428.0 4.9902886368
430.0 5.077098
432.0 5.1679770528
434.0 5.264800416
436.0 5.3725670784
438.0 5.4883289184
440.0 5.597826
442.0 5.6935758624
444.0 5.7740563776
446.0 5.8380177984
448.0 5.8861330656
450.0 5.928288
452.0 5.9698501056
454.0 6.0138155712
456.0 6.065039184
458.0 6.1237132128
460.0 6.178638
462.0 6.2237731008
464.0 6.2610892704
466.0 6.2956656096
468.0 6.3261882816
470.0 6.348876
472.0 6.3612773376
474.0 6.3625431072
476.0 6.3521766144
478.0 6.3288640224
480.0 6.288792
482.0 6.2300859264
484.0 6.153242496
486.0 6.05967168
488.0 5.9496939264
490.0 5.828148
492.0 5.6984626944
494.0 5.5567605888
496.0 5.393219952
498.0 5.2103723232
500.0 5.027028
502.0 4.8529926912
504.0 4.687433232
506.0 4.5269208288
508.0 4.3727693184
510.0 4.215894
512.0 4.0521610944
514.0 3.8898702048
516.0 3.7455244032
518.0 3.619700496
520.0 3.5049
522.0 3.39795048
524.0 3.2960640384
526.0 3.1924792224
528.0 3.08751648
530.0 2.994186
532.0 2.919441504
534.0 2.8603669152
536.0 2.8097040864
538.0 2.7683823168
540.0 2.743836
542.0 2.7395419968
544.0 2.7527604768
546.0 2.7778675776
548.0 2.814574896
550.0 2.864004
552.0 2.926251024
554.0 3.0014121024
556.0 3.0905286912
558.0 3.1928317152
560.0 3.30462
562.0 3.4230736032
564.0 3.5485770624
566.0 3.6836939616
568.0 3.825828672
570.0 3.965544
572.0 4.096447008
574.0 4.2178487328
576.0 4.3319602656
578.0 4.4356091712
580.0 4.516314
582.0 4.5674735232
584.0 4.5917154144
586.0 4.5963138432
588.0 4.5817815264
590.0 4.546356
592.0 4.4899731744
594.0 4.4166706944
596.0 4.3332901248
598.0 4.241209392
600.0 4.135782
602.0 4.016094672
604.0 3.88463088
606.0 3.7440182976
608.0 3.5968845984
610.0 3.45483
612.0 3.3244236864
614.0 3.2036468352
616.0 3.0859462848
618.0 2.9718667968
620.0 2.864004
622.0 2.7635755968
624.0 2.6693638848
626.0 2.578885392
628.0 2.4922682976
630.0 2.413374
632.0 2.3439809856
634.0 2.2823428128
636.0 2.2249986432
638.0 2.1718843872
640.0 2.122968
642.0 2.0781533472
644.0 2.039010624
646.0 2.008968624
648.0 1.9880273472
650.0 1.972758
652.0 1.9615102752
654.0 1.954492464
656.0 1.9521852384
658.0 1.9550051808
660.0 1.962744
662.0 1.9752735168
664.0 1.996310928
666.0 2.033402784
668.0 2.0860684128
670.0 2.142996
672.0 2.1994268928
674.0 2.2555373376
676.0 2.3105582592
678.0 2.3655150912
680.0 2.443416
682.0 2.5552203072
684.0 2.68855872
686.0 2.817619152
688.0 2.9403186912
690.0 3.064284
692.0 3.1954754112
694.0 3.3263944416
696.0 3.4382788608
698.0 3.535102224
700.0 3.695166
702.0 3.958414032
704.0 4.2760260672
706.0 4.5420940416
708.0 4.7555925216
710.0 5.017014
712.0 5.3746980576
714.0 5.785528416
716.0 6.1619106144
718.0 6.5060236992
720.0 6.889632
722.0 7.3479207072
724.0 7.8605734176
726.0 8.3848744128
728.0 8.922714336
730.0 9.5133
732.0 10.176387024
734.0 10.888983264
736.0 11.6022364224
738.0 12.3183255456
740.0 13.098312
742.0 13.9717571136
744.0 14.91765552
746.0 15.8920737984
748.0 16.8939865152
750.0 17.945088
752.0 19.0510822272
754.0 20.205367968
756.0 21.4030744128
758.0 22.6373439744
760.0 23.853348
762.0 25.0235600064
764.0 26.1718533696
766.0 27.3514705248
768.0 28.5649430112
770.0 29.801664
772.0 31.0574385356
774.0 32.3323714918
776.0 33.6236487526
778.0 34.9288844369
780.0 36.240666
