380.0 0.360504
382.0 0.430216619116
384.0 0.503025777853
386.0 0.580367589221
388.0 0.668338998063
390.0 0.781092
392.0 0.9248449728
394.0 1.0970056608
396.0 1.2915175968
398.0 1.5040547328
400.0 1.712394
402.0 1.9025318208
404.0 2.0769997344
406.0 2.247782496
408.0 2.4107783712
410.0 2.543556
412.0 2.6358129792
414.0 2.6934615744
416.0 2.72901528
418.0 2.7460631136
420.0 2.75385
422.0 2.7592815936
424.0 2.7672767712
426.0 2.7827223648
428.0 2.808085824
430.0 2.843976
432.0 2.890280736
434.0 2.9450292768
436.0 3.0041679552
438.0 3.0658702176
440.0 3.124368
442.0 3.1767452256
444.0 3.2231621184
446.0 3.264724224
448.0 3.302136528
450.0 3.344676
452.0 3.397229472
454.0 3.4561598592
456.0 3.5130073344
458.0 3.5679000768
460.0 3.625068
462.0 3.6859050528
464.0 3.7507156608
466.0 3.821182176
468.0 3.8958305376
470.0 3.965544
472.0 4.0252915296
474.0 4.074656544
476.0 4.1142158496
478.0 4.143232416
480.0 4.165824
482.0 4.183769088
484.0 4.1946803424
486.0 4.194023424
488.0 4.1809010784
490.0 4.15581
492.0 4.1191347264
494.0 4.0683116736
496.0 3.9981976512
498.0 3.9101385408
500.0 3.815334
502.0 3.7199526528
504.0 3.623946432
506.0 3.5256810528
508.0 3.426630576
510.0 3.324648
512.0 3.218980272
514.0 3.1138092384
516.0 3.0170018976
518.0 2.9290068768
520.0 2.843976
522.0 2.7594898848
524.0 2.6756286432
526.0 2.591783424
528.0 2.508787392
530.0 2.433402
532.0 2.369472624
534.0 2.3164865472
536.0 2.272136544
538.0 2.2369353312
540.0 2.213094
542.0 2.2015258272
544.0 2.2006445952
546.0 2.2073579808
548.0 2.2214096256
550.0 2.243136
552.0 2.2722807456
554.0 2.3099974752
556.0 2.3594105568
558.0 2.419622736
560.0 2.483472
562.0 2.546600256
564.0 2.6101611168
566.0 2.6781762048
568.0 2.748722832
570.0 2.813934
572.0 2.868970944
574.0 2.9141220672
576.0 2.9521111776
578.0 2.9811117216
580.0 2.994186
582.0 2.9879212416
584.0 2.96294232
586.0 2.9211719232
588.0 2.8635393504
590.0 2.793906
592.0 2.7149315904
594.0 2.628634944
596.0 2.5376116896
598.0 2.4432077088
600.0 2.343276
602.0 2.2376403168
604.0 2.1282393696
606.0 2.0173964064
608.0 1.906905936
610.0 1.80252
612.0 1.707427056
614.0 1.6218033504
616.0 1.5447836736
618.0 1.4761757568
620.0 1.411974
622.0 1.3501595808
624.0 1.2906363648
626.0 1.2334203744
628.0 1.1784154752
630.0 1.131582
632.0 1.0959001152
634.0 1.0669155936
636.0 1.0352232864
638.0 1.0006950144
640.0 0.971358
642.0 0.9507051264
644.0 0.9368457504
646.0 0.9266715264
648.0 0.9200222304
650.0 0.911274
652.0 0.8975107584
654.0 0.8838917184
656.0 0.8815844928
658.0 0.891005664
660.0 0.90126
662.0 0.907188288
664.0 0.9138856512
666.0 0.9315102912
668.0 0.959901984
670.0 0.991386
672.0 1.022709792
674.0 1.0547866368
676.0 1.0886579904
678.0 1.1247083904
680.0 1.171638
682.0 1.2336607104
684.0 1.3058256
686.0 1.3777020864
688.0 1.448745408
690.0 1.522128
692.0 1.600717872
694.0 1.6825763136
696.0 1.7615186784
698.0 1.8393394752
700.0 1.95273
702.0 2.1211734912
704.0 2.3172396
706.0 2.4806200128
708.0 2.6121478944
710.0 2.783892
712.0 3.0308933184
714.0 3.3237827904
716.0 3.6017393856
718.0 3.8660128512
720.0 4.15581
722.0 4.4912068992
724.0 4.8638879232
726.0 5.2549947072
728.0 5.6677317312
730.0 6.138582
732.0 6.6861154752
734.0 7.2876925056
736.0 7.8943326144
738.0 8.5070291904
740.0 9.172824
742.0 9.9145169184
744.0 10.7193380928
746.0 11.5608665856
748.0 12.4397753376
750.0 13.36869
752.0 14.3506868736
754.0 15.3846123456
756.0 16.473190224
758.0 17.6110690272
760.0 18.756222
762.0 19.8870509472
764.0 21.0157969824
766.0 22.171316448
768.0 23.3528723136
770.0 24.564342
772.0 25.8066580262
774.0 27.0684912522
776.0 28.3272868918
778.0 29.5769571996
780.0 30.823092
