380.0 1.40196
382.0 1.75700473135
384.0 2.17855116218
386.0 2.72787914618
388.0 3.46428612916
390.0 4.466244
392.0 5.7758669088
394.0 7.4169452064
396.0 9.4154512032
398.0 11.755074096
400.0 14.249922
402.0 16.780820304
404.0 19.4016363168
406.0 22.2741161664
408.0 25.3303889664
410.0 28.259508
412.0 30.8900015424
414.0 33.1842169536
416.0 35.118216768
418.0 36.68088144
420.0 37.963074
422.0 39.025279008
424.0 39.925096992
426.0 40.7550412896
428.0 41.5457787744
430.0 42.289122
432.0 42.9873141024
434.0 43.6359328992
436.0 44.2076601984
438.0 44.7050275392
440.0 45.153126
442.0 45.5666320992
444.0 45.94343088
446.0 46.2750625152
448.0 46.569826608
450.0 46.845492
452.0 47.112345072
454.0 47.3864402688
456.0 47.695560432
458.0 48.0379110528
460.0 48.377634
462.0 48.6945090048
464.0 48.9769038048
466.0 49.206152304
468.0 49.3774157376
470.0 49.509216
472.0 49.6105416576
474.0 49.6790374176
476.0 49.710938016
478.0 49.7076213792
480.0 49.66944
482.0 49.5965060352
484.0 49.4915593152
486.0 49.3599833664
488.0 49.200945024
490.0 49.008516
492.0 48.78099792
494.0 48.512462496
496.0 48.1891785312
498.0 47.8149593568
500.0 47.426304
502.0 47.0429200128
504.0 46.660673616
506.0 46.2666667776
508.0 45.8641680672
510.0 45.453546
512.0 45.0352492032
514.0 44.6165198016
516.0 44.2110729696
518.0 43.8181075872
520.0 43.430718
522.0 43.0458279072
524.0 42.6506193888
526.0 42.2185112832
528.0 41.7508815168
530.0 41.287722
532.0 40.8495414048
534.0 40.4318534592
536.0 40.0231060128
538.0 39.6252858432
540.0 39.234852
542.0 38.8488403392
544.0 38.4728106336
546.0 38.1202377216
548.0 37.7900000352
550.0 37.45236
552.0 37.0931858592
554.0 36.72654528
556.0 36.3811504032
558.0 36.056648736
560.0 35.74998
562.0 35.459734224
564.0 35.1721962336
566.0 34.8585096864
568.0 34.5164634912
570.0 34.177782
572.0 33.8569013952
574.0 33.5412761376
576.0 33.2068726272
578.0 32.8511913696
580.0 32.485416
582.0 32.1148018656
584.0 31.725633792
586.0 31.2908179008
588.0 30.8119884768
590.0 30.332406
592.0 29.8733161728
594.0 29.4226381056
596.0 28.9545757344
598.0 28.469802
600.0 27.969102
602.0 27.455263632
604.0 26.9317156896
606.0 26.4018068544
608.0 25.8716576832
610.0 25.38549
612.0 24.9658312992
614.0 24.5916281472
616.0 24.2155984416
618.0 23.8363963008
620.0 23.472816
622.0 23.1326924928
624.0 22.8137986656
626.0 22.51467648
628.0 22.2363834144
630.0 21.970716
632.0 21.7138929504
634.0 21.4753354368
636.0 21.2739178464
638.0 21.1095440448
640.0 20.969316
642.0 20.8465363488
644.0 20.7387376416
646.0 20.6416418976
648.0 20.5547684448
650.0 20.47863
652.0 20.4140917728
654.0 20.3686842912
656.0 20.356939872
658.0 20.37969168
660.0 20.42856
662.0 20.499298896
664.0 20.5890083136
666.0 20.6917599648
668.0 20.8067206848
670.0 20.939274
672.0 21.0927205248
674.0 21.2663873184
676.0 21.4576306848
678.0 21.6662263104
680.0 21.910632
682.0 22.1983302144
684.0 22.5102062304
686.0 22.8092643264
688.0 23.0927806944
690.0 23.372676
692.0 23.6596532064
694.0 23.9512128192
696.0 24.2340562464
698.0 24.5139195072
700.0 24.914832
702.0 25.4988164352
704.0 26.1676074336
706.0 26.7122728992
708.0 27.1279099776
710.0 27.608598
712.0 28.2458729376
714.0 28.965214608
716.0 29.6192009088
718.0 30.2093059008
720.0 30.823092
722.0 31.5029544768
724.0 32.2295062272
726.0 32.9633161248
728.0 33.7066913952
730.0 34.518258
732.0 35.4257346912
734.0 36.3814708512
736.0 37.287970176
738.0 38.1444635904
740.0 39.034572
742.0 39.9965729184
744.0 41.0161262976
746.0 42.0676603872
748.0 43.1473939008
750.0 44.231838
752.0 45.3043293888
754.0 46.3651244256
756.0 47.4254868576
758.0 48.4804497408
760.0 49.489188
762.0 50.4330195168
764.0 51.3368431008
766.0 52.2513055584
768.0 53.1787141152
770.0 54.115656
772.0 55.0611556096
774.0 55.9978389895
776.0 56.8878310259
778.0 57.7310917011
780.0 58.551858
