380.0 0.510714
382.0 0.5974913184
384.0 0.699457872
386.0 0.8320592544
388.0 1.009331088
390.0 1.25175
392.0 1.571557104
394.0 1.983813456
396.0 2.5120399392
398.0 3.1563647328
400.0 3.85539
402.0 4.5760294848
404.0 5.3440952736
406.0 6.2182774176
408.0 7.1902442688
410.0 8.201466
412.0 9.2212436928
414.0 10.2441297312
416.0 11.264788656
418.0 12.280849152
420.0 13.308606
422.0 14.357832864
424.0 15.4367652576
426.0 16.5593266464
428.0 17.7276319872
430.0 18.936474
432.0 20.1817028832
434.0 21.4565411616
436.0 22.7493886176
438.0 24.0576816672
440.0 25.365462
442.0 26.6607608832
444.0 27.9688456416
446.0 29.3493676704
448.0 30.7935466944
450.0 32.19501
452.0 33.4970863584
454.0 34.7228960928
456.0 35.930472336
458.0 37.1087275872
460.0 38.223438
462.0 39.2524445952
464.0 40.183137744
466.0 41.0006486592
468.0 41.693409168
470.0 42.229038
472.0 42.591624912
474.0 42.7954458624
476.0 42.8738755104
478.0 42.833002368
480.0 42.679668
482.0 42.421467024
484.0 42.0639431904
486.0 41.6094037248
488.0 41.0627514816
490.0 40.436532
492.0 39.7420250496
494.0 38.970001728
496.0 38.0918620512
498.0 37.1181487584
500.0 36.130512
502.0 35.1702254784
504.0 34.221523152
506.0 33.2467523808
508.0 32.2497905856
510.0 31.19361
512.0 30.0621722016
514.0 28.9037206368
516.0 27.814245504
518.0 26.7973999104
520.0 25.816092
522.0 24.8551645824
524.0 23.8853607552
526.0 22.8401074464
528.0 21.7211350752
530.0 20.638854
532.0 19.6463143872
534.0 18.7207484064
536.0 17.8154187168
538.0 16.9304214528
540.0 16.0224
542.0 15.0693395808
544.0 14.1102387168
546.0 13.2286702464
548.0 12.4283834112
550.0 11.656296
552.0 10.8884705472
554.0 10.1364752256
556.0 9.4195048704
558.0 8.7361495104
560.0 8.091312
562.0 7.4884852224
564.0 6.9151396608
566.0 6.3433803168
568.0 5.7733674144
570.0 5.247336
572.0 4.7859870144
574.0 4.370670384
576.0 3.9622754304
578.0 3.560417616
580.0 3.194466
582.0 2.877783264
584.0 2.5980962496
586.0 2.3318360064
588.0 2.0782334592
590.0 1.85259
592.0 1.6609300512
594.0 1.4971010112
596.0 1.3510568352
598.0 1.2208748352
600.0 1.10154
602.0 0.9898318272
604.0 0.8872083552
606.0 0.7986044832
608.0 0.7233793152
610.0 0.660924
612.0 0.6105015072
614.0 0.5694521184
616.0 0.533065248
618.0 0.5001231936
620.0 0.470658
622.0 0.4442851296
624.0 0.4208764032
626.0 0.4011848736
628.0 0.3849862272
630.0 0.370518
632.0 0.3567066912
634.0 0.344721936
636.0 0.337431744
638.0 0.3346758912
640.0 0.330462
642.0 0.3218579712
644.0 0.3125329344
646.0 0.310113552
648.0 0.3143434656
650.0 0.320448
652.0 0.3262801536
654.0 0.3303338208
656.0 0.3291962304
658.0 0.322771248
660.0 0.320448
662.0 0.326937072
664.0 0.3374637888
666.0 0.3418859712
668.0 0.3404599776
670.0 0.340476
672.0 0.3453468096
674.0 0.354575712
676.0 0.3673295424
678.0 0.3835442112
680.0 0.40056
682.0 0.4170310272
684.0 0.4328932032
686.0 0.44822664
688.0 0.4633838304
690.0 0.480672
692.0 0.5014370304
694.0 0.5263839072
696.0 0.5564419296
698.0 0.591707232
700.0 0.630882
702.0 0.674382816
704.0 0.7199344992
706.0 0.761064
708.0 0.7995658272
710.0 0.861204
712.0 0.9591489312
714.0 1.0813197312
716.0 1.2011352384
718.0 1.319524752
720.0 1.45203
722.0 1.60704672
724.0 1.7851517184
726.0 1.9860405696
728.0 2.2117641408
730.0 2.473458
732.0 2.7784764288
734.0 3.1150109184
736.0 3.4549581792
738.0 3.80171496
740.0 4.20588
742.0 4.692480288
744.0 5.24693544
746.0 5.8373929248
748.0 6.4640450112
750.0 7.129968
752.0 7.8347613312
754.0 8.5846256736
756.0 9.3959038752
758.0 10.2665771136
760.0 11.16561
762.0 12.0760668576
764.0 13.0070964768
766.0 13.9818512256
768.0 15.0005233728
770.0 16.0224
772.0 17.029493165
774.0 18.0577786756
776.0 19.1787943244
778.0 20.397287035
780.0 21.660282
