380.0 0.931302
382.0 1.24423227459
384.0 1.60324159166
386.0 2.04936845397
388.0 2.62756604293
390.0 3.40476
392.0 4.4153408352
394.0 5.6727948096
396.0 7.1891227008
398.0 8.948590512
400.0 10.805106
402.0 12.666988992
404.0 14.5666367808
406.0 16.608980064
408.0 18.7502456448
410.0 20.799078
412.0 22.6528216128
414.0 24.2910479232
416.0 25.7006185632
418.0 26.8824948768
420.0 27.919032
422.0 28.8624629568
424.0 29.75399736
426.0 30.6560745024
428.0 31.5857742624
430.0 32.525472
432.0 33.4643205504
434.0 34.386153312
436.0 35.2563458784
438.0 36.060253776
440.0 36.791436
442.0 37.441624992
444.0 37.989350736
446.0 38.4033214848
448.0 38.6814863712
450.0 38.844306
452.0 38.9032363872
454.0 38.8728739392
456.0 38.7810495648
458.0 38.6302307136
460.0 38.40369
462.0 38.0950024416
464.0 37.6911418272
466.0 37.1620661568
468.0 36.511524672
470.0 35.80005
472.0 35.06061624
474.0 34.2823602048
476.0 33.43594488
478.0 32.5288687488
480.0 31.584156
482.0 30.6161947488
484.0 29.6298878496
486.0 28.628583984
488.0 27.6186280224
490.0 26.617212
492.0 25.6375383744
494.0 24.6678146592
496.0 23.6740413216
498.0 22.664005248
500.0 21.720366
502.0 20.883355824
504.0 20.1267460512
506.0 19.394153856
508.0 18.6848101632
510.0 17.985144
512.0 17.2874165472
514.0 16.617151488
516.0 16.0299145056
518.0 15.5260901376
520.0 15.07107
522.0 14.6487035136
524.0 14.2489927008
526.0 13.8498266496
528.0 13.4504362848
530.0 13.098312
532.0 12.8168304768
534.0 12.5911069056
536.0 12.3897534048
538.0 12.2132186016
540.0 12.06687
542.0 11.9522137056
544.0 11.8753702752
546.0 11.8510002048
548.0 11.877885792
550.0 11.936688
552.0 12.016719888
554.0 12.11774112
556.0 12.2416583616
558.0 12.3854914464
560.0 12.547542
562.0 12.7251663264
564.0 12.9168102528
566.0 13.1226980928
568.0 13.3383435744
570.0 13.548942
572.0 13.7442710784
574.0 13.9237219584
576.0 14.0921974944
578.0 14.2445705184
580.0 14.360076
582.0 14.4279468864
584.0 14.4515158368
586.0 14.4402200448
588.0 14.3945401824
590.0 14.32002
592.0 14.2203766944
594.0 14.0943284736
596.0 13.9372769088
598.0 13.7509524192
600.0 13.538928
602.0 13.3052893632
604.0 13.0521354432
606.0 12.7795783968
608.0 12.4923288096
610.0 12.21708
612.0 11.9681559936
614.0 11.735526768
616.0 11.4949023648
618.0 11.2475966208
620.0 11.005386
622.0 10.7738943648
624.0 10.556117904
626.0 10.358321376
628.0 10.1811456768
630.0 10.014
632.0 9.8520455808
634.0 9.6971089728
636.0 9.5523786336
638.0 9.41836728
640.0 9.303006
642.0 9.210236304
644.0 9.136052592
646.0 9.0717547008
648.0 9.0168940032
650.0 8.972544
652.0 8.9392654752
654.0 8.9179396608
656.0 8.9106014016
658.0 8.9182440864
660.0 8.942502
662.0 8.9840961504
664.0 9.0444525312
666.0 9.1262949504
668.0 9.2287902432
670.0 9.343062
672.0 9.4653609792
674.0 9.595655136
676.0 9.733127328
678.0 9.8785786752
680.0 10.054056
682.0 10.2700860192
684.0 10.5132900288
686.0 10.7558050752
688.0 10.9958046048
690.0 11.245722
692.0 11.5138889088
694.0 11.791845504
696.0 12.0585703968
698.0 12.317300112
700.0 12.647682
702.0 13.091422368
704.0 13.5924908832
706.0 14.0281559616
708.0 14.3978728416
710.0 14.850762
712.0 15.4572739296
714.0 16.1441061504
716.0 16.7634039552
718.0 17.3135971488
720.0 17.885004
722.0 18.5219264448
724.0 19.2043845504
726.0 19.8914410848
728.0 20.5871977824
730.0 21.359862
732.0 22.2431128224
734.0 23.187056496
736.0 24.0868584576
738.0 24.9435441408
740.0 25.856148
742.0 26.8703178528
744.0 27.9657533184
746.0 29.1044172192
748.0 30.282656448
750.0 31.474002
752.0 32.659499376
754.0 33.8492266656
756.0 35.076398304
758.0 36.3358230336
760.0 37.5525
762.0 38.6899141536
764.0 39.7891629504
766.0 40.9370877984
768.0 42.1368931776
770.0 43.330578
772.0 44.4937606192
774.0 45.6477574202
776.0 46.8301574133
778.0 48.0518858821
780.0 49.288908
