380.0 1.321848
382.0 1.56476835946
384.0 1.85986884599
386.0 2.2556432081
388.0 2.78493353266
390.0 3.474858
392.0 4.3350045216
394.0 5.3631939744
396.0 6.551078688
398.0 7.87340736
400.0 9.21288
402.0 10.491948192
404.0 11.7154827456
406.0 12.9345951168
408.0 14.1146448768
410.0 15.111126
412.0 15.8520338208
414.0 16.3503464832
416.0 16.6466006592
418.0 16.7561778528
420.0 16.753422
422.0 16.6889638848
424.0 16.5926692608
426.0 16.496342592
428.0 16.4185378176
430.0 16.362876
432.0 16.3329782016
434.0 16.3209293568
436.0 16.3027599552
438.0 16.2769638912
440.0 16.252722
442.0 16.2345846432
444.0 16.2201805056
446.0 16.2052636512
448.0 16.1926219776
450.0 16.192638
452.0 16.2117687456
454.0 16.2529463136
456.0 16.3190707584
458.0 16.4117763648
460.0 16.533114
462.0 16.6827952608
464.0 16.85796816
466.0 17.0542746048
468.0 17.267580816
470.0 17.484444
472.0 17.696660688
474.0 17.9032054464
476.0 18.1059368736
478.0 18.3030604608
480.0 18.495858
482.0 18.6842333568
484.0 18.8671931424
486.0 19.0441124832
488.0 19.213100736
490.0 19.367076
492.0 19.501343712
494.0 19.616144208
496.0 19.7146979904
498.0 19.7958194016
500.0 19.847748
502.0 19.8658372896
504.0 19.8572332608
506.0 19.8353466624
508.0 19.803125616
510.0 19.767636
512.0 19.733748624
514.0 19.6987717248
516.0 19.6537808256
518.0 19.5999295392
520.0 19.547328
522.0 19.5021127872
524.0 19.460486592
526.0 19.4126276832
528.0 19.36266984
530.0 19.32702
532.0 19.317006
534.0 19.3363290144
536.0 19.3860304992
538.0 19.4719105632
540.0 19.617426
542.0 19.8349781472
544.0 20.1144088032
546.0 20.431684368
548.0 20.7881186784
550.0 21.189624
552.0 21.6397893504
554.0 22.1483563488
556.0 22.7346960768
558.0 23.4040959264
560.0 24.13374
562.0 24.9110026464
564.0 25.7661982464
566.0 26.7632721984
568.0 27.8983791264
570.0 29.060628
572.0 30.1911044544
574.0 31.3365778752
576.0 32.603501088
578.0 33.9840551616
580.0 35.34942
582.0 36.6327181056
584.0 37.8856377408
586.0 39.2235882528
588.0 40.6367959776
590.0 41.998716
592.0 43.2485272896
594.0 44.4162878688
596.0 45.5645171424
598.0 46.690555392
600.0 47.81685
602.0 48.955161408
604.0 50.0661065568
606.0 51.0661766976
608.0 51.9520391712
610.0 52.793808
612.0 53.6251782912
614.0 54.4285093824
616.0 55.1696254944
618.0 55.8542946912
620.0 56.488974
622.0 57.0788867232
624.0 57.6479703264
626.0 58.2413118432
628.0 58.8640704864
630.0 59.48316
632.0 60.0838557984
634.0 60.672262416
636.0 61.2570639936
638.0 61.8365621568
640.0 62.427276
642.0 63.0351979008
644.0 63.640812576
646.0 64.2077011104
648.0 64.7337165024
650.0 65.211168
652.0 65.6359378464
654.0 66.0375553248
656.0 66.4785238176
658.0 66.9601571616
660.0 67.424262
662.0 67.8440328576
664.0 68.225542224
666.0 68.5781632032
668.0 68.9009024064
670.0 69.236796
672.0 69.6072499104
674.0 69.9784248288
676.0 70.279373568
678.0 70.5103845312
680.0 70.718868
682.0 70.9271271552
684.0 71.1390073728
686.0 71.3641381152
688.0 71.6045382048
690.0 71.820408
692.0 71.9954847648
694.0 72.1454864736
696.0 72.297314736
698.0 72.4549110624
700.0 72.671598
702.0 72.9718737984
704.0 73.3114685664
706.0 73.599535296
708.0 73.8300495648
710.0 74.023488
712.0 74.1886308768
714.0 74.340411072
716.0 74.514254112
718.0 74.7151269408
720.0 74.914734
722.0 75.1002253248
724.0 75.2846431488
726.0 75.491780736
728.0 75.7192026816
730.0 75.95619
732.0 76.1958690816
734.0 76.4250214464
736.0 76.6199499648
738.0 76.7794689792
740.0 76.90752
742.0 77.0110727712
744.0 77.1056209536
746.0 77.2144611168
748.0 77.3441304
750.0 77.55843
752.0 77.882963712
754.0 78.2609161056
756.0 78.5819248896
758.0 78.83381304
760.0 78.990432
762.0 79.036015728
764.0 79.0240149504
766.0 79.0748860704
768.0 79.1947176
770.0 79.280838
772.0 79.2893961848
774.0 79.2501490477
776.0 79.2155381338
778.0 79.2096761586
780.0 79.21074
