380.0 0.991386
382.0 1.23368209915
384.0 1.51965756057
386.0 1.89045468765
388.0 2.37696344098
390.0 3.014214
392.0 3.8169843072
394.0 4.7918031456
396.0 5.9466656928
398.0 7.260871008
400.0 8.602026
402.0 9.887583264
404.0 11.1363851424
406.0 12.4231440864
408.0 13.714853952
410.0 14.87079
412.0 15.818595072
414.0 16.557307824
416.0 17.101428528
418.0 17.459288832
420.0 17.694738
422.0 17.851116624
424.0 17.9617032288
426.0 18.0712003104
428.0 18.1976170464
430.0 18.335634
432.0 18.4845782304
434.0 18.6408286752
436.0 18.7891960992
438.0 18.9277578144
440.0 19.056642
442.0 19.1762652384
444.0 19.2861468576
446.0 19.3856459616
448.0 19.4782874784
450.0 19.57737
452.0 19.6909047264
454.0 19.8230574816
456.0 19.978651008
458.0 20.158422336
460.0 20.358462
462.0 20.57516496
464.0 20.8034521152
466.0 21.0354564672
468.0 21.267172416
470.0 21.490044
472.0 21.698575536
474.0 21.8946416448
476.0 22.085436384
478.0 22.2696459168
480.0 22.441374
482.0 22.5971437728
484.0 22.7371314816
486.0 22.8628111872
488.0 22.9720038432
490.0 23.062242
492.0 23.1314267232
494.0 23.1741905088
496.0 23.1815768352
498.0 23.1528807168
500.0 23.092284
502.0 23.0032315008
504.0 22.8882066912
506.0 22.7503018944
508.0 22.5933304416
510.0 22.43136
512.0 22.2724818816
514.0 22.1136998976
516.0 21.9455928768
518.0 21.7689298944
520.0 21.590184
522.0 21.4133127264
524.0 21.234006048
526.0 21.0421858752
528.0 20.8411848672
530.0 20.648868
532.0 20.4762747072
534.0 20.3256641472
536.0 20.19703632
538.0 20.0950697664
540.0 20.028
542.0 20.0002171584
544.0 20.0141886912
546.0 20.072942832
548.0 20.1745889376
550.0 20.308392
552.0 20.4678789696
554.0 20.6464486176
556.0 20.8332537792
558.0 21.027076752
560.0 21.239694
562.0 21.47482272
564.0 21.7360519296
566.0 22.03400448
568.0 22.3631686656
570.0 22.68171
572.0 22.9651302336
574.0 23.2189891392
576.0 23.4633467616
578.0 23.6917300512
580.0 23.873376
582.0 23.9927909472
584.0 24.056592144
586.0 24.0809622144
588.0 24.0663177408
590.0 24.013572
592.0 23.9245195008
594.0 23.79967296
596.0 23.6375102496
598.0 23.4398579232
600.0 23.212452
602.0 22.9610284992
604.0 22.683632688
606.0 22.371035664
608.0 22.0294861632
610.0 21.700338
612.0 21.4056540192
614.0 21.1352599968
616.0 20.862927264
618.0 20.589745344
620.0 20.32842
622.0 20.084398848
624.0 19.8524906304
626.0 19.6234504224
628.0 19.398239568
630.0 19.17681
632.0 18.959866704
634.0 18.7564463136
636.0 18.583820976
638.0 18.4433686176
640.0 18.32562
642.0 18.2257844256
644.0 18.1422115872
646.0 18.0714086016
648.0 18.0121898112
650.0 17.965116
652.0 17.9303954592
654.0 17.9093260032
656.0 17.9051601792
658.0 17.9191797792
660.0 17.945088
662.0 17.9807859072
664.0 18.035133888
666.0 18.1244107008
668.0 18.2494495104
670.0 18.405732
672.0 18.5915277504
674.0 18.799722816
676.0 19.0143268416
678.0 19.2341221248
680.0 19.487244
682.0 19.7858534688
684.0 20.1141043776
686.0 20.441858592
688.0 20.7658475424
690.0 21.089484
692.0 21.4190807904
694.0 21.7465946688
696.0 22.0479760128
698.0 22.3289928864
700.0 22.73178
702.0 23.3274287424
704.0 24.0149499264
706.0 24.5792268096
708.0 25.0159012992
710.0 25.515672
712.0 26.1693538752
714.0 26.9042052288
716.0 27.574790736
718.0 28.183641936
720.0 28.84032
722.0 29.597618736
724.0 30.4179015264
726.0 31.2240044928
728.0 32.0165044416
730.0 32.875962
732.0 33.8405745696
734.0 34.858814112
736.0 35.8261985568
738.0 36.7437212928
740.0 37.70271
742.0 38.7452395008
744.0 39.855960336
746.0 41.0067211488
748.0 42.193548384
750.0 43.390662
752.0 44.580966096
754.0 45.7634512608
756.0 46.9453275744
758.0 48.1205706144
760.0 49.278894
762.0 50.4139368384
764.0 51.5213250144
766.0 52.5962197632
768.0 53.6402553696
770.0 54.646398
772.0 55.6144573022
774.0 56.5698741641
776.0 57.5597397227
778.0 58.5919687368
780.0 59.643384
