380.0 3.30176
382.0 3.30706130189
384.0 3.31312361903
386.0 3.31895618291
388.0 3.31625958131
390.0 3.30176
392.0 3.28232589204
394.0 3.26016688775
396.0 3.24653704893
398.0 3.25735009011
400.0 3.30176
402.0 3.3789837312
404.0 3.4920044544
406.0 3.6255256576
408.0 3.7547102208
410.0 3.863552
412.0 3.9548264448
414.0 4.0280446976
416.0 4.0858875904
418.0 4.1346629632
420.0 4.178944
422.0 4.2175322112
424.0 4.2498914304
426.0 4.2810679296
428.0 4.3181580288
430.0 4.366208
432.0 4.4264951808
434.0 4.5014480896
436.0 4.5901993984
438.0 4.6899894272
440.0 4.799872
442.0 4.923032576
444.0 5.0623412224
446.0 5.2197849088
448.0 5.3974925312
450.0 5.598208
452.0 5.8265202688
454.0 6.0882956288
456.0 6.3850006528
458.0 6.7166353408
460.0 7.086464
462.0 7.4997536768
464.0 7.9580971008
466.0 8.4840132608
468.0 9.1095932928
470.0 9.856
472.0 10.7231387648
474.0 11.7142581248
476.0 12.8241225728
478.0 14.0408260608
480.0 15.355648
482.0 16.7679576064
484.0 18.2733867008
486.0 19.8698852352
488.0 21.5566647296
490.0 23.329152
492.0 25.1773175808
494.0 27.0917312512
496.0 29.0554249216
498.0 31.046951936
500.0 33.047168
502.0 35.0455547904
504.0 37.0320828416
506.0 38.9836812288
508.0 40.872358912
510.0 42.67648
512.0 44.3898312704
514.0 46.0080918528
516.0 47.5150190592
518.0 48.8916105216
520.0 50.127616
522.0 51.2237924352
524.0 52.1780897792
526.0 53.0135631872
528.0 53.7667192832
530.0 54.464256
532.0 55.106630656
534.0 55.6959721472
536.0 56.2509359104
538.0 56.7946244096
540.0 57.342208
542.0 57.896982528
544.0 58.4652242944
546.0 59.0352795648
548.0 59.5855439872
550.0 60.101888
552.0 60.5886009344
554.0 61.0474805248
556.0 61.4748997632
558.0 61.8667585536
560.0 62.220928
562.0 62.53750272
564.0 62.8158676992
566.0 63.0619838464
568.0 63.2852340736
570.0 63.492352
572.0 63.6837791744
574.0 63.8609506304
576.0 64.0262948864
578.0 64.1820196864
580.0 64.330112
582.0 64.4721487872
584.0 64.6092969984
586.0 64.7434489856
588.0 64.8766547968
590.0 65.010176
592.0 65.144927232
594.0 65.2826116096
596.0 65.4196652032
598.0 65.5500955648
600.0 65.670528
602.0 65.7827917824
604.0 65.8878646272
606.0 65.988521984
608.0 66.0890216448
610.0 66.192896
612.0 66.3012804608
614.0 66.415562752
616.0 66.5394644992
618.0 66.6775588864
620.0 66.833536
622.0 67.0084366336
624.0 67.2027338752
626.0 67.4206855168
628.0 67.6678109184
630.0 67.947264
632.0 68.2581932032
634.0 68.6000939008
636.0 68.9695913984
638.0 69.361324032
640.0 69.770624
642.0 70.1959458816
644.0 70.6356496384
646.0 71.0830804992
648.0 71.529565184
650.0 71.968512
652.0 72.3979497472
654.0 72.8156076032
656.0 73.2184420352
658.0 73.6036933632
660.0 73.96928
662.0 74.3138299904
664.0 74.6362079232
666.0 74.93674496
668.0 75.2167026688
670.0 75.477248
672.0 75.7182705664
674.0 75.939612672
676.0 76.1444755456
678.0 76.3375112192
680.0 76.521984
682.0 76.6974523392
684.0 76.8631750656
686.0 77.021801472
688.0 77.1769585664
690.0 77.330176
692.0 77.4816903168
694.0 77.63413504
696.0 77.7766449152
698.0 77.8921887744
700.0 77.970816
702.0 78.0147974144
704.0 78.0227295232
706.0 78.006376448
708.0 77.9848982528
710.0 77.970816
712.0 77.962615808
714.0 77.961590784
716.0 77.96569088
718.0 77.969790976
720.0 77.970816
722.0 77.970816
724.0 77.970816
726.0 77.970816
728.0 77.970816
730.0 77.970816
732.0 77.970816
734.0 77.970816
736.0 77.970816
738.0 77.970816
740.0 77.970816
742.0 77.970816
744.0 77.970816
746.0 77.970816
748.0 77.970816
750.0 77.970816
