380.0 2.799104
382.0 2.80533970728
384.0 2.81222415629
386.0 2.81837633752
388.0 2.81511203032
390.0 2.799104
392.0 2.77741438653
394.0 2.75230246804
396.0 2.73660703798
398.0 2.74858725592
400.0 2.799104
402.0 2.887177216
404.0 3.0153682944
406.0 3.1702888448
408.0 3.3297825792
410.0 3.479168
412.0 3.6198012928
414.0 3.7495851008
416.0 3.8700648448
418.0 3.9861291008
420.0 4.100096
422.0 4.208590848
424.0 4.3096424448
426.0 4.4001284096
428.0 4.4758697984
430.0 4.53376
432.0 4.5735940096
434.0 4.5955137536
436.0 4.5966964736
438.0 4.5734363136
440.0 4.523904
442.0 4.4490299392
444.0 4.3491926016
446.0 4.228854784
448.0 4.0947974144
450.0 3.952256
452.0 3.80205056
454.0 3.645221888
456.0 3.486343168
458.0 3.331091456
460.0 3.183488
462.0 3.0448574464
464.0 2.917139456
466.0 2.7991986176
468.0 2.6881175552
470.0 2.582272
472.0 2.4827815936
474.0 2.3898198016
476.0 2.3049793536
478.0 2.2307045376
480.0 2.16832
482.0 2.1172107264
484.0 2.0771874816
486.0 2.0463106048
488.0 2.021583872
490.0 2.000768
492.0 1.9837999104
494.0 1.9706165248
496.0 1.9591677952
498.0 1.9467728896
500.0 1.931776
502.0 1.9139878912
504.0 1.8926989312
506.0 1.8699907072
508.0 1.8494113792
510.0 1.833216
512.0 1.8207895552
514.0 1.8119585792
516.0 1.8065180672
518.0 1.8039160832
520.0 1.803648
522.0 1.8058084352
524.0 1.8106181632
526.0 1.8165317632
528.0 1.8212626432
530.0 1.82336
532.0 1.8229026816
534.0 1.8196068352
536.0 1.8143397888
538.0 1.8086785024
540.0 1.803648
542.0 1.7992482816
544.0 1.7959682048
546.0 1.793082368
548.0 1.7892503552
550.0 1.783936
552.0 1.7782116352
554.0 1.773054976
556.0 1.7696329728
558.0 1.7694437376
560.0 1.77408
562.0 1.7851502592
564.0 1.8045626368
566.0 1.8341464064
568.0 1.87579392
570.0 1.931776
572.0 2.0036222976
574.0 2.0917428224
576.0 2.2032812032
578.0 2.348251136
580.0 2.532992
582.0 2.7561003008
584.0 3.0162829312
586.0 3.3132087296
588.0 3.645773824
590.0 4.011392
592.0 4.4079028224
594.0 4.8344231936
596.0 5.2773439488
598.0 5.717189632
600.0 6.140288
602.0 6.546039808
604.0 6.9329154048
606.0 7.2968462336
608.0 7.6343629824
610.0 7.943936
612.0 8.2249975808
614.0 8.4763334656
616.0 8.7067746304
618.0 8.9301194752
620.0 9.156224
622.0 9.3856401408
624.0 9.6203075584
626.0 9.863648256
628.0 10.1187373056
630.0 10.388224
632.0 10.6754357248
634.0 10.984472576
636.0 11.3133002752
638.0 11.6571879424
640.0 12.014464
642.0 12.3891023872
644.0 12.7838154752
646.0 13.2052580352
648.0 13.6625764352
650.0 14.163072
652.0 14.7085582336
654.0 15.3005647872
656.0 15.9465822208
658.0 16.6560722944
660.0 17.435264
662.0 18.2857027584
664.0 19.2104951808
666.0 20.2042796032
668.0 21.2572000256
670.0 22.363264
672.0 23.5228499968
674.0 24.7326779392
676.0 26.0008534016
678.0 27.341017088
680.0 28.759808
682.0 30.238681088
684.0 31.7489514496
686.0 33.3157558272
688.0 34.9835644928
690.0 36.76288
692.0 38.6389262336
694.0 40.6356099072
696.0 42.5715017728
698.0 44.1711857664
700.0 45.268608
702.0 45.8874544128
704.0 45.9971319808
706.0 45.7625591808
708.0 45.4599405568
710.0 45.268608
712.0 45.1597346816
714.0 45.1461255168
716.0 45.200562176
718.0 45.2549988352
720.0 45.268608
722.0 45.268608
724.0 45.268608
726.0 45.268608
728.0 45.268608
730.0 45.268608
732.0 45.268608
734.0 45.268608
736.0 45.268608
738.0 45.268608
740.0 45.268608
742.0 45.268608
744.0 45.268608
746.0 45.268608
748.0 45.268608
750.0 45.268608
