380.0 4.996992
382.0 5.0103474176
384.0 5.0256955392
386.0 5.0406064128
388.0 5.0338412544
390.0 4.996992
392.0 4.9475815424
394.0 4.8910962688
396.0 4.8562870272
398.0 4.8838465536
400.0 4.996992
402.0 5.1933077504
404.0 5.4800463872
406.0 5.817168896
408.0 6.1399410688
410.0 6.4064
412.0 6.6222385152
414.0 6.783845376
416.0 6.8998780928
418.0 6.9899698176
420.0 7.066752
422.0 7.1244529664
424.0 7.1604707328
426.0 7.1790630912
428.0 7.1859070976
430.0 7.185024
432.0 7.1773599744
434.0 7.1644762112
436.0 7.14599424
438.0 7.1202582528
440.0 7.086464
442.0 7.0459676672
444.0 6.9997312
446.0 6.9481330688
448.0 6.8914886656
450.0 6.830208
452.0 6.7648114688
454.0 6.6957406208
456.0 6.6238312448
458.0 6.5501083648
460.0 6.475392
462.0 6.4002340864
464.0 6.3253915648
466.0 6.2507855872
468.0 6.1759430656
470.0 6.100864
472.0 6.026116096
474.0 5.9517939712
476.0 5.8800738304
478.0 5.8141095936
480.0 5.755904
482.0 5.7051574272
484.0 5.6618225664
486.0 5.6253474816
488.0 5.5946283008
490.0 5.56864
492.0 5.5476506624
494.0 5.5324645376
496.0 5.5194073088
498.0 5.502959616
500.0 5.479936
502.0 5.4509514752
504.0 5.4154067968
506.0 5.3777332224
508.0 5.34510592
510.0 5.32224
512.0 5.3083469824
514.0 5.3033795584
516.0 5.3075585024
518.0 5.3205684224
520.0 5.341952
522.0 5.3718984704
524.0 5.4107705344
526.0 5.4557927424
528.0 5.5027861504
530.0 5.548928
532.0 5.5946283008
534.0 5.6402182144
536.0 5.684625408
538.0 5.7265883136
540.0 5.76576
542.0 5.8027870208
544.0 5.837984768
546.0 5.8748383232
548.0 5.9184728064
550.0 5.972736
552.0 6.0379748352
554.0 6.1145362432
556.0 6.2056056832
558.0 6.3152044032
560.0 6.445824
562.0 6.59721216
564.0 6.7692111872
566.0 6.9605279744
568.0 7.1688759296
570.0 7.392
572.0 7.6290013184
574.0 7.8791071744
576.0 8.1374132224
578.0 8.3972173824
580.0 8.653568
582.0 8.9049669632
584.0 9.1491119104
586.0 9.3854509056
588.0 9.6146147328
590.0 9.836288
592.0 10.0484837376
594.0 10.2500980736
596.0 10.4375986176
598.0 10.6062544896
600.0 10.752896
602.0 10.8781539328
604.0 10.9831479296
606.0 11.0659856384
608.0 11.1240650752
610.0 11.156992
612.0 11.1674945536
614.0 11.1579224064
616.0 11.1352614912
618.0 11.109210112
620.0 11.088
622.0 11.0756681728
624.0 11.0770716672
626.0 11.0992121856
628.0 11.149737984
630.0 11.23584
632.0 11.3640941568
634.0 11.5417860096
636.0 11.7738829824
638.0 12.0643274752
640.0 12.41856
642.0 12.842604544
644.0 13.3400408064
646.0 13.9265753088
648.0 14.6232604672
650.0 15.444352
652.0 16.3889352704
654.0 17.4554963968
656.0 18.6484508672
658.0 19.9724507136
660.0 21.426944
662.0 23.0073417728
664.0 24.7115466752
666.0 26.5133654016
668.0 28.374714368
670.0 30.267776
672.0 32.1859743744
674.0 34.1173876736
676.0 36.0586569728
678.0 38.012463104
680.0 39.975936
682.0 41.9283544064
684.0 43.8450546688
686.0 45.7295060992
688.0 47.5949551616
690.0 49.437696
692.0 51.2482983936
694.0 53.0436831232
696.0 54.7035281408
698.0 56.0467195904
700.0 56.96768
702.0 57.4851121152
704.0 57.5784050688
706.0 57.3859528704
708.0 57.1332608
710.0 56.96768
712.0 56.8712962048
714.0 56.8592482304
716.0 56.907440128
718.0 56.9556320256
720.0 56.96768
722.0 56.96768
724.0 56.96768
726.0 56.96768
728.0 56.96768
730.0 56.96768
732.0 56.96768
734.0 56.96768
736.0 56.96768
738.0 56.96768
740.0 56.96768
742.0 56.96768
744.0 56.96768
746.0 56.96768
748.0 56.96768
750.0 56.96768
