380.0 12.576256
382.0 12.6845815323
384.0 12.8069088094
386.0 12.9216376293
388.0 12.8659551717
390.0 12.576256
392.0 12.1857044264
394.0 11.7357305101
396.0 11.4561678713
398.0 11.6732687845
400.0 12.576256
402.0 14.1447950336
404.0 16.4291319808
406.0 19.144846336
408.0 21.8287849472
410.0 24.176768
412.0 26.2267529216
414.0 27.9535872
416.0 29.3857665024
418.0 30.6145968128
420.0 31.696896
422.0 32.5910165504
424.0 33.2736036864
426.0 33.7731846144
428.0 34.1339142144
430.0 34.387584
432.0 34.5374582784
434.0 34.5918633984
436.0 34.5604030464
438.0 34.4502523904
440.0 34.269312
442.0 34.0277848064
444.0 33.7343913984
446.0 33.3982623744
448.0 33.0286229504
450.0 32.633216
452.0 32.217529344
454.0 31.7866881024
456.0 31.3444139008
458.0 30.8932298752
460.0 30.435328
462.0 29.9749660672
464.0 29.5174268928
466.0 29.0577588224
468.0 28.586578944
470.0 28.099456
472.0 27.6000958464
474.0 27.0890819584
476.0 26.5785411584
478.0 26.0866873344
480.0 25.6256
482.0 25.1945064448
484.0 24.7944474624
486.0 24.424587264
488.0 24.0816142336
490.0 23.762816
492.0 23.469974528
494.0 23.205676032
496.0 22.961010688
498.0 22.722337792
500.0 22.481536
502.0 22.24026112
504.0 21.997645824
506.0 21.76165376
508.0 21.545452544
510.0 21.357952
512.0 21.1983478784
514.0 21.067475968
516.0 20.9664874496
518.0 20.8956188672
520.0 20.855296
522.0 20.8469696512
524.0 20.8717910016
526.0 20.929570816
528.0 21.0195206144
530.0 21.14112
532.0 21.2953782272
534.0 21.483793408
536.0 21.7039054848
538.0 21.9516932096
540.0 22.22528
542.0 22.5267632128
544.0 22.8577671168
546.0 23.2218083328
548.0 23.6238542848
550.0 24.068352
552.0 24.5560426496
554.0 25.0863269888
556.0 25.669281792
558.0 26.3192573952
560.0 27.044864
562.0 27.8426796032
564.0 28.709266432
566.0 29.6428740608
568.0 30.6405851136
570.0 31.696896
572.0 32.806050816
574.0 33.9637444608
576.0 35.1480098816
578.0 36.3284905984
580.0 37.482368
582.0 38.6042646528
584.0 39.6871315456
586.0 40.7201665024
588.0 41.6930404352
590.0 42.597632
592.0 43.4292260864
594.0 44.1844322304
596.0 44.8602384384
598.0 45.4548312064
600.0 45.968384
602.0 46.402363392
604.0 46.7585828864
606.0 47.0462046208
608.0 47.2783962112
610.0 47.466496
612.0 47.6161652736
614.0 47.7343899648
616.0 47.83156224
618.0 47.9192727552
620.0 48.008576
622.0 48.1072621568
624.0 48.221938688
626.0 48.3681544192
628.0 48.5649905664
630.0 48.826624
632.0 49.1576752128
634.0 49.5633324032
636.0 50.0468914176
638.0 50.609298432
640.0 51.2512
642.0 51.9727065088
644.0 52.7709321216
646.0 53.6487942144
648.0 54.6110236672
650.0 55.656832
652.0 56.778208256
654.0 57.9687184384
656.0 59.2073259008
658.0 60.4650145792
660.0 61.718272
662.0 62.9619099648
664.0 64.1928849408
666.0 65.3819127808
668.0 66.4903579648
670.0 67.493888
672.0 68.3902162944
674.0 69.1707168768
676.0 69.8591229952
678.0 70.4969086976
680.0 71.11104
682.0 71.6945625088
684.0 72.2453000192
686.0 72.7662329856
688.0 73.25885952
690.0 73.72288
692.0 74.1619214336
694.0 74.5839159296
696.0 74.9656190976
698.0 75.2702877696
700.0 75.477248
702.0 75.5925868544
704.0 75.6136708096
706.0 75.5714398208
708.0 75.515173888
710.0 75.477248
712.0 75.4547920896
714.0 75.4519851008
716.0 75.463213056
718.0 75.4744410112
720.0 75.477248
722.0 75.477248
724.0 75.477248
726.0 75.477248
728.0 75.477248
730.0 75.477248
732.0 75.477248
734.0 75.477248
736.0 75.477248
738.0 75.477248
740.0 75.477248
742.0 75.477248
744.0 75.477248
746.0 75.477248
748.0 75.477248
750.0 75.477248
