380.0 10.309376
382.0 10.3775003702
384.0 10.4545814205
386.0 10.5271673802
388.0 10.492206177
390.0 10.309376
392.0 10.0631518801
394.0 9.78000901389
396.0 9.60441331065
398.0 9.74129223141
400.0 10.309376
402.0 11.2964425728
404.0 12.7353081856
406.0 14.4443858944
408.0 16.1280745472
410.0 17.59296
412.0 18.8632170496
414.0 19.9211679744
416.0 20.7931953152
418.0 21.550025728
420.0 22.235136
422.0 22.819636224
424.0 23.2881825792
426.0 23.6519399424
428.0 23.9277817856
430.0 24.127488
432.0 24.2529667072
434.0 24.3092168704
436.0 24.2941095936
438.0 24.2013370368
440.0 24.028928
442.0 23.7832691712
444.0 23.4688864256
446.0 23.09497344
448.0 22.6738305024
450.0 22.215424
452.0 21.7233967104
454.0 21.201596416
456.0 20.6584283136
458.0 20.1035907072
460.0 19.544448
462.0 18.9854629888
464.0 18.4325492736
466.0 17.8834202624
468.0 17.3316892672
470.0 16.774912
472.0 16.2170939392
474.0 15.6590393344
476.0 15.1122599936
478.0 14.5936293888
480.0 14.113792
482.0 13.6718331904
484.0 13.2691879936
486.0 12.8998955008
488.0 12.553153536
490.0 12.22144
492.0 11.9066630144
494.0 11.6104153088
496.0 11.3263101952
498.0 11.0454378496
500.0 10.762752
502.0 10.478820352
504.0 10.1921605632
506.0 9.9117297664
508.0 9.6519571456
510.0 9.422336
512.0 9.221037056
514.0 9.0473979904
516.0 8.9027749888
518.0 8.7880353792
520.0 8.702848
522.0 8.64686592
524.0 8.6205779968
526.0 8.6156578816
528.0 8.6196475904
530.0 8.624
532.0 8.6298032128
534.0 8.6381295616
536.0 8.6446424064
538.0 8.6439012352
540.0 8.633856
542.0 8.6176763904
544.0 8.5983586304
546.0 8.5839294464
548.0 8.5857429504
550.0 8.614144
552.0 8.6738950144
554.0 8.7693799424
556.0 8.9164314624
558.0 9.1355500544
560.0 9.442048
562.0 9.8384642048
564.0 10.3263913984
566.0 10.9165056
568.0 11.6215801856
570.0 12.448128
572.0 13.3923801088
574.0 14.450315264
576.0 15.6116989952
578.0 16.8613924864
580.0 18.18432
582.0 19.571414016
584.0 21.0136543232
586.0 22.4842799104
588.0 23.9486765056
590.0 25.3792
592.0 26.7669878784
594.0 28.1041711104
596.0 29.3663698944
598.0 30.5244104704
600.0 31.558912
602.0 32.467004416
604.0 33.2448241664
606.0 33.8997198848
608.0 34.4470669312
610.0 34.900096
612.0 35.2615194624
614.0 35.5357370368
616.0 35.7424607232
618.0 35.9078680576
620.0 36.053248
622.0 36.1870372864
624.0 36.3184453632
626.0 36.464361472
628.0 36.6436302848
630.0 36.871296
632.0 37.155700736
634.0 37.505391616
636.0 37.925809152
638.0 38.419791872
640.0 38.990336
642.0 39.6404850688
644.0 40.370018304
646.0 41.1860477952
648.0 42.0982718464
650.0 43.110144
652.0 44.2156244992
654.0 45.4097774592
656.0 46.6764705792
658.0 47.9927590912
660.0 49.339136
662.0 50.710460416
664.0 52.1036572672
666.0 53.4890481664
668.0 54.8267360256
670.0 56.090496
672.0 57.2768745472
674.0 58.3765202944
676.0 59.4055970816
678.0 60.3948556288
680.0 61.363456
682.0 62.3009114112
684.0 63.1985012736
686.0 64.063369216
688.0 64.9062385664
690.0 65.729664
692.0 66.5334562816
694.0 67.328780288
696.0 68.0633124864
698.0 68.6563125248
700.0 69.060992
702.0 69.287601152
704.0 69.3285863424
706.0 69.2445974528
708.0 69.1339579392
710.0 69.060992
712.0 69.0183510016
714.0 69.0130208768
716.0 69.034341376
718.0 69.0556618752
720.0 69.060992
722.0 69.060992
724.0 69.060992
726.0 69.060992
728.0 69.060992
730.0 69.060992
732.0 69.060992
734.0 69.060992
736.0 69.060992
738.0 69.060992
740.0 69.060992
742.0 69.060992
744.0 69.060992
746.0 69.060992
748.0 69.060992
750.0 69.060992
