380.0 2.444288
382.0 2.44613809853
384.0 2.44824020884
386.0 2.45023668547
388.0 2.44929050947
390.0 2.444288
392.0 2.43754547739
394.0 2.42976600926
396.0 2.42492919377
398.0 2.42868681027
400.0 2.444288
402.0 2.471332864
404.0 2.5106622464
406.0 2.5571667968
408.0 2.6025674752
410.0 2.641408
412.0 2.674366464
414.0 2.7010643968
416.0 2.7217698816
418.0 2.7377444864
420.0 2.749824
422.0 2.7573618688
424.0 2.7599323136
426.0 2.7585603584
428.0 2.7548229632
430.0 2.749824
432.0 2.743595008
434.0 2.7363252224
436.0 2.7282669568
438.0 2.7195779072
440.0 2.7104
442.0 2.7009540096
444.0 2.6914449408
446.0 2.681778176
448.0 2.6717171712
450.0 2.66112
452.0 2.6500970496
454.0 2.638727168
456.0 2.6269630464
458.0 2.6147258368
460.0 2.601984
462.0 2.5889110016
464.0 2.5757906944
466.0 2.5623549952
468.0 2.548130816
470.0 2.532992
472.0 2.5170962432
474.0 2.5002227712
476.0 2.4841377792
478.0 2.4715220992
480.0 2.464
482.0 2.4612560896
484.0 2.4634007552
486.0 2.4691724288
488.0 2.4764422144
490.0 2.483712
492.0 2.4912498688
494.0 2.4992923648
496.0 2.5066252288
498.0 2.5115926528
500.0 2.51328
502.0 2.511781888
504.0 2.5067829248
506.0 2.5002070016
508.0 2.4951291904
510.0 2.493568
512.0 2.4951764992
514.0 2.4998916096
516.0 2.507839488
518.0 2.5189412864
520.0 2.532992
522.0 2.550102016
524.0 2.570602496
526.0 2.592679936
528.0 2.613574656
530.0 2.631552
532.0 2.6468169728
534.0 2.6591488
536.0 2.6695094272
538.0 2.6796335104
540.0 2.690688
542.0 2.7025152
544.0 2.7152412672
546.0 2.7289923584
548.0 2.7437684736
550.0 2.75968
552.0 2.7768846336
554.0 2.7953035264
556.0 2.8158513152
558.0 2.839868416
560.0 2.868096
562.0 2.9003606016
564.0 2.9368041472
566.0 2.9760862208
568.0 3.0160779264
570.0 3.05536
572.0 3.0940585984
574.0 3.1320475648
576.0 3.1693268992
578.0 3.2061331456
580.0 3.242624
582.0 3.2784525312
584.0 3.3131456512
586.0 3.3475233792
588.0 3.3829261312
590.0 3.420032
592.0 3.4584782848
594.0 3.4982807552
596.0 3.5378466816
598.0 3.574731776
600.0 3.607296
602.0 3.6358705152
604.0 3.6607707136
606.0 3.681255424
608.0 3.6963784704
610.0 3.705856
612.0 3.710429184
614.0 3.710823424
616.0 3.708694528
618.0 3.706329088
620.0 3.705856
622.0 3.7087891456
624.0 3.716973568
626.0 3.7324908544
628.0 3.7575487488
630.0 3.79456
632.0 3.8466469888
634.0 3.9175471104
636.0 4.008868864
638.0 4.1214795776
640.0 4.257792
642.0 4.4220166144
644.0 4.617417728
646.0 4.8530313216
648.0 5.1407634432
650.0 5.489792
652.0 5.902324736
654.0 6.3803170816
656.0 6.9307707392
658.0 7.5619647488
660.0 8.27904
662.0 9.0830057472
664.0 9.9760381952
666.0 10.9515456512
668.0 11.9982528512
670.0 13.10848
672.0 14.2809970688
674.0 15.5110889472
676.0 16.8032342016
678.0 18.166421504
680.0 19.603584
682.0 21.0960820224
684.0 22.6163818496
686.0 24.1831231488
688.0 25.831472128
690.0 27.567232
692.0 29.3764151296
694.0 31.2803104768
696.0 33.112848384
698.0 34.6227402752
700.0 35.659008
702.0 36.2432559104
704.0 36.347035648
706.0 36.1261193216
708.0 35.8404687872
710.0 35.659008
712.0 35.5554332672
714.0 35.5424864256
716.0 35.594273792
718.0 35.6460611584
720.0 35.659008
722.0 35.659008
724.0 35.659008
726.0 35.659008
728.0 35.659008
730.0 35.659008
732.0 35.659008
734.0 35.659008
736.0 35.659008
738.0 35.659008
740.0 35.659008
742.0 35.659008
744.0 35.659008
746.0 35.659008
748.0 35.659008
750.0 35.659008
