380.0 3.489024
382.0 3.49520085423
384.0 3.50231664101
386.0 3.50926265937
388.0 3.50614027857
390.0 3.489024
392.0 3.46608632455
394.0 3.43988207832
396.0 3.42374623124
398.0 3.43654760017
400.0 3.489024
402.0 3.5800461312
404.0 3.7130153984
406.0 3.8690871296
408.0 4.0178259968
410.0 4.13952
412.0 4.2368657408
414.0 4.3081916416
416.0 4.3576766464
418.0 4.3947036672
420.0 4.425344
422.0 4.446948352
424.0 4.4583655424
426.0 4.4617402368
428.0 4.4599109632
430.0 4.454912
432.0 4.4472479744
434.0 4.4376915968
436.0 4.4262428672
438.0 4.4123498496
440.0 4.395776
442.0 4.3771994112
444.0 4.3571720192
446.0 4.3356465152
448.0 4.3123863552
450.0 4.28736
452.0 4.2608828416
454.0 4.2331441152
456.0 4.2047746048
458.0 4.1766416384
460.0 4.149376
462.0 4.1232142336
464.0 4.0985663488
466.0 4.07525888
468.0 4.0528187392
470.0 4.031104
472.0 4.0104142848
474.0 3.990733824
476.0 3.9733399552
478.0 3.9601250304
480.0 3.952256
482.0 3.9495120896
484.0 3.9518932992
486.0 3.9587688448
488.0 3.9690348544
490.0 3.981824
492.0 3.9973255168
494.0 4.0159336448
496.0 4.0358821888
498.0 4.0545691648
500.0 4.070528
502.0 4.0839636992
504.0 4.0943874048
506.0 4.1044957184
508.0 4.11862528
510.0 4.13952
512.0 4.166643712
514.0 4.2000594944
516.0 4.2389157888
518.0 4.2815567872
520.0 4.326784
522.0 4.3748339712
524.0 4.4258643968
526.0 4.4786294784
528.0 4.53139456
530.0 4.58304
532.0 4.6335342592
534.0 4.6826092544
536.0 4.7308957696
538.0 4.7795765248
540.0 4.82944
542.0 4.8802654208
544.0 4.9319581696
546.0 4.9848336384
548.0 5.0392860672
550.0 5.095552
552.0 5.1535998976
554.0 5.2134139904
556.0 5.2748050432
558.0 5.337457664
560.0 5.401088
562.0 5.4656172032
564.0 5.5309821952
566.0 5.5966625792
568.0 5.6619487232
570.0 5.726336
572.0 5.7898244096
574.0 5.8524454912
576.0 5.9138838528
578.0 5.9737452544
580.0 6.031872
582.0 6.088011776
584.0 6.1414391808
586.0 6.1940781056
588.0 6.2490036224
590.0 6.30784
592.0 6.3698460672
594.0 6.4350375936
596.0 6.500307968
598.0 6.5608474624
600.0 6.613376
602.0 6.6585401344
604.0 6.697033728
606.0 6.7268540416
608.0 6.7453202432
610.0 6.75136
612.0 6.746392576
614.0 6.7315849216
616.0 6.7107848192
618.0 6.6895116288
620.0 6.672512
622.0 6.662182912
624.0 6.6615048192
626.0 6.6747039744
628.0 6.7064324096
630.0 6.761216
632.0 6.8435963904
634.0 6.9587933184
636.0 7.1098660864
638.0 7.2990224384
640.0 7.529984
642.0 7.8077812736
644.0 8.1359151104
646.0 8.5261023232
648.0 8.993875968
650.0 9.550464
652.0 10.1969072128
654.0 10.9338048512
656.0 11.7673701376
658.0 12.70477824
660.0 13.74912
662.0 14.8991811584
664.0 16.1554978816
666.0 17.5035148288
668.0 18.920996864
670.0 20.392064
672.0 21.9130734592
674.0 23.4757777408
676.0 25.0825580544
678.0 26.741614592
680.0 28.454272
682.0 30.2002348032
684.0 31.9528208384
686.0 33.7217284096
688.0 35.5291138048
690.0 37.373952
692.0 39.244147712
694.0 41.1593025536
696.0 42.9697472512
698.0 44.4498976768
700.0 45.465728
702.0 46.0377387008
704.0 46.1399887872
706.0 45.9251910656
708.0 45.645659136
710.0 45.465728
712.0 45.3621532672
714.0 45.3492064256
716.0 45.400993792
718.0 45.4527811584
720.0 45.465728
722.0 45.465728
724.0 45.465728
726.0 45.465728
728.0 45.465728
730.0 45.465728
732.0 45.465728
734.0 45.465728
736.0 45.465728
738.0 45.465728
740.0 45.465728
742.0 45.465728
744.0 45.465728
746.0 45.465728
748.0 45.465728
750.0 45.465728
