380.0 10.033408
382.0 10.0908630663
384.0 10.1565358296
386.0 10.2196620665
388.0 10.1904252281
390.0 10.033408
392.0 9.82251714021
394.0 9.58084160674
396.0 9.43152914863
398.0 9.54903832253
400.0 10.033408
402.0 10.8741011456
404.0 12.100881408
406.0 13.5481206784
408.0 14.9474992128
410.0 16.124416
412.0 17.1022258176
414.0 17.8665467904
416.0 18.4469153792
418.0 18.91524096
420.0 19.31776
422.0 19.6312754176
424.0 19.8448115712
426.0 19.9772131328
428.0 20.0547364864
430.0 20.096384
432.0 20.1060980736
434.0 20.0903600128
436.0 20.05222912
438.0 19.9913900032
440.0 19.90912
442.0 19.8114588672
444.0 19.703247872
446.0 19.5869943808
448.0 19.4644330496
450.0 19.337472
452.0 19.2085870592
454.0 19.0796863488
456.0 18.9531510784
458.0 18.831504384
460.0 18.716544
462.0 18.609626112
464.0 18.5127061504
466.0 18.4235132928
468.0 18.3377897472
470.0 18.253312
472.0 18.1712470016
474.0 18.0913266688
476.0 18.018187264
478.0 17.9590039552
480.0 17.918208
482.0 17.8948847616
484.0 17.889113088
486.0 17.8985590784
488.0 17.9191226368
490.0 17.947776
492.0 17.9851657216
494.0 18.0322064384
496.0 18.0846876672
498.0 18.136538112
500.0 18.18432
502.0 18.2283644928
504.0 18.2673784832
506.0 18.3078117376
508.0 18.360072192
510.0 18.43072
512.0 18.5183358976
514.0 18.6228883456
516.0 18.7424219136
518.0 18.8731518976
520.0 19.012224
522.0 19.1599378432
524.0 19.3164353536
526.0 19.478294528
528.0 19.6407844864
530.0 19.800704
532.0 19.9578638336
534.0 20.111680512
536.0 20.2625009664
538.0 20.4115079168
540.0 20.559616
542.0 20.7063048192
544.0 20.8509435904
546.0 20.9958189056
548.0 21.1444000768
550.0 21.298816
552.0 21.4586566656
554.0 21.6240009216
556.0 21.7935241216
558.0 21.9649396736
560.0 22.136576
562.0 22.3085907968
564.0 22.4810786816
566.0 22.6524626944
568.0 22.8206139392
570.0 22.984192
572.0 23.1432599552
574.0 23.2976758784
576.0 23.4482282496
578.0 23.5963363328
580.0 23.743104
582.0 23.887711232
584.0 24.0285495296
586.0 24.1694666752
588.0 24.3164551168
590.0 24.472448
592.0 24.6359156736
594.0 24.8071104512
596.0 24.9777532928
598.0 25.1351496704
600.0 25.270784
602.0 25.3862332416
604.0 25.4828535808
606.0 25.557238784
608.0 25.6052099072
610.0 25.6256
612.0 25.6216576
614.0 25.596505088
616.0 25.558342656
618.0 25.518603264
620.0 25.487616
622.0 25.4708371456
624.0 25.474054144
626.0 25.5103873024
628.0 25.5959216128
630.0 25.743872
632.0 25.9610824704
634.0 26.2550278144
636.0 26.6338136064
638.0 27.1050092544
640.0 27.675648
642.0 28.3491203072
644.0 29.1251738624
646.0 30.0185532416
648.0 31.0496800768
650.0 32.22912
652.0 33.549508608
654.0 35.0041911296
656.0 36.5797476352
658.0 38.2566238208
660.0 40.01536
662.0 41.8478348288
664.0 43.7497905152
666.0 45.6757948416
668.0 47.563005952
670.0 49.368704
672.0 51.087038464
674.0 52.7039901696
676.0 54.2320013312
678.0 55.7001668608
680.0 57.125376
682.0 58.4926160896
684.0 59.7896026112
686.0 61.0210664448
688.0 62.1958385664
690.0 63.314944
692.0 64.3779411968
694.0 65.3972092928
696.0 66.3170500608
698.0 67.0517557248
700.0 67.553024
702.0 67.8331867136
704.0 67.8843117568
706.0 67.781525504
708.0 67.6448346112
710.0 67.553024
712.0 67.498776576
714.0 67.491995648
716.0 67.51911936
718.0 67.546243072
720.0 67.553024
722.0 67.553024
724.0 67.553024
726.0 67.553024
728.0 67.553024
730.0 67.553024
732.0 67.553024
734.0 67.553024
736.0 67.553024
738.0 67.553024
740.0 67.553024
742.0 67.553024
744.0 67.553024
746.0 67.553024
748.0 67.553024
750.0 67.553024
