380.0 2.789248
382.0 2.79293733187
384.0 2.79711438956
386.0 2.80105301693
388.0 2.79916066493
390.0 2.789248
392.0 2.77588141541
394.0 2.76045950114
396.0 2.75086856623
398.0 2.75830879933
400.0 2.789248
402.0 2.8429277184
404.0 2.9210187776
406.0 3.0136178688
408.0 3.10464
410.0 3.183488
412.0 3.2514865152
414.0 3.3078786048
416.0 3.3532319744
418.0 3.39006976
420.0 3.420032
422.0 3.4417152
424.0 3.4540785664
426.0 3.4591879168
428.0 3.4602760192
430.0 3.459456
432.0 3.4566490112
434.0 3.4523281408
436.0 3.4457206784
438.0 3.435249664
440.0 3.420032
442.0 3.4006669312
444.0 3.3774383104
446.0 3.3509769216
448.0 3.3222289408
450.0 3.291904
452.0 3.2600967168
454.0 3.2269490176
456.0 3.1929339904
458.0 3.1586035712
460.0 3.124352
462.0 3.09044736
464.0 3.0573154304
466.0 3.0244988928
468.0 2.9911304192
470.0 2.9568
472.0 2.9218387968
474.0 2.8862783488
476.0 2.8512698368
478.0 2.8185479168
480.0 2.789248
482.0 2.7631650816
484.0 2.7401730048
486.0 2.720413696
488.0 2.7039660032
490.0 2.690688
492.0 2.6806112256
494.0 2.67412992
496.0 2.6690678784
498.0 2.6621134848
500.0 2.651264
502.0 2.636834816
504.0 2.6185263104
506.0 2.5981677568
508.0 2.5788342272
510.0 2.56256
512.0 2.5489666048
514.0 2.5380067328
516.0 2.5299642368
518.0 2.5249968128
520.0 2.523136
522.0 2.524476416
524.0 2.5291757568
526.0 2.5363193856
528.0 2.5444880384
530.0 2.552704
532.0 2.5610934272
534.0 2.5697509376
536.0 2.578171904
538.0 2.5857255424
540.0 2.592128
542.0 2.5976158208
544.0 2.60237824
546.0 2.6072195072
548.0 2.6133223424
550.0 2.621696
552.0 2.6325139456
554.0 2.6457761792
556.0 2.6632962048
558.0 2.6875971584
560.0 2.720256
562.0 2.7610677248
564.0 2.8100323328
566.0 2.8664086528
568.0 2.9288562688
570.0 2.996224
572.0 3.0683226112
574.0 3.1449786368
576.0 3.2242366464
578.0 3.303415808
580.0 3.380608
582.0 3.4553716736
584.0 3.5269341184
586.0 3.5954214912
588.0 3.661543424
590.0 3.725568
592.0 3.786832896
594.0 3.8449754112
596.0 3.8991755264
598.0 3.9483293696
600.0 3.99168
602.0 4.0294639616
604.0 4.0621543424
606.0 4.0888522752
608.0 4.108217344
610.0 4.119808
612.0 4.124617728
614.0 4.1234665472
616.0 4.1186095104
618.0 4.1132005376
620.0 4.109952
622.0 4.1102358528
624.0 4.1156921344
626.0 4.128796672
628.0 4.1523091456
630.0 4.1888
632.0 4.240681984
634.0 4.310777856
636.0 4.400428032
638.0 4.510342144
640.0 4.642176
642.0 4.7984211968
644.0 4.980512768
646.0 5.1951685632
648.0 5.4515349504
650.0 5.755904
652.0 6.1085437952
654.0 6.5100378112
656.0 6.9612849152
658.0 7.4624428032
660.0 8.012928
662.0 8.613040128
664.0 9.2639619072
666.0 9.9580135424
668.0 10.6835255296
670.0 11.43296
672.0 12.2064115712
674.0 13.0018617344
676.0 13.8234105856
678.0 14.6787852288
680.0 15.57248
682.0 16.492478464
684.0 17.4184851456
686.0 18.3768983552
688.0 19.4119518208
690.0 20.539904
692.0 21.7501261824
694.0 23.0600753152
696.0 24.343846912
698.0 25.4087364608
700.0 26.138112
702.0 26.5492570112
704.0 26.621923328
706.0 26.4656150528
708.0 26.2645211136
710.0 26.138112
712.0 26.0664549376
714.0 26.0574978048
716.0 26.093326336
718.0 26.1291548672
720.0 26.138112
722.0 26.138112
724.0 26.138112
726.0 26.138112
728.0 26.138112
730.0 26.138112
732.0 26.138112
734.0 26.138112
736.0 26.138112
738.0 26.138112
740.0 26.138112
742.0 26.138112
744.0 26.138112
746.0 26.138112
748.0 26.138112
750.0 26.138112
