380.0 14.232064
382.0 14.3454113576
384.0 14.4736068877
386.0 14.594221692
388.0 14.536031868
390.0 14.232064
392.0 13.8227214013
394.0 13.3521295252
396.0 13.0603422774
398.0 13.2878479576
400.0 14.232064
402.0 15.8730170368
404.0 18.2655492096
406.0 21.1086188544
408.0 23.9119491072
410.0 26.354944
412.0 28.4803076096
414.0 30.2633447424
416.0 31.7423439872
418.0 33.025169408
420.0 34.180608
422.0 35.167706112
424.0 35.9661524992
426.0 36.6091106304
428.0 37.1450720256
430.0 37.610496
432.0 38.0133935104
434.0 38.3661594624
436.0 38.6855727104
438.0 38.9873240064
440.0 39.286016
442.0 39.5943589888
444.0 39.9231709184
446.0 40.28620288
448.0 40.6977263616
450.0 41.168512
452.0 41.7045364736
454.0 42.311808
456.0 42.9896484864
458.0 43.7332482048
460.0 44.539264
462.0 45.407222784
464.0 46.3328036864
466.0 47.3195706368
468.0 48.3742257152
470.0 49.496832
472.0 50.679394304
474.0 51.9175917568
476.0 53.1840956416
478.0 54.4399550464
480.0 55.656832
482.0 56.8302163968
484.0 57.9527438336
486.0 59.0149525504
488.0 60.0093519872
490.0 60.929792
492.0 61.7704220672
494.0 62.5264482304
496.0 63.1981070336
498.0 63.7885523968
500.0 64.300544
502.0 64.7333722112
504.0 65.0868320256
506.0 65.36775168
508.0 65.5860660224
510.0 65.749376
512.0 65.8595739648
514.0 65.919372288
516.0 65.9329656832
518.0 65.9046119424
520.0 65.83808
522.0 65.7356091392
524.0 65.5985713152
526.0 65.4317289472
528.0 65.2409956352
530.0 65.029888
532.0 64.7988791296
534.0 64.5496563712
536.0 64.2762272768
538.0 63.9686569984
540.0 63.62048
542.0 63.233415168
544.0 62.8084717568
546.0 62.3443408896
548.0 61.8396821504
550.0 61.294464
552.0 60.710042624
554.0 60.0875534336
556.0 59.4322634752
558.0 58.7516633088
560.0 58.05184
562.0 57.334165504
564.0 56.5996490752
566.0 55.8557497344
568.0 55.1122446336
570.0 54.375552
572.0 53.646286848
574.0 52.9260734464
576.0 52.2117736448
578.0 51.4972372992
580.0 50.778112
582.0 50.0573151232
584.0 49.3392621568
586.0 48.6143494144
588.0 47.867674624
590.0 47.091968
592.0 46.2925123584
594.0 45.4716258304
596.0 44.6456930304
598.0 43.8392356864
600.0 43.07072
602.0 42.3416440832
604.0 41.6535691264
606.0 41.0225012736
608.0 40.4688621568
610.0 40.005504
612.0 39.63334144
614.0 39.3557334016
616.0 39.1615465472
618.0 39.0312265728
620.0 38.950912
622.0 38.9196566528
624.0 38.9324931072
626.0 38.9879074816
628.0 39.0869248
630.0 39.22688
632.0 39.3977909248
634.0 39.5898331136
636.0 39.7926774784
638.0 39.9945756672
640.0 40.182912
642.0 40.3508267008
644.0 40.4965535744
646.0 40.585667584
648.0 40.5700714496
650.0 40.419456
652.0 40.1412960256
654.0 39.743097856
656.0 39.2256815104
658.0 38.5928316928
660.0 37.856896
662.0 37.0321616896
664.0 36.1281378304
666.0 35.2094482432
668.0 34.367004672
670.0 33.668096
672.0 33.12286208
674.0 32.7441866752
676.0 32.5691756544
678.0 32.6384357376
680.0 32.978176
682.0 33.5754811392
684.0 34.3997896704
686.0 35.4868197376
688.0 36.8930265088
690.0 38.625664
692.0 40.6624497664
694.0 43.0354907136
696.0 45.4615175168
698.0 47.512779776
700.0 48.925184
702.0 49.7262954496
704.0 49.8655725568
706.0 49.555652608
708.0 49.1633364992
710.0 48.925184
712.0 48.793350144
714.0 48.776870912
716.0 48.84278784
718.0 48.908704768
720.0 48.925184
722.0 48.925184
724.0 48.925184
726.0 48.925184
728.0 48.925184
730.0 48.925184
732.0 48.925184
734.0 48.925184
736.0 48.925184
738.0 48.925184
740.0 48.925184
742.0 48.925184
744.0 48.925184
746.0 48.925184
748.0 48.925184
750.0 48.925184
