380.0 15.91744
382.0 16.0782446484
384.0 16.2592295559
386.0 16.4278009964
388.0 16.3449159788
390.0 15.91744
392.0 15.3407294302
394.0 14.675802209
396.0 14.2623314459
398.0 14.5826201708
400.0 15.91744
402.0 18.2373373952
404.0 21.615627264
406.0 25.6415746048
408.0 29.6449714176
410.0 33.185152
412.0 36.3180038144
414.0 39.0091491328
416.0 41.2923348992
418.0 43.2880408576
420.0 45.071488
422.0 46.5853696
424.0 47.7982410752
426.0 48.7529641984
428.0 49.5160866816
430.0 50.137472
432.0 50.6243741696
434.0 50.9898819584
436.0 51.2631375872
438.0 51.476153344
440.0 51.655296
442.0 51.8155466752
444.0 51.9707195392
446.0 52.1372465152
448.0 52.3305818112
450.0 52.562048
452.0 52.838646784
454.0 53.1668436992
456.0 53.5423494144
458.0 53.9545982976
460.0 54.395264
462.0 54.8642834432
464.0 55.3596381184
466.0 55.8718662656
468.0 56.3885099008
470.0 56.898688
472.0 57.3976066048
474.0 57.8810710016
476.0 58.3348885504
478.0 58.7410819072
480.0 59.08672
482.0 59.3680654336
484.0 59.5799773184
486.0 59.7228183552
488.0 59.800767488
490.0 59.816064
492.0 59.7661689856
494.0 59.6506724352
496.0 59.4676031488
498.0 59.2141225984
500.0 58.8896
502.0 58.4969527296
504.0 58.0389562368
506.0 57.521271808
508.0 56.9515476992
510.0 56.336896
512.0 55.681196032
514.0 54.988122112
516.0 54.268239872
518.0 53.534953472
520.0 52.798592
522.0 52.0627193856
524.0 51.33123072
526.0 50.6092038144
528.0 49.9012907008
530.0 49.211008
532.0 48.5416200192
534.0 47.8969903104
536.0 47.2737284096
538.0 46.6649745408
540.0 46.066944
542.0 45.4819233792
544.0 44.9104173056
546.0 44.35673088
548.0 43.8274873344
550.0 43.326976
552.0 42.8545503232
554.0 42.410210304
556.0 41.9934670848
558.0 41.6029802496
560.0 41.237504
562.0 40.8968648704
564.0 40.5808263168
566.0 40.2866286592
568.0 40.0104083456
570.0 39.749248
572.0 39.5024695296
574.0 39.2691740672
576.0 39.0478635008
578.0 38.8370397184
580.0 38.63552
582.0 38.4427051008
584.0 38.2582007808
586.0 38.0813447168
588.0 37.9115061248
590.0 37.74848
592.0 37.592676352
594.0 37.4446471168
596.0 37.3053700096
598.0 37.1761854464
600.0 37.05856
602.0 36.953376768
604.0 36.8612192256
606.0 36.7857774592
608.0 36.7320977408
610.0 36.703744
612.0 36.70137856
614.0 36.7261683712
616.0 36.7780818944
618.0 36.8561729536
620.0 36.96
622.0 37.090572288
624.0 37.2486467584
626.0 37.4341603328
628.0 37.6467976192
630.0 37.886464
632.0 38.1532540928
634.0 38.4468840448
636.0 38.7685838848
638.0 39.1202459648
640.0 39.502848
642.0 39.915459584
644.0 40.3571345408
646.0 40.8271947776
648.0 41.3247729664
650.0 41.848576
652.0 42.3979730944
654.0 42.9732796416
656.0 43.5683770368
658.0 44.174355456
660.0 44.785664
662.0 45.4034065408
664.0 46.0279615488
666.0 46.6613475328
668.0 47.3072703488
670.0 47.969152
672.0 48.6469767168
674.0 49.3396563968
676.0 50.0568578048
678.0 50.8126947328
680.0 51.615872
682.0 52.456470528
684.0 53.3177745408
686.0 54.2200795136
688.0 55.1968169984
690.0 56.258048
692.0 57.395115008
694.0 58.6244499456
696.0 59.8282381312
698.0 60.8267849728
700.0 61.511296
702.0 61.8973515776
704.0 61.9655708672
706.0 61.8187716608
708.0 61.6299464704
710.0 61.511296
712.0 61.4440544256
714.0 61.4356492288
716.0 61.469270016
718.0 61.5028908032
720.0 61.511296
722.0 61.511296
724.0 61.511296
726.0 61.511296
728.0 61.511296
730.0 61.511296
732.0 61.511296
734.0 61.511296
736.0 61.511296
738.0 61.511296
740.0 61.511296
742.0 61.511296
744.0 61.511296
746.0 61.511296
748.0 61.511296
750.0 61.511296
