380.0 7.431424
382.0 7.46869126198
384.0 7.51101822653
386.0 7.55118611402
388.0 7.53212066762
390.0 7.431424
392.0 7.29605971537
394.0 7.14091469339
396.0 7.04500300531
398.0 7.12027032522
400.0 7.431424
402.0 7.9722739712
404.0 8.7619366912
406.0 9.6981778432
408.0 10.6147069952
410.0 11.403392
412.0 12.079040512
414.0 12.6327427072
416.0 13.0831540224
418.0 13.4752966656
420.0 13.837824
422.0 14.1558337536
424.0 14.4221507584
426.0 14.6465994752
428.0 14.842820608
430.0 15.020544
432.0 15.1818039296
434.0 15.3302116352
436.0 15.4658459648
438.0 15.5862626304
440.0 15.690752
442.0 15.782531072
444.0 15.8636341248
446.0 15.9370889216
448.0 16.0066801664
450.0 16.075136
452.0 16.14294528
454.0 16.2105337856
456.0 16.2788319232
458.0 16.3486281728
460.0 16.420096
462.0 16.4930619392
464.0 16.5675732992
466.0 16.6405865472
468.0 16.7075284992
470.0 16.765056
472.0 16.8127432704
474.0 16.8497702912
476.0 16.874733568
478.0 16.8862926848
480.0 16.883328
482.0 16.8646094848
484.0 16.828607488
486.0 16.7760474112
488.0 16.7086639104
490.0 16.627072
492.0 16.530404352
494.0 16.4188659712
496.0 16.2882463744
498.0 16.1322377216
500.0 15.947008
502.0 15.7337556992
504.0 15.4932219904
506.0 15.2268261376
508.0 14.9370124288
510.0 14.626304
512.0 14.2957889536
514.0 13.9462557696
516.0 13.5838703616
518.0 13.2171483136
520.0 12.852224
522.0 12.489996288
524.0 12.1318055936
526.0 11.7795284992
528.0 11.4345842688
530.0 11.097856
532.0 10.7706052608
534.0 10.4545667072
536.0 10.1461764096
538.0 9.83944192
540.0 9.530752
542.0 9.2212893696
544.0 8.9112590336
546.0 8.6027268096
548.0 8.2991620096
550.0 8.003072
552.0 7.7143621632
554.0 7.4331744256
556.0 7.161211904
558.0 6.9006034944
560.0 6.6528
562.0 6.4180064256
564.0 6.196506624
566.0 5.9880955904
568.0 5.7921425408
570.0 5.608064
572.0 5.4358757376
574.0 5.2756250624
576.0 5.1257823232
578.0 4.984139776
580.0 4.849152
582.0 4.7207559168
584.0 4.5987622912
586.0 4.4827611136
588.0 4.372436992
590.0 4.267648
592.0 4.16829952
594.0 4.0742496256
596.0 3.9863498752
598.0 3.9059406848
600.0 3.833984
602.0 3.7704167424
604.0 3.7151916032
606.0 3.669033984
608.0 3.6328900608
610.0 3.607296
612.0 3.592236032
614.0 3.587899392
616.0 3.593261056
618.0 3.606665216
620.0 3.627008
622.0 3.6540844032
624.0 3.687169024
626.0 3.7271922688
628.0 3.7758887936
630.0 3.833984
632.0 3.9002320896
634.0 3.9735922688
636.0 4.052471808
638.0 4.1347418112
640.0 4.218368
642.0 4.302498816
644.0 4.38670848
646.0 4.4667392
648.0 4.536756224
650.0 4.592896
652.0 4.6359785472
654.0 4.667249664
656.0 4.6848800768
658.0 4.6864254976
660.0 4.671744
662.0 4.6436898816
664.0 4.6046128128
666.0 4.562697216
668.0 4.5293760512
670.0 4.514048
672.0 4.5199773696
674.0 4.550633472
676.0 4.6152730624
678.0 4.7250925568
680.0 4.888576
682.0 5.1011028992
684.0 5.3505306624
686.0 5.6628002816
688.0 6.0782030848
690.0 6.613376
692.0 7.26032384
694.0 8.0320249856
696.0 8.8314806272
698.0 9.5095891968
700.0 9.974272
702.0 10.2371985408
704.0 10.2828357632
706.0 10.1809483776
708.0 10.052173824
710.0 9.974272
712.0 9.9312525312
714.0 9.9258750976
716.0 9.947384832
718.0 9.9688945664
720.0 9.974272
722.0 9.974272
724.0 9.974272
726.0 9.974272
728.0 9.974272
730.0 9.974272
732.0 9.974272
734.0 9.974272
736.0 9.974272
738.0 9.974272
740.0 9.974272
742.0 9.974272
744.0 9.974272
746.0 9.974272
748.0 9.974272
750.0 9.974272
