380.0 11.994752
382.0 12.083955421
384.0 12.1852226614
386.0 12.2812334942
388.0 12.2355805022
390.0 11.994752
392.0 11.6707441395
394.0 11.2986814033
396.0 11.068282492
398.0 11.2485239646
400.0 11.994752
402.0 13.2910288896
404.0 15.1815989248
406.0 17.422411776
408.0 19.6167831552
410.0 21.505792
412.0 23.1241945088
414.0 24.45194752
416.0 25.5241541632
418.0 26.4341704704
420.0 27.241984
422.0 27.9144312832
424.0 28.4351434752
426.0 28.8334047232
428.0 29.1513987072
430.0 29.42016
432.0 29.645586432
434.0 29.8372974592
436.0 30.0059848704
438.0 30.1599277056
440.0 30.3072
442.0 30.4567588864
444.0 30.6157953024
446.0 30.7911532544
448.0 30.9890617344
450.0 31.213952
452.0 31.4682841088
454.0 31.7539661824
456.0 32.069137408
458.0 32.4095399936
460.0 32.7712
462.0 33.152508928
464.0 33.55100672
466.0 33.960543232
468.0 34.373233664
470.0 34.781824
472.0 35.18237184
474.0 35.571407872
476.0 35.938366464
478.0 36.269843456
480.0 36.555904
482.0 36.7932995584
484.0 36.977898496
486.0 37.1080923136
488.0 37.1843540992
490.0 37.2064
492.0 37.1721484288
494.0 37.0811262976
496.0 36.9304950784
498.0 36.7164700672
500.0 36.437632
502.0 36.0965197824
504.0 35.6956565504
506.0 35.2399151104
508.0 34.7359975424
510.0 34.190464
512.0 33.6069257216
514.0 32.9884104704
516.0 32.3471081472
518.0 31.699103744
520.0 31.056256
522.0 30.4214034432
524.0 29.7981100032
526.0 29.1901919232
528.0 28.6003300352
530.0 28.030464
532.0 27.4835585024
534.0 26.9631301632
536.0 26.464069632
538.0 25.9773093888
540.0 25.497472
542.0 25.0265602048
544.0 24.564779008
546.0 24.1159288832
548.0 23.6862388224
550.0 23.279872
552.0 22.8961345536
554.0 22.5348687872
556.0 22.1970208768
558.0 21.8834581504
560.0 21.594496
562.0 21.3299767296
564.0 21.0898372608
566.0 20.871932928
568.0 20.6730309632
570.0 20.490624
572.0 20.3241916416
574.0 20.173024256
576.0 20.0351821824
578.0 19.9083788288
580.0 19.790848
582.0 19.6818958336
584.0 19.5808600064
586.0 19.4869204992
588.0 19.39936768
590.0 19.31776
592.0 19.24206592
594.0 19.1724746752
596.0 19.1091124224
598.0 19.0522157056
600.0 19.002368
602.0 18.9603262464
604.0 18.9267369984
606.0 18.9040287744
608.0 18.8955131904
610.0 18.903808
612.0 18.9297332224
614.0 18.9742034944
616.0 19.0391742464
618.0 19.1268532224
620.0 19.238912
622.0 19.3763125248
624.0 19.5402532864
626.0 19.730371584
628.0 19.9454846976
630.0 20.185088
632.0 20.4504745984
634.0 20.7429376
636.0 21.0624454656
638.0 21.4086039552
640.0 21.78176
642.0 22.1828913152
644.0 22.6122817536
646.0 23.074157568
648.0 23.5745900544
650.0 24.117632
652.0 24.7030626304
654.0 25.331023872
656.0 26.0016418816
658.0 26.7144435712
660.0 27.468672
662.0 28.2645479424
664.0 29.1028914176
666.0 29.9786876928
668.0 30.88436736
670.0 31.815168
672.0 32.7709792256
674.0 33.7499086848
676.0 34.756513792
678.0 35.7987581952
680.0 36.881152
682.0 37.9905906688
684.0 39.104586752
686.0 40.2515412992
688.0 41.4792361984
690.0 42.804608
692.0 44.2159714304
694.0 45.7332908032
696.0 47.214024704
698.0 48.4401584128
700.0 49.28
702.0 49.7532930048
704.0 49.83706112
706.0 49.6573980672
708.0 49.4259318784
710.0 49.28
712.0 49.1971149824
714.0 49.1867543552
716.0 49.228196864
718.0 49.2696393728
720.0 49.28
722.0 49.28
724.0 49.28
726.0 49.28
728.0 49.28
730.0 49.28
732.0 49.28
734.0 49.28
736.0 49.28
738.0 49.28
740.0 49.28
742.0 49.28
744.0 49.28
746.0 49.28
748.0 49.28
750.0 49.28
