380.0 9.156224
382.0 9.22078066796
384.0 9.29335795065
386.0 9.36079992724
388.0 9.32749453204
390.0 9.156224
392.0 8.92570504354
394.0 8.66156831798
396.0 8.49817896421
398.0 8.62589642644
400.0 9.156224
402.0 10.0804329472
404.0 11.43138304
406.0 13.0463162368
408.0 14.6584897536
410.0 16.094848
412.0 17.3805907968
414.0 18.5019670528
416.0 19.4904844288
418.0 20.4203388928
420.0 21.33824
422.0 22.2189879296
424.0 23.0496831488
426.0 23.8436352
428.0 24.6193733632
430.0 25.389056
432.0 26.1546385408
434.0 26.921782272
436.0 27.6811200512
438.0 28.4153053184
440.0 29.114624
442.0 29.7840750592
444.0 30.4246362112
446.0 31.0469834752
448.0 31.6677537792
450.0 32.298112
452.0 32.9360869376
454.0 33.5802908672
456.0 34.2347450368
458.0 34.9041803264
460.0 35.590016
462.0 36.2890350592
464.0 36.9982097408
466.0 37.7081729024
468.0 38.40567808
470.0 39.07904
472.0 39.7240481792
474.0 40.3374383104
476.0 40.9009965056
478.0 41.3905952768
480.0 41.78944
482.0 42.0941559808
484.0 42.2988926976
486.0 42.4064886784
488.0 42.4255383552
490.0 42.361088
492.0 42.2097629184
494.0 41.9709323264
496.0 41.6424515584
498.0 41.2209301504
500.0 40.70528
502.0 40.09933312
504.0 39.4075838464
506.0 38.6322556928
508.0 37.7754775552
510.0 36.841728
512.0 35.8365579264
514.0 34.7636574208
516.0 33.6413192192
518.0 32.4946958336
520.0 31.34208
522.0 30.1869568
524.0 29.0344671232
526.0 27.8897045504
528.0 26.7558230016
530.0 25.635456
532.0 24.533791744
534.0 23.4568699904
536.0 22.3982409728
538.0 21.3459197952
540.0 20.293504
542.0 19.245298688
544.0 18.2029754368
546.0 17.1748448256
548.0 16.1734436864
550.0 15.207808
552.0 14.2784108544
554.0 13.3864349696
556.0 12.5363273728
558.0 11.73297664
560.0 10.979584
562.0 10.2770640896
564.0 9.6265996288
566.0 9.025572864
568.0 8.4691740672
570.0 7.953792
572.0 7.4791428096
574.0 7.044201472
576.0 6.6466340864
578.0 6.2837598208
580.0 5.953024
582.0 5.652770816
584.0 5.3816756224
586.0 5.1358117888
588.0 4.9102118912
590.0 4.701312
592.0 4.5080870912
594.0 4.3291179008
596.0 4.1645778944
598.0 4.01572864
600.0 3.883264
602.0 3.7659066368
604.0 3.6623949824
606.0 3.573943296
608.0 3.5026804736
610.0 3.4496
612.0 3.4138187776
614.0 3.395037184
616.0 3.3906059264
618.0 3.3965826048
620.0 3.410176
622.0 3.4307710976
624.0 3.4569959424
626.0 3.4893709312
628.0 3.529473024
630.0 3.577728
632.0 3.6323223552
634.0 3.6918525952
636.0 3.7539059712
638.0 3.8153285632
640.0 3.873408
642.0 3.9273242624
644.0 3.9767304192
646.0 4.0173056
648.0 4.0432150528
650.0 4.050816
652.0 4.0410861568
654.0 4.015176704
656.0 3.9731822592
658.0 3.9154970624
660.0 3.84384
662.0 3.7605922816
664.0 3.6675674112
666.0 3.5736752128
668.0 3.4912948224
670.0 3.429888
672.0 3.3920724992
674.0 3.3812860928
676.0 3.4023542784
678.0 3.459929088
680.0 3.558016
682.0 3.6936976384
684.0 3.8577014784
686.0 4.0703545344
688.0 4.3635113984
690.0 4.750592
692.0 5.2251150336
694.0 5.7966526464
696.0 6.3917658112
698.0 6.897544192
700.0 7.24416
702.0 7.4403495936
704.0 7.4743488512
706.0 7.3981974528
708.0 7.3020975104
710.0 7.24416
712.0 7.2122423296
714.0 7.2082526208
716.0 7.224211456
718.0 7.2401702912
720.0 7.24416
722.0 7.24416
724.0 7.24416
726.0 7.24416
728.0 7.24416
730.0 7.24416
732.0 7.24416
734.0 7.24416
736.0 7.24416
738.0 7.24416
740.0 7.24416
742.0 7.24416
744.0 7.24416
746.0 7.24416
748.0 7.24416
750.0 7.24416
