380.0 11.13728
382.0 11.2131569772
384.0 11.2991485305
386.0 11.3803933588
388.0 11.3415055252
390.0 11.13728
392.0 10.8625611938
394.0 10.5473963062
396.0 10.3523640805
398.0 10.5050515348
400.0 11.13728
402.0 12.2363895808
404.0 13.8405679104
406.0 15.74515712
408.0 17.6169455616
410.0 19.238912
412.0 20.641144832
414.0 21.807149056
416.0 22.769410048
418.0 23.610560512
420.0 24.383744
422.0 25.0610798592
424.0 25.629227008
426.0 26.1119029248
428.0 26.5426968576
430.0 26.946304
432.0 27.32792832
434.0 27.6958015488
436.0 28.0572092416
438.0 28.4167245824
440.0 28.77952
442.0 29.1525025792
444.0 29.5403401216
446.0 29.950570496
448.0 30.3917092864
450.0 30.868992
452.0 31.3817720832
454.0 31.928630272
456.0 32.5076584448
458.0 33.1154661376
460.0 33.746944
462.0 34.3964780544
464.0 35.0582335488
466.0 35.7180178432
468.0 36.3573016576
470.0 36.96
472.0 37.5196473344
474.0 38.0312604672
476.0 38.47269888
478.0 38.8153407488
480.0 39.039616
482.0 39.1428595712
484.0 39.120671744
486.0 38.9757175808
488.0 38.7164338176
490.0 38.349696
492.0 37.8756145152
494.0 37.2963340288
496.0 36.6208589824
498.0 35.861174272
500.0 35.028224
502.0 34.1287733248
504.0 33.1702339584
506.0 32.165016576
508.0 31.1275503616
510.0 30.070656
512.0 29.0016663552
514.0 27.92677888
516.0 26.8612743168
518.0 25.8236819456
520.0 24.827264
522.0 23.8758998016
524.0 22.9743044608
526.0 22.122067968
528.0 21.3149325312
530.0 20.54976
532.0 19.8291365888
534.0 19.155411968
536.0 18.5209536512
538.0 17.9140132864
540.0 17.326848
542.0 16.7596627968
544.0 16.2108649472
546.0 15.6826464256
548.0 15.17981696
550.0 14.705152
552.0 14.256585728
554.0 13.8327934976
556.0 13.4332864512
558.0 13.0574338048
560.0 12.704384
562.0 12.3732854784
564.0 12.0633812992
566.0 11.77240064
568.0 11.4973472768
570.0 11.23584
572.0 10.9870903296
574.0 10.750294016
576.0 10.5235902464
578.0 10.3048501248
580.0 10.092544
582.0 9.8862303232
584.0 9.6855148544
586.0 9.4902398976
588.0 9.3005631488
590.0 9.1168
592.0 8.9391081472
594.0 8.7676768256
596.0 8.604051456
598.0 8.4504397824
600.0 8.308608
602.0 8.1788715008
604.0 8.06141952
606.0 7.9583967232
608.0 7.8726416384
610.0 7.805952
612.0 7.7585012736
614.0 7.7309202432
616.0 7.7215531008
618.0 7.7274824704
620.0 7.746816
622.0 7.7795221504
624.0 7.8246862848
626.0 7.8837276672
628.0 7.9592482816
630.0 8.052352
632.0 8.1611780096
634.0 8.2841178112
636.0 8.4189636608
638.0 8.5627981824
640.0 8.712704
642.0 8.8671987712
644.0 9.0253836288
646.0 9.1808876544
648.0 9.325037568
650.0 9.451904
652.0 9.5627169792
654.0 9.6598104064
656.0 9.7382957056
658.0 9.7912342528
660.0 9.816576
662.0 9.8193199104
664.0 9.8031876096
666.0 9.7826398208
668.0 9.778255872
670.0 9.80672
672.0 9.872794624
674.0 9.9813367808
676.0 10.1494091776
678.0 10.3982219264
680.0 10.74304
682.0 11.1753793536
684.0 11.6751179776
686.0 12.2809860096
688.0 13.0533021696
690.0 14.015232
692.0 15.1538286592
694.0 16.4905230336
696.0 17.86340864
698.0 19.0243508224
700.0 19.820416
702.0 20.2708115456
704.0 20.349170688
706.0 20.1750585344
708.0 19.9545049088
710.0 19.820416
712.0 19.7461096448
714.0 19.7368213504
716.0 19.773974528
718.0 19.8111277056
720.0 19.820416
722.0 19.820416
724.0 19.820416
726.0 19.820416
728.0 19.820416
730.0 19.820416
732.0 19.820416
734.0 19.820416
736.0 19.820416
738.0 19.820416
740.0 19.820416
742.0 19.820416
744.0 19.820416
746.0 19.820416
748.0 19.820416
750.0 19.820416
