380.0 7.224448
382.0 7.25358207192
384.0 7.28667785971
386.0 7.31809746728
388.0 7.30319519528
390.0 7.224448
392.0 7.11866763587
394.0 6.99764410476
396.0 6.92294245322
398.0 6.98173046568
400.0 7.224448
402.0 7.6466159616
404.0 8.2636331008
406.0 8.995531776
408.0 9.7121339392
410.0 10.329088
412.0 10.858710016
414.0 11.294739456
416.0 11.653024768
418.0 11.970387968
420.0 12.27072
422.0 12.5431556096
424.0 12.782758912
426.0 12.9994174464
428.0 13.2066142208
430.0 13.414016
432.0 13.6232312832
434.0 13.8367043584
436.0 14.0564852736
438.0 14.2833625088
440.0 14.517888
442.0 14.7608659968
444.0 15.0121230336
446.0 15.2712648704
448.0 15.5375030272
450.0 15.809024
452.0 16.082941952
454.0 16.3560556544
456.0 16.6228615168
458.0 16.8764209152
460.0 17.110016
462.0 17.3202720768
464.0 17.5051706368
466.0 17.6512759808
468.0 17.7404530688
470.0 17.760512
472.0 17.7110900736
474.0 17.5908784128
476.0 17.400649728
478.0 17.1438733312
480.0 16.824192
482.0 16.4424730624
484.0 15.99983616
486.0 15.5062634496
488.0 14.9757898752
490.0 14.419328
492.0 13.8402998272
494.0 13.2432470016
496.0 12.63420928
498.0 12.0191002624
500.0 11.403392
502.0 10.791846912
504.0 10.188896256
506.0 9.599113216
508.0 9.02691328
510.0 8.47616
512.0 7.9495026688
514.0 7.448849408
516.0 6.9779218432
518.0 6.5408989184
520.0 6.140288
522.0 5.7764202496
524.0 5.4500052992
526.0 5.1574949888
528.0 4.8929757184
530.0 4.652032
532.0 4.434490368
534.0 4.2397831168
536.0 4.0643936256
538.0 3.9039064064
540.0 3.755136
542.0 3.6169627648
544.0 3.4877782016
546.0 3.3681342464
548.0 3.2598444032
550.0 3.163776
552.0 3.0785570816
554.0 3.0032257024
556.0 2.9370406912
558.0 2.87913472
560.0 2.828672
562.0 2.785069056
564.0 2.7478054912
566.0 2.7156670464
568.0 2.6871556096
570.0 2.66112
572.0 2.6371975168
574.0 2.6150569984
576.0 2.594020352
578.0 2.5733779456
580.0 2.552704
582.0 2.5317777408
584.0 2.510204928
586.0 2.4890263552
588.0 2.4699766784
590.0 2.454144
592.0 2.441291776
594.0 2.4314673152
596.0 2.4242448384
598.0 2.4188358656
600.0 2.41472
602.0 2.4120076288
604.0 2.4106829824
606.0 2.410698752
608.0 2.4120549376
610.0 2.41472
612.0 2.418741248
614.0 2.424339456
616.0 2.430962688
618.0 2.437743616
620.0 2.444288
622.0 2.4508639232
624.0 2.457455616
626.0 2.4654665728
628.0 2.4770256896
630.0 2.493568
632.0 2.5152827392
634.0 2.5428164608
636.0 2.5754753024
638.0 2.61184
640.0 2.651264
642.0 2.6944411648
644.0 2.7416080384
646.0 2.794530816
648.0 2.8558114816
650.0 2.927232
652.0 3.0091235328
654.0 3.102353408
656.0 3.2061489152
658.0 3.3188542464
660.0 3.439744
662.0 3.5699851264
664.0 3.7104607232
666.0 3.862526976
668.0 4.0279973888
670.0 4.208512
672.0 4.405158912
674.0 4.619231232
676.0 4.852227072
678.0 5.105723392
680.0 5.381376
682.0 5.6748955648
684.0 5.976047616
686.0 6.3047964672
688.0 6.6932332544
690.0 7.155456
692.0 7.6851884032
694.0 8.2919237632
696.0 8.9067804672
698.0 9.4235502592
700.0 9.777152
702.0 9.9767635968
704.0 10.0116774912
706.0 9.9349426176
708.0 9.837234176
710.0 9.777152
712.0 9.7435942912
714.0 9.7393995776
716.0 9.756178432
718.0 9.7729572864
720.0 9.777152
722.0 9.777152
724.0 9.777152
726.0 9.777152
728.0 9.777152
730.0 9.777152
732.0 9.777152
734.0 9.777152
736.0 9.777152
738.0 9.777152
740.0 9.777152
742.0 9.777152
744.0 9.777152
746.0 9.777152
748.0 9.777152
750.0 9.777152
