380.0 16.794624
382.0 16.9942861501
384.0 17.2171581332
386.0 17.4211541315
388.0 17.3175478595
390.0 16.794624
392.0 16.0874103323
394.0 15.2692960094
396.0 14.7587839569
398.0 15.1508449603
400.0 16.794624
402.0 19.6535420928
404.0 23.8120486912
406.0 28.7947534336
408.0 33.822401536
410.0 38.379264
412.0 42.5264953344
414.0 46.2212653056
416.0 49.4792173568
418.0 52.40671744
420.0 55.065472
422.0 57.3838239744
424.0 59.3192112128
426.0 60.9030152192
428.0 62.1910603776
430.0 63.22624
432.0 64.012591104
434.0 64.5601431552
436.0 64.9059231744
438.0 65.0959783936
440.0 65.167872
442.0 65.1380832256
444.0 65.0230124544
446.0 64.8515653632
448.0 64.65536
450.0 64.45824
452.0 64.27176448
454.0 64.1077921792
456.0 63.9677896704
458.0 63.8460798976
460.0 63.738752
462.0 63.6519718912
464.0 63.5912904704
466.0 63.5438555136
468.0 63.4890876928
470.0 63.413504
472.0 63.3184448512
474.0 63.2022859776
476.0 63.067440128
478.0 62.9198209024
480.0 62.763008
482.0 62.5939263488
484.0 62.409847808
486.0 62.2133112832
488.0 62.0084957184
490.0 61.79712
492.0 61.5777175552
494.0 61.3505564672
496.0 61.1072315392
498.0 60.8350482432
500.0 60.525696
502.0 60.1800421376
504.0 59.7977239552
506.0 59.3796087808
508.0 58.9282985984
510.0 58.44608
512.0 57.9330318336
514.0 57.3894852608
516.0 56.819997696
518.0 56.2309558272
520.0 55.627264
522.0 55.0093164544
524.0 54.376971264
526.0 53.7357950976
528.0 53.0932785152
530.0 52.453632
532.0 51.8171078656
534.0 51.1862450176
536.0 50.5512032256
538.0 49.8960551936
540.0 49.211008
542.0 48.498695168
544.0 47.7595109376
546.0 46.9978550272
548.0 46.2214545408
550.0 45.43616
552.0 44.6423498752
554.0 43.8411753472
556.0 43.0373988352
558.0 42.2369339392
560.0 41.44448
562.0 40.6614247424
564.0 39.8886828032
566.0 39.130764288
568.0 38.3932674048
570.0 37.679488
572.0 36.989568
574.0 36.324563968
576.0 35.679350784
578.0 35.045491712
580.0 34.417152
582.0 33.7960505344
584.0 33.18436352
586.0 32.5763035136
588.0 31.9635126272
590.0 31.34208
592.0 30.71484416
594.0 30.0829720576
596.0 29.4574077952
598.0 28.8545517568
600.0 28.28672
602.0 27.7549060096
604.0 27.2602294272
606.0 26.8130193408
608.0 26.4263645184
610.0 26.108544
612.0 25.860093952
614.0 25.6828909568
616.0 25.5705010176
618.0 25.5114911744
620.0 25.497472
622.0 25.5272134656
624.0 25.5969939456
626.0 25.7048580096
628.0 25.8500960256
630.0 26.029696
632.0 26.2362935296
634.0 26.4624295936
636.0 26.7000774656
638.0 26.9401696256
640.0 27.172992
642.0 27.3931040768
644.0 27.5988658176
646.0 27.7643362304
648.0 27.8534029312
650.0 27.8432
652.0 27.7392152576
654.0 27.5471888384
656.0 27.2667738112
658.0 26.89938944
660.0 26.453504
662.0 25.9410866176
664.0 25.3712678912
666.0 24.7906469888
668.0 24.2641946624
670.0 23.841664
672.0 23.5331002368
674.0 23.3491478528
676.0 23.3270704128
678.0 23.5110227968
680.0 23.930368
682.0 24.5710710784
684.0 25.4017189888
686.0 26.4670973952
688.0 27.8370656256
690.0 29.528576
692.0 31.5200872448
694.0 33.8451412992
696.0 36.2251524096
698.0 38.237416448
700.0 39.62112
702.0 40.4053106688
704.0 40.5416861696
706.0 40.2384052224
708.0 39.8543839232
710.0 39.62112
712.0 39.4919354368
714.0 39.4757873664
716.0 39.540379648
718.0 39.6049719296
720.0 39.62112
722.0 39.62112
724.0 39.62112
726.0 39.62112
728.0 39.62112
730.0 39.62112
732.0 39.62112
734.0 39.62112
736.0 39.62112
738.0 39.62112
740.0 39.62112
742.0 39.62112
744.0 39.62112
746.0 39.62112
748.0 39.62112
750.0 39.62112
