380.0 8.062208
382.0 8.10732807006
384.0 8.15831141322
386.0 8.20618837154
388.0 8.18300705954
390.0 8.062208
392.0 7.89962900749
394.0 7.71305562543
396.0 7.59754051368
398.0 7.68781868194
400.0 8.062208
402.0 8.7134609408
404.0 9.664083968
406.0 10.7952689152
408.0 11.9132073984
410.0 12.891648
412.0 13.747858432
414.0 14.4715569152
416.0 15.0823450624
418.0 15.6295028736
420.0 16.144128
422.0 16.608306176
424.0 17.0125441024
426.0 17.3684482048
428.0 17.6928131072
430.0 17.997056
432.0 18.281854976
434.0 18.5498277888
436.0 18.7996655616
438.0 19.0269528064
440.0 19.229056
442.0 19.4079463424
444.0 19.5643334656
446.0 19.6983277568
448.0 19.810086912
450.0 19.899264
452.0 19.964786688
454.0 20.0055195648
456.0 20.0196018176
458.0 20.0046680064
460.0 19.9584
462.0 19.8804508672
464.0 19.7717825536
466.0 19.625109504
468.0 19.4297872384
470.0 19.179776
472.0 18.876841984
474.0 18.52100096
476.0 18.119980032
478.0 17.686079488
480.0 17.228288
482.0 16.7473467392
484.0 16.245211136
486.0 15.7262809088
488.0 15.1952080896
490.0 14.655872
492.0 14.1113161728
494.0 13.5649783808
496.0 13.0173790208
498.0 12.4675719168
500.0 11.915904
502.0 11.3653714944
504.0 10.8183083008
506.0 10.2781837312
508.0 9.7492555776
510.0 9.235072
512.0 8.737068032
514.0 8.2563633152
516.0 7.7967898624
518.0 7.3630785536
520.0 6.958336
522.0 6.5829091328
524.0 6.2374129664
526.0 5.920459776
528.0 5.6292898816
530.0 5.361664
532.0 5.117550592
534.0 4.89685504
536.0 4.696108032
538.0 4.51049984
540.0 4.33664
542.0 4.1738661888
544.0 4.020932608
546.0 3.8780915712
548.0 3.7466046464
550.0 3.627008
552.0 3.518118912
554.0 3.4191173632
556.0 3.3292621824
558.0 3.2476860416
560.0 3.173632
562.0 3.1065481216
564.0 3.0458036224
566.0 2.9909727232
568.0 2.941740032
570.0 2.897664
572.0 2.8582557696
574.0 2.8232630272
576.0 2.7913453568
578.0 2.7606892544
580.0 2.730112
582.0 2.699518976
584.0 2.6685790208
586.0 2.6379544576
588.0 2.6089068544
590.0 2.582272
592.0 2.5577975808
594.0 2.5353732096
596.0 2.5153142784
598.0 2.4980150272
600.0 2.483712
602.0 2.472436736
604.0 2.4642996224
606.0 2.4589221888
608.0 2.4556736512
610.0 2.454144
612.0 2.4544909312
614.0 2.4568721408
616.0 2.4610668544
618.0 2.46675968
620.0 2.473856
622.0 2.4824188928
624.0 2.4922906624
626.0 2.50460672
628.0 2.5211017216
630.0 2.542848
632.0 2.5697824768
634.0 2.602220544
636.0 2.6391529472
638.0 2.6788450304
640.0 2.720256
642.0 2.7636224
644.0 2.8087549952
646.0 2.8566472704
648.0 2.9089550336
650.0 2.966656
652.0 3.0298605568
654.0 3.0994202624
656.0 3.17323776
658.0 3.2478437376
660.0 3.321472
662.0 3.3958414336
664.0 3.47246592
666.0 3.5530328064
668.0 3.6398286848
670.0 3.735424
672.0 3.8418057216
674.0 3.9607558144
676.0 4.0979197952
678.0 4.260709376
680.0 4.454912
682.0 4.6762856448
684.0 4.9146273792
686.0 5.1919988736
688.0 5.542935552
690.0 5.982592
692.0 6.504644608
694.0 7.1195170816
696.0 7.7522880512
698.0 8.2873663488
700.0 8.653568
702.0 8.8605124608
704.0 8.8965302272
706.0 8.8165625856
708.0 8.715227136
710.0 8.653568
712.0 8.6193795072
714.0 8.6151059456
716.0 8.632200192
718.0 8.6492944384
720.0 8.653568
722.0 8.653568
724.0 8.653568
726.0 8.653568
728.0 8.653568
730.0 8.653568
732.0 8.653568
734.0 8.653568
736.0 8.653568
738.0 8.653568
740.0 8.653568
742.0 8.653568
744.0 8.653568
746.0 8.653568
748.0 8.653568
750.0 8.653568
