380.0 17.59296
382.0 17.8125144819
384.0 18.0571104849
386.0 18.2800485645
388.0 18.1659397389
390.0 17.59296
392.0 16.8173932652
394.0 15.9189259641
396.0 15.3575055683
398.0 15.7873622285
400.0 17.59296
402.0 20.7330816
404.0 25.2976869376
406.0 30.7728289792
408.0 36.3153860608
410.0 41.365632
412.0 45.9880644608
414.0 50.1363208192
416.0 53.8134603776
418.0 57.11433728
420.0 60.092032
422.0 62.669415424
424.0 64.7994310656
426.0 66.5148639232
428.0 67.8767423488
430.0 68.932864
432.0 69.686729728
434.0 70.1473124352
436.0 70.3661471744
438.0 70.4104912896
440.0 70.332416
442.0 70.1488263168
444.0 69.8785511424
446.0 69.550953472
448.0 69.1954436096
450.0 68.834304
452.0 68.4810964992
454.0 68.149272576
456.0 67.8358990848
458.0 67.5283603456
460.0 67.21792
462.0 66.9113432064
464.0 66.6146224128
466.0 66.3120668672
468.0 65.9794702336
470.0 65.601536
472.0 65.1799515136
474.0 64.7124774912
476.0 64.2072352768
478.0 63.6790482944
480.0 63.137536
482.0 62.5795129344
484.0 62.0032759808
486.0 61.4113482752
488.0 60.8067260416
490.0 60.190592
492.0 59.5633876992
494.0 58.9275574272
496.0 58.2728824832
498.0 57.5833567232
500.0 56.849408
502.0 56.074095616
504.0 55.2584445952
506.0 54.4082581504
508.0 53.5331557376
510.0 52.640896
512.0 51.7329139712
514.0 50.8111335424
516.0 49.8843068416
518.0 48.9637091328
520.0 48.057856
522.0 47.1690182656
524.0 46.2995613696
526.0 45.4538377216
528.0 44.6361839616
530.0 43.849344
532.0 43.0954625024
534.0 42.3779772416
536.0 41.6899811328
538.0 41.019725824
540.0 40.36032
542.0 39.714002944
544.0 39.0805065728
546.0 38.4663279616
548.0 37.8820327424
550.0 37.334528
552.0 36.8222998528
554.0 36.3446859776
556.0 35.9026325504
558.0 35.4967703552
560.0 35.126784
562.0 34.7919796224
564.0 34.4920418304
566.0 34.2213566464
568.0 33.9717238784
570.0 33.737088
572.0 33.5168182272
574.0 33.3100314624
576.0 33.1129430016
578.0 32.9211373568
580.0 32.731776
582.0 32.544275456
584.0 32.3576580096
586.0 32.1744310272
588.0 31.9990888448
590.0 31.83488
592.0 31.6817887232
594.0 31.5404142592
596.0 31.4124439552
598.0 31.2997701632
600.0 31.204096
602.0 31.1264780288
604.0 31.0677993472
606.0 31.0300942336
608.0 31.015806976
610.0 31.026688
612.0 31.06335232
614.0 31.1266041856
616.0 31.2161124352
618.0 31.3308520448
620.0 31.470208
622.0 31.634842624
624.0 31.8253709312
626.0 32.0411305984
628.0 32.2810177536
630.0 32.544512
632.0 32.8324964352
634.0 33.1460276224
636.0 33.4851055616
638.0 33.8494937088
640.0 34.239744
642.0 34.6563926016
644.0 35.0987298816
646.0 35.5733159936
648.0 36.0899280896
650.0 36.654464
652.0 37.2652363776
654.0 37.9214882816
656.0 38.6200815616
658.0 39.3557334016
660.0 40.123776
662.0 40.9241935872
664.0 41.7583108096
666.0 42.614505472
668.0 43.4759041024
670.0 44.332288
672.0 45.1838464
674.0 46.026889216
676.0 46.874189824
678.0 47.74719488
680.0 48.659072
682.0 49.5976470528
684.0 50.545746944
686.0 51.5225475072
688.0 52.5595090944
690.0 53.66592
692.0 54.8341004288
694.0 56.0807503872
696.0 57.2916822016
698.0 58.292562944
700.0 58.978304
702.0 59.3647065088
704.0 59.4331938816
706.0 59.2867416064
708.0 59.0977902592
710.0 58.978304
712.0 58.9103054848
714.0 58.9018056704
716.0 58.935804928
718.0 58.9698041856
720.0 58.978304
722.0 58.978304
724.0 58.978304
726.0 58.978304
728.0 58.978304
730.0 58.978304
732.0 58.978304
734.0 58.978304
736.0 58.978304
738.0 58.978304
740.0 58.978304
742.0 58.978304
744.0 58.978304
746.0 58.978304
748.0 58.978304
750.0 58.978304
