380.0 6.4064
382.0 6.43300912505
384.0 6.46332493608
386.0 6.49227543175
388.0 6.47869780615
390.0 6.4064
392.0 6.30922855478
394.0 6.19779475133
396.0 6.12888906914
398.0 6.18298626695
400.0 6.4064
402.0 6.7943636992
404.0 7.3604450304
406.0 8.0298172416
408.0 8.6810544128
410.0 9.235072
412.0 9.702404096
414.0 10.0764747776
416.0 10.3701204992
418.0 10.6151170048
420.0 10.831744
422.0 11.0094043136
424.0 11.1431462912
426.0 11.2403816448
428.0 11.3114394624
430.0 11.363968
432.0 11.3997492224
434.0 11.4214166528
436.0 11.4314145792
438.0 11.4313988096
440.0 11.423104
442.0 11.4088482816
444.0 11.3904924672
446.0 11.3695346688
448.0 11.3472364544
450.0 11.324544
452.0 11.3021353984
454.0 11.2805152768
456.0 11.2594470912
458.0 11.2382212096
460.0 11.216128
462.0 11.1932778496
464.0 11.1700334592
466.0 11.1437928448
468.0 11.1106924544
470.0 11.068288
472.0 11.0165794816
474.0 10.9547941888
476.0 10.884887552
478.0 10.8103288832
480.0 10.733184
482.0 10.6524121088
484.0 10.567366656
486.0 10.4775114752
488.0 10.3819792384
490.0 10.279808
492.0 10.171076608
494.0 10.0566208512
496.0 9.9320725504
498.0 9.7908873216
500.0 9.629312
502.0 9.4485608448
504.0 9.2488546304
506.0 9.034246144
508.0 8.8112009216
510.0 8.584576
512.0 8.354576384
514.0 8.121580544
516.0 7.88992512
518.0 7.66520832
520.0 7.451136
522.0 7.2482127872
524.0 7.057526784
526.0 6.8772487168
528.0 6.7037515776
530.0 6.534528
532.0 6.3705872384
534.0 6.2129543168
536.0 6.0587907072
538.0 5.9039174656
540.0 5.746048
542.0 5.5858604032
544.0 5.4231181312
546.0 5.2618739712
548.0 5.1085146112
550.0 4.967424
552.0 4.83811328
554.0 4.7204247552
556.0 4.6161403904
558.0 4.5273102336
560.0 4.454912
562.0 4.3986776064
564.0 4.3587016704
566.0 4.3316568064
568.0 4.3124178944
570.0 4.297216
572.0 4.2859249664
574.0 4.2782767104
576.0 4.2714957824
578.0 4.2621128704
580.0 4.247936
582.0 4.2288705536
584.0 4.2045538304
586.0 4.1765312512
588.0 4.147562496
590.0 4.119808
592.0 4.0934412288
594.0 4.0688248832
596.0 4.0483086336
598.0 4.034967552
600.0 4.031104
602.0 4.0373645312
604.0 4.0545376256
606.0 4.083459072
608.0 4.1247596544
610.0 4.178944
612.0 4.2466113536
614.0 4.32836096
616.0 4.4237512704
618.0 4.5318361088
620.0 4.652032
622.0 4.7845912576
624.0 4.9295611904
626.0 5.0870679552
628.0 5.257348096
630.0 5.440512
632.0 5.6370485248
634.0 5.8481088512
636.0 6.0716271616
638.0 6.304212992
640.0 6.544384
642.0 6.7936382976
644.0 7.0525751296
646.0 7.3260988416
648.0 7.6214634496
650.0 7.943936
652.0 8.29402112
654.0 8.6726649856
656.0 9.0822961152
658.0 9.5254376448
660.0 10.00384
662.0 10.5189382144
664.0 11.0728927232
666.0 11.662723072
668.0 12.2830675968
670.0 12.931072
672.0 13.6081555456
674.0 14.314144768
676.0 15.0542751744
678.0 15.8366681088
680.0 16.666496
682.0 17.5323416576
684.0 18.4131999744
686.0 19.3393170432
688.0 20.360603648
690.0 21.495936
692.0 22.7337234432
694.0 24.0927475712
696.0 25.4362386432
698.0 26.5546975232
700.0 27.320832
702.0 27.7529663488
704.0 27.8291177472
706.0 27.6643096576
708.0 27.4529024
710.0 27.320832
712.0 27.2462733312
714.0 27.2369534976
716.0 27.274232832
718.0 27.3115121664
720.0 27.320832
722.0 27.320832
724.0 27.320832
726.0 27.320832
728.0 27.320832
730.0 27.320832
732.0 27.320832
734.0 27.320832
736.0 27.320832
738.0 27.320832
740.0 27.320832
742.0 27.320832
744.0 27.320832
746.0 27.320832
748.0 27.320832
750.0 27.320832
