380.0 10.181248
382.0 10.2765962833
384.0 10.3813669403
386.0 10.4740082095
388.0 10.4239081903
390.0 10.181248
392.0 9.85147918013
394.0 9.46749990804
396.0 9.22626192438
398.0 9.40843770072
400.0 10.181248
402.0 11.52718336
404.0 13.4806110208
406.0 15.8456252416
408.0 18.2976876544
410.0 20.618752
412.0 22.8284672
414.0 24.9020276736
416.0 26.8294039552
418.0 28.6327523328
420.0 30.317056
422.0 31.844262912
424.0 33.1925164032
426.0 34.3336361984
428.0 35.2345061376
430.0 35.87584
432.0 36.2590097408
434.0 36.3835265024
436.0 36.27362816
438.0 35.9687387136
440.0 35.501312
442.0 34.8774035456
444.0 34.103258112
446.0 33.2221159424
448.0 32.2913783808
450.0 31.351936
452.0 30.4123990016
454.0 29.4859034624
456.0 28.5743101952
458.0 27.669970944
460.0 26.768896
462.0 25.8827706368
464.0 25.0231539712
466.0 24.1767837696
468.0 23.320557568
470.0 22.442112
472.0 21.5468560384
474.0 20.6332758016
476.0 19.7248206848
478.0 18.85807616
480.0 18.056192
482.0 17.3154623488
484.0 16.6372118528
486.0 16.0126568448
488.0 15.4251603968
490.0 14.862848
492.0 14.3285266432
494.0 13.8245459968
496.0 13.3387003904
498.0 12.85380096
500.0 12.359424
502.0 11.8562318336
504.0 11.3418747904
506.0 10.8273600512
508.0 10.331216896
510.0 9.865856
512.0 9.428486144
514.0 9.0174830592
516.0 8.6377826304
518.0 8.2954561536
520.0 7.993216
522.0 7.73025792
524.0 7.5076542464
526.0 7.3131204608
528.0 7.1277330432
530.0 6.938624
532.0 6.7470391296
534.0 6.5531045888
536.0 6.3531776
538.0 6.1437100032
540.0 5.923456
542.0 5.69243136
544.0 5.449264128
546.0 5.205387264
548.0 4.978383872
550.0 4.78016
552.0 4.6094856192
554.0 4.466187264
556.0 4.3533242368
558.0 4.2737350656
560.0 4.228224
562.0 4.2160656384
564.0 4.2371811328
566.0 4.2825818112
568.0 4.3387846656
570.0 4.395776
572.0 4.4531458048
574.0 4.5105313792
576.0 4.5594802176
578.0 4.589111296
580.0 4.592896
582.0 4.5715439616
584.0 4.5248659456
586.0 4.4588701696
588.0 4.3835703296
590.0 4.307072
592.0 4.2313148416
594.0 4.1591689216
596.0 4.0986925056
598.0 4.0598204416
600.0 4.050816
602.0 4.0767885312
604.0 4.1439512576
606.0 4.255741952
608.0 4.4140529664
610.0 4.622464
612.0 4.8870305792
614.0 5.212404736
616.0 5.6087420928
618.0 6.0888948736
620.0 6.662656
622.0 7.3319335936
624.0 8.0976580608
626.0 8.968013824
628.0 9.9531722752
630.0 11.058432
632.0 12.281679872
634.0 13.621622784
636.0 15.068325888
638.0 16.60657152
640.0 18.223744
642.0 19.9144343552
644.0 21.67097856
646.0 23.4842144768
648.0 25.3446803456
650.0 27.241984
652.0 29.1660171264
654.0 31.1077122048
656.0 33.0494861312
658.0 34.9698922496
660.0 36.851584
662.0 38.6893574144
664.0 40.4805947392
666.0 42.205678592
668.0 43.8393776128
670.0 45.367168
672.0 46.788560896
674.0 48.097516544
676.0 49.321237504
678.0 50.504036352
680.0 51.675008
682.0 52.823902208
684.0 53.9399168
686.0 55.040082944
688.0 56.148606976
690.0 57.273216
692.0 58.4128219136
694.0 59.585906688
696.0 60.6993823744
698.0 61.6094302208
700.0 62.230784
702.0 62.579528704
704.0 62.6419605504
706.0 62.5112147968
708.0 62.3408084992
710.0 62.230784
712.0 62.1673271296
714.0 62.1593950208
716.0 62.191123456
718.0 62.2228518912
720.0 62.230784
722.0 62.230784
724.0 62.230784
726.0 62.230784
728.0 62.230784
730.0 62.230784
732.0 62.230784
734.0 62.230784
736.0 62.230784
738.0 62.230784
740.0 62.230784
742.0 62.230784
744.0 62.230784
746.0 62.230784
748.0 62.230784
750.0 62.230784
