380.0 1.882496
382.0 1.88281893726
384.0 1.88312165322
386.0 1.88328553634
388.0 1.88309630114
390.0 1.882496
392.0 1.88161561869
394.0 1.88047266223
396.0 1.87968282408
398.0 1.88015455394
400.0 1.882496
402.0 1.8865803264
404.0 1.8922573824
406.0 1.8998267904
408.0 1.9096827904
410.0 1.92192
412.0 1.9364122624
414.0 1.9532857344
416.0 1.9710265344
418.0 1.9873480704
420.0 2.000768
422.0 2.0113809408
424.0 2.0189661184
426.0 2.02402816
428.0 2.0275920896
430.0 2.030336
432.0 2.0320391168
434.0 2.032622592
436.0 2.0323387392
438.0 2.0315029504
440.0 2.030336
442.0 2.0289482752
444.0 2.0275290112
446.0 2.0258732032
448.0 2.0235866112
450.0 2.02048
452.0 2.0166322176
454.0 2.0119171072
456.0 2.0070443008
458.0 2.0031176704
460.0 2.000768
462.0 1.999900672
464.0 2.0007364608
466.0 2.0022030336
468.0 2.0025657344
470.0 2.000768
472.0 1.9970306048
474.0 1.9912431616
476.0 1.9841941504
478.0 1.9772239872
480.0 1.9712
482.0 1.9658856448
484.0 1.9611705344
486.0 1.957165056
488.0 1.9539480576
490.0 1.951488
492.0 1.9498006528
494.0 1.949043712
496.0 1.9482867712
498.0 1.9461105664
500.0 1.941632
502.0 1.9349929984
504.0 1.9261304832
506.0 1.915533312
508.0 1.9040688128
510.0 1.892352
512.0 1.8803040256
514.0 1.86790912
516.0 1.8555930624
518.0 1.8439077888
520.0 1.833216
522.0 1.8235650048
524.0 1.8150651904
526.0 1.807511552
528.0 1.8005098496
530.0 1.793792
532.0 1.7874368512
534.0 1.781491712
536.0 1.7757831168
538.0 1.7700745216
540.0 1.764224
542.0 1.7582473216
544.0 1.7521287168
546.0 1.746010112
548.0 1.7401280512
550.0 1.734656
552.0 1.7295781888
554.0 1.724878848
556.0 1.7207314432
558.0 1.7173725184
560.0 1.714944
562.0 1.7134143488
564.0 1.7127677952
566.0 1.7129097216
568.0 1.713682432
570.0 1.714944
572.0 1.716678656
574.0 1.7189021696
576.0 1.7212833792
578.0 1.7233491968
580.0 1.7248
582.0 1.7256830976
584.0 1.7260142592
586.0 1.7258723328
588.0 1.7254150144
590.0 1.7248
592.0 1.7239799808
594.0 1.7227972608
596.0 1.7219299328
598.0 1.7224030208
600.0 1.7248
602.0 1.7290420224
604.0 1.7353340928
606.0 1.7426511872
608.0 1.7493374976
610.0 1.754368
612.0 1.7579476992
614.0 1.7599977472
616.0 1.7611016192
618.0 1.7622843392
620.0 1.764224
622.0 1.7667944448
624.0 1.7700114432
626.0 1.7739380736
628.0 1.778574336
630.0 1.783936
632.0 1.7901965312
634.0 1.7975924736
636.0 1.805855744
638.0 1.8145132544
640.0 1.82336
642.0 1.8327271424
644.0 1.842914304
646.0 1.8542841856
648.0 1.8673098752
650.0 1.882496
652.0 1.9005364224
654.0 1.9224088576
656.0 1.9481448448
658.0 1.977428992
660.0 2.010624
662.0 2.0493856768
664.0 2.0954329088
666.0 2.1505476608
668.0 2.2167799808
670.0 2.296448
672.0 2.3917910016
674.0 2.5049694208
676.0 2.640146432
678.0 2.8024471552
680.0 2.996224
682.0 3.217156096
684.0 3.45433088
686.0 3.731402752
688.0 4.085666816
690.0 4.53376
692.0 5.0687594496
694.0 5.701341184
696.0 6.3537137664
698.0 6.9057916928
700.0 7.283584
702.0 7.4970886144
704.0 7.5342260224
706.0 7.4516721664
708.0 7.3471197184
710.0 7.283584
712.0 7.2483862528
714.0 7.2439865344
716.0 7.261585408
718.0 7.2791842816
720.0 7.283584
722.0 7.283584
724.0 7.283584
726.0 7.283584
728.0 7.283584
730.0 7.283584
732.0 7.283584
734.0 7.283584
736.0 7.283584
738.0 7.283584
740.0 7.283584
742.0 7.283584
744.0 7.283584
746.0 7.283584
748.0 7.283584
750.0 7.283584
