380.0 14.251776
382.0 14.385124643
384.0 14.5354427338
386.0 14.6759070882
388.0 14.6072620194
390.0 14.251776
392.0 13.7722625293
394.0 13.2193321391
396.0 12.875511172
398.0 13.141973725
400.0 14.251776
402.0 16.179767296
404.0 18.9867087872
406.0 22.3274512384
408.0 25.6394930176
410.0 28.552832
412.0 31.1136731136
414.0 33.2926060544
416.0 35.1178268672
418.0 36.690497536
420.0 38.073728
422.0 39.218837504
424.0 40.0985761792
426.0 40.7498921984
428.0 41.2303446016
430.0 41.582464
432.0 41.8114701312
434.0 41.9280390144
436.0 41.9536961536
438.0 41.9109920768
440.0 41.819008
442.0 41.6907853824
444.0 41.5387191296
446.0 41.3738006528
448.0 41.205097472
450.0 41.040384
452.0 40.8869300224
454.0 40.7507437568
456.0 40.6341117952
458.0 40.5369552896
460.0 40.45888
462.0 40.402345984
464.0 40.3702075392
466.0 40.3540752384
468.0 40.3405449216
470.0 40.320896
472.0 40.295743488
474.0 40.2634000384
476.0 40.2268776448
478.0 40.1923264512
480.0 40.1632
482.0 40.1364862976
484.0 40.1097095168
486.0 40.082538496
488.0 40.0548155392
490.0 40.025216
492.0 39.9922417664
494.0 39.95582976
496.0 39.9065655296
498.0 39.8308083712
500.0 39.71968
502.0 39.5737954304
504.0 39.3924765696
506.0 39.1777261568
508.0 38.934038528
510.0 38.665088
512.0 38.3709534208
514.0 38.0520921088
516.0 37.7140707328
518.0 37.3645375488
520.0 37.00928
522.0 36.6493231104
524.0 36.2856603648
526.0 35.9224707072
528.0 35.5647215616
530.0 35.215488
532.0 34.8759369728
534.0 34.5485443072
536.0 34.2275383296
538.0 33.903141888
540.0 33.569536
542.0 33.2290387968
544.0 32.8825491456
546.0 32.5331421184
548.0 32.1858639872
550.0 31.844736
552.0 31.5101681664
554.0 31.1825547264
556.0 30.8670050304
558.0 30.5703788544
560.0 30.297344
562.0 30.0483104768
564.0 29.8241613824
566.0 29.624455168
568.0 29.4475360256
570.0 29.292032
572.0 29.1581323264
574.0 29.045789696
576.0 28.9524494336
578.0 28.8744845312
580.0 28.809088
582.0 28.755786752
584.0 28.7141707776
586.0 28.6816223232
588.0 28.6548297728
590.0 28.63168
592.0 28.6124253184
594.0 28.5974126592
596.0 28.586894336
598.0 28.5815011328
600.0 28.5824
602.0 28.5907421184
604.0 28.607473664
606.0 28.6372151296
608.0 28.6863532032
610.0 28.759808
612.0 28.858525696
614.0 28.9833578496
616.0 29.1384676352
618.0 29.3289801728
620.0 29.558144
622.0 29.8263218176
624.0 30.1343967232
626.0 30.4796090368
628.0 30.8570701824
630.0 31.263232
632.0 31.6984098816
634.0 32.1626195968
636.0 32.652928
638.0 33.1654715392
640.0 33.697664
642.0 34.2484488192
644.0 34.815649792
646.0 35.4024050688
648.0 36.0143917056
650.0 36.654464
652.0 37.3211711488
654.0 38.0151912448
656.0 38.7289233408
658.0 39.4506190848
660.0 40.173056
662.0 40.9005234176
664.0 41.6384145408
666.0 42.382534656
668.0 43.1261816832
670.0 43.869056
672.0 44.6143903744
674.0 45.358258176
676.0 46.1388691456
678.0 47.0137034752
680.0 48.018432
682.0 49.1352823808
684.0 50.3423348736
686.0 51.6554379264
688.0 53.0990344192
690.0 54.671232
692.0 56.3622219776
694.0 58.1961949184
696.0 59.9950804992
698.0 61.489691648
700.0 62.516608
702.0 63.0967400448
704.0 63.1990689792
706.0 62.9780422656
708.0 62.694252544
710.0 62.516608
712.0 62.4161871872
714.0 62.4036345856
716.0 62.453844992
718.0 62.5040553984
720.0 62.516608
722.0 62.516608
724.0 62.516608
726.0 62.516608
728.0 62.516608
730.0 62.516608
732.0 62.516608
734.0 62.516608
736.0 62.516608
738.0 62.516608
740.0 62.516608
742.0 62.516608
744.0 62.516608
746.0 62.516608
748.0 62.516608
750.0 62.516608
