380.0 17.842413
382.0 17.8754374051
384.0 17.9081468946
386.0 17.9412052768
388.0 17.9784112256
390.0 18.021135
392.0 18.0661844217
394.0 18.1124808119
396.0 18.1538353154
398.0 18.1814480829
400.0 18.189928
402.0 18.179681272
404.0 18.1496877488
406.0 18.1048404416
408.0 18.0534797104
410.0 18.001277
412.0 17.9474379904
414.0 17.8920421136
416.0 17.8368051008
418.0 17.783474456
420.0 17.733194
422.0 17.6869963488
424.0 17.6465654608
426.0 17.6089941248
428.0 17.5692781248
430.0 17.524685
432.0 17.4761679344
434.0 17.4231232448
436.0 17.3706345792
438.0 17.3267245696
440.0 17.296318
442.0 17.2779850944
444.0 17.2711857152
446.0 17.27407704
448.0 17.2834023568
450.0 17.296318
452.0 17.3127763104
454.0 17.333333312
456.0 17.3514279216
458.0 17.3576077312
460.0 17.345963
462.0 17.316811456
464.0 17.2689775056
466.0 17.2068457952
468.0 17.1381212288
470.0 17.067951
472.0 16.9949847648
474.0 16.9184282032
476.0 16.8405212976
478.0 16.7641236
480.0 16.690649
482.0 16.6205740896
484.0 16.5559164416
486.0 16.4897495856
488.0 16.4110324736
490.0 16.313347
492.0 16.1992667616
494.0 16.0698720336
496.0 15.9299922816
498.0 15.7873324096
500.0 15.648104
502.0 15.5122276208
504.0 15.3785753376
506.0 15.2580293344
508.0 15.1660788512
510.0 15.111938
512.0 15.0941770048
514.0 15.1137808224
516.0 15.16118584
518.0 15.2205850896
520.0 15.280731
522.0 15.3435775984
524.0 15.411317208
526.0 15.4734171456
528.0 15.5152619232
530.0 15.528956
532.0 15.5179784976
534.0 15.4842198976
536.0 15.4389436576
538.0 15.3994659536
540.0 15.380021
542.0 15.383039416
544.0 15.4101098416
546.0 15.4814238912
548.0 15.6242267408
550.0 15.856613
552.0 16.1770099152
554.0 16.5836223232
556.0 17.0791985712
558.0 17.6654067312
560.0 18.338863
562.0 19.0941342288
564.0 19.9285038432
566.0 20.8096589056
568.0 21.691052264
570.0 22.53883
572.0 23.349354128
574.0 24.1168896576
576.0 24.8254072112
578.0 25.4580672048
580.0 26.004051
582.0 26.4592281328
584.0 26.8179589312
586.0 27.0936832896
588.0 27.309992512
590.0 27.483472
592.0 27.6125807728
594.0 27.6982402416
596.0 27.7487907664
598.0 27.7740819152
600.0 27.781342
602.0 27.7744790752
604.0 27.7590374944
606.0 27.7315222496
608.0 27.6839107088
610.0 27.612549
612.0 27.5232515456
614.0 27.4206254016
616.0 27.3095000336
618.0 27.1959917056
620.0 27.086312
622.0 26.9849726544
624.0 26.8962153376
626.0 26.8304933008
628.0 26.800992256
630.0 26.818229
632.0 26.8865087472
634.0 27.0104067808
636.0 27.1965795024
638.0 27.451778632
640.0 27.781342
642.0 28.1886216368
644.0 28.6767948224
646.0 29.2468624
648.0 29.8983477776
650.0 30.630965
652.0 31.445857888
654.0 32.343598352
656.0 33.322756616
658.0 34.38094972
660.0 35.516033
662.0 36.725861792
664.0 38.006861656
666.0 39.35974748
668.0 40.786902224
670.0 42.287611
672.0 43.855836976
674.0 45.48594048
676.0 47.168866264
678.0 48.893096688
680.0 50.647829
682.0 52.4260890704
684.0 54.220918656
686.0 56.0181312016
688.0 57.8005693952
690.0 59.554142
692.0 61.2717954544
694.0 62.9462696736
696.0 64.5680010448
698.0 66.127378296
700.0 67.61649
702.0 69.03157108
704.0 70.3709058048
706.0 71.6264397696
708.0 72.7883234064
710.0 73.851902
712.0 74.814538408
714.0 75.6672250416
716.0 76.4388116032
718.0 77.1752892208
720.0 77.902934
722.0 78.6191246848
724.0 79.3365703952
726.0 80.0057214496
728.0 80.546192664
730.0 80.911421
732.0 81.1178003863
734.0 81.167092541
736.0 81.1043855757
738.0 81.002046223
740.0 80.911421
742.0 80.8440459415
744.0 80.8296052039
746.0 80.8547968536
748.0 80.8842402057
750.0 80.911421
