380.0 4.947712
382.0 4.96317526232
384.0 4.98076523251
386.0 4.99751051048
388.0 4.98960994088
390.0 4.947712
392.0 4.89148401987
394.0 4.82727692396
396.0 4.78771567562
398.0 4.81895993128
400.0 4.947712
402.0 5.1717507072
404.0 5.4995218432
406.0 5.8881636352
408.0 6.2678956032
410.0 6.593664
412.0 6.8724862976
414.0 7.1014766592
416.0 7.2897026048
418.0 7.4575857664
420.0 7.618688
422.0 7.7679945728
424.0 7.9037708288
426.0 8.0322930688
428.0 8.1618403328
430.0 8.298752
432.0 8.4455354368
434.0 8.6055968768
436.0 8.7804028928
438.0 8.9701111808
440.0 9.175936
442.0 9.40183552
444.0 9.6516732928
446.0 9.9276097536
448.0 10.2313795584
450.0 10.565632
452.0 10.9345775616
454.0 11.3423794176
456.0 11.7940996096
458.0 12.2954940416
460.0 12.852224
462.0 13.4652672
464.0 14.1318639616
466.0 14.8702124032
468.0 15.7069631488
470.0 16.65664
472.0 17.7122727936
474.0 18.8700925952
476.0 20.1116489728
478.0 21.4086354944
480.0 22.737792
482.0 24.0911075328
484.0 25.4579376128
486.0 26.8174348288
488.0 28.1453139968
490.0 29.42016
492.0 30.6296410112
494.0 31.7629390848
496.0 32.7961790464
498.0 33.700975616
500.0 34.456576
502.0 35.0579812352
504.0 35.5013750784
506.0 35.7791092736
508.0 35.8846394368
510.0 35.816704
512.0 35.5775422464
514.0 35.1678795776
516.0 34.6126635008
518.0 33.949031424
520.0 33.204864
522.0 32.3846240256
524.0 31.4950924288
526.0 30.553126912
528.0 29.5774932992
530.0 28.5824
532.0 27.5764414464
534.0 26.570356736
536.0 25.5600930816
538.0 24.5339809792
540.0 23.486848
542.0 22.4270678016
544.0 21.3596235776
546.0 20.2946236416
548.0 19.2458663936
550.0 18.223744
552.0 17.2306219008
554.0 16.2693543936
556.0 15.3454608384
558.0 14.4646182912
560.0 13.630848
562.0 12.8461211648
564.0 12.1125351424
566.0 11.428150272
568.0 10.7887087616
570.0 10.191104
572.0 9.6356356096
574.0 9.121846272
576.0 8.6474809344
578.0 8.2097010688
580.0 7.805952
582.0 7.4349563904
584.0 7.0956734464
586.0 6.7844603904
588.0 6.4966651904
590.0 6.228992
592.0 5.9805577216
594.0 5.7500534784
596.0 5.5379208192
598.0 5.345736704
600.0 5.1744
602.0 5.022696448
604.0 4.8894748672
606.0 4.7757287424
608.0 4.6831927296
610.0 4.612608
612.0 4.563091456
614.0 4.5342173184
616.0 4.5235570688
618.0 4.5275625472
620.0 4.543616
622.0 4.5707712512
624.0 4.6072936448
626.0 4.6535931904
628.0 4.711168
630.0 4.78016
632.0 4.8582668288
634.0 4.9436749824
636.0 5.032788992
638.0 5.1208779776
640.0 5.203968
642.0 5.2808763392
644.0 5.350940672
646.0 5.4086258688
648.0 5.4465990656
650.0 5.460224
652.0 5.450525696
654.0 5.4187972608
656.0 5.3649913856
658.0 5.2894234624
660.0 5.194112
662.0 5.0822424576
664.0 4.9565587456
666.0 4.8274057216
668.0 4.7089760256
670.0 4.612608
672.0 4.5419286528
674.0 4.5008961536
676.0 4.4988145664
678.0 4.5464860672
680.0 4.652032
682.0 4.8114311168
684.0 5.0135343104
686.0 5.281790976
688.0 5.6525500416
690.0 6.140288
692.0 6.7373723648
694.0 7.455788032
696.0 8.2033774592
698.0 8.8387661824
700.0 9.274496
702.0 9.5212271616
704.0 9.5639785472
706.0 9.4681939968
708.0 9.3473357824
710.0 9.274496
712.0 9.2343781376
714.0 9.2293634048
716.0 9.249422336
718.0 9.2694812672
720.0 9.274496
722.0 9.274496
724.0 9.274496
726.0 9.274496
728.0 9.274496
730.0 9.274496
732.0 9.274496
734.0 9.274496
736.0 9.274496
738.0 9.274496
740.0 9.274496
742.0 9.274496
744.0 9.274496
746.0 9.274496
748.0 9.274496
750.0 9.274496
