380.0 51.114492
382.0 51.5246747434
384.0 51.927114653
386.0 52.3103217571
388.0 52.6582815763
390.0 52.961286
392.0 53.219711133
394.0 53.431020244
396.0 53.6060878399
398.0 53.7632038038
400.0 53.91447
402.0 54.0584484432
404.0 54.1964853728
406.0 54.3278500144
408.0 54.44944452
410.0 54.559855
412.0 54.661210232
414.0 54.7543204224
416.0 54.8421086688
418.0 54.9287054352
420.0 55.016589
422.0 55.1067125472
424.0 55.2019356288
426.0 55.2959672304
428.0 55.378322328
430.0 55.443536
432.0 55.4939435472
434.0 55.5286235584
436.0 55.5598879936
438.0 55.6068799648
440.0 55.681832
442.0 55.7825835488
444.0 55.9090710656
446.0 56.0587527264
448.0 56.2261477232
450.0 56.406649
452.0 56.6008761264
454.0 56.8101000144
456.0 57.0238515264
458.0 57.2268797184
460.0 57.409478
462.0 57.5720594176
464.0 57.7127652624
466.0 57.8371875472
468.0 57.955573
470.0 58.074721
472.0 58.1922168144
474.0 58.3061540752
476.0 58.420567928
478.0 58.5410980448
480.0 58.670461
482.0 58.8084184976
484.0 58.95721052
486.0 59.1054465184
488.0 59.2352542928
490.0 59.335704
492.0 59.4098617152
494.0 59.4586806224
496.0 59.4870060736
498.0 59.5032578608
500.0 59.514426
502.0 59.5196367392
504.0 59.5161576176
506.0 59.51998624
508.0 59.5545550464
510.0 59.633574
512.0 59.7547236864
514.0 59.920244088
516.0 60.1130096656
518.0 60.3050603552
520.0 60.477539
522.0 60.6339247216
524.0 60.7761080016
526.0 60.8967652096
528.0 60.9871588256
530.0 61.043492
532.0 61.0684177616
534.0 61.0634135456
536.0 61.0426023616
538.0 61.0271131216
540.0 61.033563
542.0 61.063667728
544.0 61.1180627616
546.0 61.2171780112
548.0 61.3884969488
550.0 61.649161
552.0 61.9959928848
554.0 62.4263713472
556.0 62.9354669216
558.0 63.514144928
560.0 64.151269
562.0 64.8429946288
564.0 65.5900049296
566.0 66.3500420784
568.0 67.0621022992
570.0 67.685993
572.0 68.2213011344
574.0 68.6599246384
576.0 69.0146679504
578.0 69.3128556784
580.0 69.572503
582.0 69.788002016
584.0 69.9587172704
586.0 70.0890810688
588.0 70.1837798992
590.0 70.247675
592.0 70.2841184016
594.0 70.2950482448
596.0 70.290806576
598.0 70.2852145632
600.0 70.287391
602.0 70.2995282096
604.0 70.32670984
606.0 70.3608020544
608.0 70.3868716368
610.0 70.39661
612.0 70.3951325648
614.0 70.3848699504
616.0 70.373098128
618.0 70.3708581456
620.0 70.386681
622.0 70.4220917856
624.0 70.479139848
626.0 70.5647834304
628.0 70.6874423248
630.0 70.853344
632.0 71.0640929824
634.0 71.3210555024
636.0 71.6267892704
638.0 71.9835978144
640.0 72.392339
642.0 72.8518054608
644.0 73.3601543744
646.0 73.914335552
648.0 74.5101390976
650.0 75.142672
652.0 75.8086140016
654.0 76.505645688
656.0 77.2206290064
658.0 77.9356123248
660.0 78.63768
662.0 79.3242584352
664.0 79.9912965984
666.0 80.6368881216
668.0 81.2614301648
670.0 81.864605
672.0 82.4434577568
674.0 82.9960185216
676.0 83.5219695664
678.0 84.0217080512
680.0 84.49579
682.0 84.9438182528
684.0 85.3651096944
686.0 85.763365856
688.0 86.1442264096
690.0 86.511377
692.0 86.8643886944
694.0 87.203388584
696.0 87.5280112816
698.0 87.8371447392
700.0 88.129804
702.0 88.40702168
704.0 88.6707994656
706.0 88.9159107312
708.0 89.1341739808
710.0 89.321284
712.0 89.4780986544
714.0 89.6024415072
716.0 89.705973176
718.0 89.8071218848
720.0 89.917024
722.0 90.034424496
724.0 90.162548312
726.0 90.289083488
728.0 90.393377704
730.0 90.463119
732.0 90.5025066304
734.0 90.5122342
736.0 90.5005151295
738.0 90.4809060671
740.0 90.463119
742.0 90.4497060137
744.0 90.4470847577
746.0 90.4523534936
748.0 90.4580459936
750.0 90.463119
