380.0 5.530453
382.0 5.44232908689
384.0 5.35479783531
386.0 5.26904867296
388.0 5.18807569216
390.0 5.113435
392.0 5.04393253208
394.0 4.97951523239
396.0 4.91747063115
398.0 4.85367852591
400.0 4.785778
402.0 4.7141938816
404.0 4.6383363216
406.0 4.5618433056
408.0 4.4905928016
410.0 4.428334
412.0 4.3744949904
414.0 4.3294252736
416.0 4.2918221648
418.0 4.25914384
420.0 4.229754
422.0 4.2043834192
424.0 4.1835563488
426.0 4.1665420144
428.0 4.1523078
430.0 4.140393
432.0 4.1310517968
434.0 4.1242047584
436.0 4.12172648
438.0 4.1264765136
440.0 4.140393
442.0 4.1634123936
444.0 4.195757104
446.0 4.2375542224
448.0 4.2886448848
450.0 4.348902
452.0 4.4185956368
454.0 4.4980117504
456.0 4.58640368
458.0 4.6825799456
460.0 4.785778
462.0 4.8964108896
464.0 5.015018752
466.0 5.1409343584
468.0 5.2731250928
470.0 5.411305
472.0 5.5561571952
474.0 5.7079994064
476.0 5.8694528896
478.0 6.0443303808
480.0 6.235412
482.0 6.4435079536
484.0 6.6701274496
486.0 6.9150957376
488.0 7.1773007696
490.0 7.456679
492.0 7.7550573648
494.0 8.0737703216
496.0 8.4157568544
498.0 8.7849091312
500.0 9.184325
502.0 9.6142268704
504.0 10.0740587184
506.0 10.5686817824
508.0 11.1049272144
510.0 11.686433
512.0 12.31076852
514.0 12.9756302464
516.0 13.6775072848
518.0 14.4113159872
520.0 15.171512
522.0 15.9563319328
524.0 16.7664589008
526.0 17.5835758848
528.0 18.3813114608
530.0 19.143112
532.0 19.8732032848
534.0 20.5751438688
536.0 21.2503953008
538.0 21.9026114528
540.0 22.53883
542.0 23.1661998224
544.0 23.7905512288
546.0 24.4403208752
548.0 25.1548276016
550.0 25.964335
552.0 26.8741809008
554.0 27.8887022912
556.0 29.0346836416
558.0 30.345645256
560.0 31.842303
562.0 33.5205581824
564.0 35.3749458816
566.0 37.4003506768
568.0 39.587240728
570.0 41.920238
572.0 44.3856643024
574.0 46.9732570208
576.0 49.6257456832
578.0 52.2637777216
580.0 54.827938
582.0 57.3080274496
584.0 59.6926396352
586.0 61.9447592448
588.0 64.0223667504
590.0 65.898773
592.0 67.567003864
594.0 69.0153987248
596.0 70.2745071296
598.0 71.3977073824
600.0 72.422126
602.0 73.3448398848
604.0 74.1697729776
606.0 74.9097932624
608.0 75.5778481552
610.0 76.185217
612.0 76.740684976
614.0 77.2526401024
616.0 77.7277387808
618.0 78.1712235232
620.0 78.588035
622.0 78.9842577024
624.0 79.3657854848
626.0 79.7336509632
628.0 80.0865832256
630.0 80.4249
632.0 80.7516514752
634.0 81.0679496992
636.0 81.3801174592
638.0 81.6968922752
640.0 82.023469
642.0 82.3593710416
644.0 82.7055992432
646.0 83.0559579088
648.0 83.4002003104
650.0 83.731257
652.0 84.0500017296
654.0 84.3565774768
656.0 84.647822848
658.0 84.9200045392
660.0 85.170962
662.0 85.4005681392
664.0 85.608155728
666.0 85.7974739568
668.0 85.9746390896
670.0 86.144004
672.0 86.3049967776
674.0 86.4570772848
676.0 86.603835848
678.0 86.7501178192
680.0 86.898608
682.0 87.049449368
684.0 87.204341768
686.0 87.35653348
688.0 87.49514232
690.0 87.613496
692.0 87.7126430224
694.0 87.791344248
696.0 87.8550328256
698.0 87.9130022992
700.0 87.97094
702.0 88.0277021072
704.0 88.0842735776
706.0 88.136237992
708.0 88.1760493104
710.0 88.199307
712.0 88.2077585648
714.0 88.201769392
716.0 88.1848980352
718.0 88.1628635984
720.0 88.139733
722.0 88.1153314896
724.0 88.0898179312
726.0 88.0654958528
728.0 88.0451453744
730.0 88.030514
732.0 88.0219049394
734.0 88.0199881578
736.0 88.0228372963
738.0 88.0271093697
740.0 88.030514
742.0 88.0329329894
744.0 88.0334572406
746.0 88.0325585569
748.0 88.0314975886
750.0 88.030514
