380.0 9.710562
382.0 9.63815384111
384.0 9.56572493109
386.0 9.49389689184
388.0 9.42587132704
390.0 9.363047
392.0 9.30321828552
394.0 9.24583455641
396.0 9.18703131285
398.0 9.12123805329
400.0 9.045319
402.0 8.9597548496
404.0 8.8636739024
406.0 8.7626681712
408.0 8.665713472
410.0 8.578656
412.0 8.5008444128
414.0 8.4329459392
416.0 8.3737055536
418.0 8.320263704
420.0 8.270857
422.0 8.2266451488
424.0 8.1884701296
426.0 8.1556170544
428.0 8.1269738752
430.0 8.102064
432.0 8.0811892704
434.0 8.0641908224
436.0 8.0533086384
438.0 8.0519582944
440.0 8.062348
442.0 8.0838899584
444.0 8.1160599184
446.0 8.1593503584
448.0 8.2143173024
450.0 8.280786
452.0 8.3582957456
454.0 8.4470530624
456.0 8.5424032352
458.0 8.63743568
460.0 8.727591
462.0 8.8129962864
464.0 8.8929366512
466.0 8.968428824
468.0 9.0418557648
470.0 9.114822
472.0 9.1863108
474.0 9.255257776
476.0 9.323887024
478.0 9.39561412
480.0 9.472266
482.0 9.5535567088
484.0 9.640423544
486.0 9.7281641312
488.0 9.8093118624
490.0 9.879355
492.0 9.9399298432
494.0 9.9919578032
496.0 10.0370751792
498.0 10.0780620912
500.0 10.117651
502.0 10.1558419056
504.0 10.1913321232
506.0 10.2333357648
508.0 10.2954357024
510.0 10.385734
512.0 10.5024672672
514.0 10.6458261408
516.0 10.8088047184
518.0 10.979805928
520.0 11.150267
522.0 11.3217448016
524.0 11.4967652704
526.0 11.6637631072
528.0 11.806137024
530.0 11.9148
532.0 11.994549728
534.0 12.0490083072
536.0 12.0875804864
538.0 12.1244845936
540.0 12.172954
542.0 12.2388349008
544.0 12.3275445584
546.0 12.461609888
548.0 12.6707384576
550.0 12.977203
552.0 13.3841172496
554.0 13.892974528
556.0 14.5213769664
558.0 15.2912477968
560.0 16.214057
562.0 17.2839901536
564.0 18.4956776544
566.0 19.8319939632
568.0 21.267203112
570.0 22.777126
572.0 24.3515317856
574.0 25.9819371312
576.0 27.6238601168
578.0 29.2177267424
580.0 30.720326
582.0 32.124207168
584.0 33.4199337248
586.0 34.5929378416
588.0 35.6313841504
590.0 36.528791
592.0 37.2801224016
594.0 37.8786425216
596.0 38.3488005296
598.0 38.7303124256
600.0 39.050757
602.0 39.3105472992
604.0 39.5158154736
606.0 39.66992944
608.0 39.7722537424
610.0 39.825219
612.0 39.8385476896
614.0 39.820770808
616.0 39.7793231904
618.0 39.7219097408
620.0 39.656426
622.0 39.5901638256
624.0 39.5299067104
626.0 39.4864097472
628.0 39.47214376
630.0 39.497562
632.0 39.5683041392
634.0 39.6896762352
636.0 39.8699868752
638.0 40.1181324432
640.0 40.440817
642.0 40.8408842112
644.0 41.3206534912
646.0 41.8819200032
648.0 42.5253986352
650.0 43.250724
652.0 44.0576101424
654.0 44.9458505392
656.0 45.908359856
658.0 46.9346530688
660.0 48.016644
662.0 49.1513618928
664.0 50.333993168
666.0 51.5624567072
668.0 52.8362759184
670.0 54.152766
672.0 55.5057153696
674.0 56.8899609472
676.0 58.2955737328
678.0 59.7100034704
680.0 61.122924
682.0 62.5293946512
684.0 63.9240458208
686.0 65.2995538784
688.0 66.648372784
690.0 67.964005
692.0 69.2417004928
694.0 70.4769316384
696.0 71.665774496
698.0 72.8049723536
700.0 73.891618
702.0 74.9236938624
704.0 75.90045328
706.0 76.8180358576
708.0 77.6715962432
710.0 78.458958
712.0 79.1786278064
714.0 79.8254108096
716.0 80.4154793648
718.0 80.97456944
720.0 81.51709
722.0 82.0420084288
724.0 82.5579192688
726.0 83.0325254688
728.0 83.4137196368
730.0 83.671683
732.0 83.8173523186
734.0 83.851901134
736.0 83.8074945414
738.0 83.7353315956
740.0 83.671683
742.0 83.6244971995
744.0 83.6141551531
746.0 83.6315694599
748.0 83.6523423342
750.0 83.671683
