380.0 17.723265
382.0 17.3770454637
384.0 17.0325228838
386.0 16.6927084551
388.0 16.3654803879
390.0 16.055193
392.0 15.7590806135
394.0 15.4773266442
396.0 15.2044329535
398.0 14.9318569907
400.0 14.655204
402.0 14.3757304512
404.0 14.091713392
406.0 13.8153218048
408.0 13.5656193696
410.0 13.354505
412.0 13.1802153056
414.0 13.0441959488
416.0 12.9394728
418.0 12.8536544672
420.0 12.778623
422.0 12.7163165392
424.0 12.667100472
426.0 12.6299580688
428.0 12.6043333056
430.0 12.589972
432.0 12.5864928784
434.0 12.5935782128
436.0 12.6129755072
438.0 12.6474648816
440.0 12.699191
442.0 12.768535136
444.0 12.8561168592
446.0 12.9635565824
448.0 13.0927606736
450.0 13.245286
452.0 13.4218951088
454.0 13.6233187744
456.0 13.850637272
458.0 14.1049626496
460.0 14.387121
462.0 14.6982243712
464.0 15.04005204
466.0 15.4104752288
468.0 15.8056812016
470.0 16.223986
472.0 16.668487472
474.0 17.1424899888
476.0 17.6473121216
478.0 18.1841453504
480.0 18.755881
482.0 19.3672532176
484.0 20.0226466496
486.0 20.7318155456
488.0 21.5073895936
490.0 22.360108
492.0 23.2934181136
494.0 24.3091945296
496.0 25.4229900336
498.0 26.6554569456
500.0 28.019638
502.0 29.5123400304
504.0 31.1293849136
506.0 32.8716146288
508.0 34.739346904
510.0 36.727371
512.0 38.8269493968
514.0 41.0318228528
516.0 43.3081851088
518.0 45.6086946928
520.0 47.897496
522.0 50.1664075344
524.0 52.4048966128
526.0 54.5930258032
528.0 56.7099839216
530.0 58.739964
532.0 60.673418312
534.0 62.5000048112
536.0 64.2222176624
538.0 65.8497475696
540.0 67.388123
542.0 68.833547104
544.0 70.1865282464
546.0 71.4419668928
548.0 72.5918404112
550.0 73.633464
552.0 74.5700149392
554.0 75.4006194768
556.0 76.1469466624
558.0 76.841563616
560.0 77.505774
562.0 78.1404833392
564.0 78.7527928544
566.0 79.3310260416
568.0 79.8527830768
570.0 80.305752
572.0 80.6969863728
574.0 81.0279318576
576.0 81.3136805344
578.0 81.5775059792
580.0 81.834818
582.0 82.08582312
584.0 82.3347788944
586.0 82.5762680608
588.0 82.7988524112
590.0 82.996511
592.0 83.1739144288
594.0 83.3326989968
596.0 83.4809985408
598.0 83.6309661568
600.0 83.790831
602.0 83.9607678208
604.0 84.1424288048
606.0 84.3351308368
608.0 84.5361732288
610.0 84.744015
612.0 84.960387768
614.0 85.1864830128
616.0 85.4217129376
618.0 85.6649654944
620.0 85.915637
622.0 86.1731237712
624.0 86.4355829856
626.0 86.706700288
628.0 86.9925125104
630.0 87.295768
632.0 87.614449184
634.0 87.948540176
636.0 88.288588568
638.0 88.6202966
640.0 88.934053
642.0 89.22954004
644.0 89.504295328
646.0 89.760384096
648.0 90.002969424
650.0 90.234752
652.0 90.4537777968
654.0 90.66011036
656.0 90.8489678832
658.0 91.0130426224
660.0 91.14822
662.0 91.2559774512
664.0 91.3365214992
666.0 91.3949834512
668.0 91.4394653712
670.0 91.475877
672.0 91.5046790432
674.0 91.5270788672
676.0 91.5459836832
678.0 91.5644913392
680.0 91.585096
682.0 91.609005032
684.0 91.6370921872
686.0 91.6711367424
688.0 91.7130450656
690.0 91.763818
692.0 91.8232649088
694.0 91.8912428144
696.0 91.965654712
698.0 92.0432438896
700.0 92.121262
702.0 92.1999155664
704.0 92.280364296
706.0 92.3560471056
708.0 92.4173527232
710.0 92.458848
712.0 92.4808824368
714.0 92.4809142096
716.0 92.4699049344
718.0 92.4655679472
720.0 92.478706
722.0 92.5074286112
724.0 92.5535468304
726.0 92.6080848416
728.0 92.6557917008
730.0 92.687215
732.0 92.705080435
734.0 92.7098034085
736.0 92.704676814
738.0 92.6956918766
740.0 92.687215
742.0 92.6806558171
744.0 92.6796549739
746.0 92.6825124736
748.0 92.6851088738
750.0 92.687215
