380.0 21.913303
382.0 21.7523049776
384.0 21.5911640536
386.0 21.4306851897
388.0 21.2758722217
390.0 21.128912
392.0 20.9862940863
394.0 20.8472297855
396.0 20.7056768688
398.0 20.55292404
400.0 20.384237
402.0 20.200669648
404.0 20.0010888048
406.0 19.7952328336
408.0 19.5985115424
410.0 19.421124
412.0 19.2619899312
414.0 19.1218083376
416.0 19.000293264
418.0 18.8953794784
420.0 18.805526
422.0 18.732607424
424.0 18.679149688
426.0 18.639274824
428.0 18.603689288
430.0 18.56723
432.0 18.5315809184
434.0 18.496217792
436.0 18.4692744576
438.0 18.4636188992
440.0 18.487798
442.0 18.5406361664
444.0 18.6221016256
446.0 18.7331157888
448.0 18.87383752
450.0 19.043822
452.0 19.2432439792
454.0 19.4727071408
456.0 19.7264764944
458.0 19.995893952
460.0 20.275018
462.0 20.5641981392
464.0 20.8633072784
466.0 21.1705979136
468.0 21.4844019728
470.0 21.804084
472.0 22.129119744
474.0 22.4579523376
476.0 22.7969522272
478.0 23.1561278448
480.0 23.541659
482.0 23.952640168
484.0 24.3900404192
486.0 24.8493639024
488.0 25.3228262816
490.0 25.805471
492.0 26.2988866976
494.0 26.8038676944
496.0 27.3201280352
498.0 27.84766772
500.0 28.387011
502.0 28.9366486672
504.0 29.4927520992
506.0 30.0653773872
508.0 30.6704109312
510.0 31.316066
512.0 31.9976561056
514.0 32.7137991312
516.0 33.4491647008
518.0 34.1803998064
520.0 34.890506
522.0 35.580452352
524.0 36.2519228208
526.0 36.8893963936
528.0 37.4719824544
530.0 37.988354
532.0 38.4430863136
534.0 38.8387371056
536.0 39.1915740496
538.0 39.5266976576
540.0 39.864935
542.0 40.209987608
544.0 40.5641590096
546.0 40.9582847072
548.0 41.4341459328
550.0 42.019528
552.0 42.7123180176
554.0 43.5104348672
556.0 44.4174529888
558.0 45.4348021584
560.0 46.557081
562.0 47.777791976
564.0 49.0949651728
566.0 50.4598770016
568.0 51.8017535504
570.0 53.070505
572.0 54.2627157744
574.0 55.3703632416
576.0 56.3787207088
578.0 57.275952808
580.0 58.054863
582.0 58.7096686352
584.0 59.2339039488
586.0 59.6460607104
588.0 59.9771174
590.0 60.249172
592.0 60.4617479184
594.0 60.6174346384
596.0 60.7271302304
598.0 60.8031466544
600.0 60.854841
602.0 60.887964144
604.0 60.9099032624
606.0 60.9178623488
608.0 60.9038982032
610.0 60.86477
612.0 60.8080078928
614.0 60.7400935328
616.0 60.6655068848
618.0 60.5891727328
620.0 60.517255
622.0 60.4551232896
624.0 60.4063997008
626.0 60.388019136
628.0 60.4228580112
630.0 60.527184
632.0 60.7039202
634.0 60.95770544
636.0 61.29012836
638.0 61.69960032
640.0 62.185327
642.0 62.7486905168
644.0 63.388483504
646.0 64.1069141712
648.0 64.9073980944
650.0 65.789554
652.0 66.7483300128
654.0 67.7800087152
656.0 68.8694344816
658.0 69.995398968
660.0 71.141285
662.0 72.3022789984
664.0 73.4725983136
666.0 74.6405346688
668.0 75.793061216
670.0 76.919963
672.0 78.0157115536
674.0 79.0745083408
676.0 80.093906856
678.0 81.0738276672
680.0 82.01354
682.0 82.9094853008
684.0 83.758899336
686.0 84.5620045152
688.0 85.3203100464
690.0 86.034785
692.0 86.7045397376
694.0 87.3290182352
696.0 87.9093325408
698.0 88.4472301584
700.0 88.943982
702.0 89.4003823856
704.0 89.8180835008
706.0 90.195592024
708.0 90.5300484032
710.0 90.820563
712.0 91.0690580688
714.0 91.276264384
716.0 91.4486794832
718.0 91.5957557744
720.0 91.724102
722.0 91.8349414128
724.0 91.9310700192
726.0 92.0112327936
728.0 92.071775864
730.0 92.111333
732.0 92.1328518509
734.0 92.1379701601
736.0 92.1317296934
738.0 92.1211565721
740.0 92.111333
742.0 92.1039674873
744.0 92.1021087785
746.0 92.1045827242
748.0 92.1079881907
750.0 92.111333
