380.0 16.412637
382.0 16.4220657684
384.0 16.4287663327
386.0 16.42972841
388.0 16.4246924212
390.0 16.412637
392.0 16.3900609054
394.0 16.3551980105
396.0 16.3056808619
398.0 16.2390064012
400.0 16.154483
402.0 16.05241288
404.0 15.931755672
406.0 15.802043216
408.0 15.677811568
410.0 15.568672
412.0 15.4744179888
414.0 15.396940016
416.0 15.3338392352
418.0 15.2796348384
420.0 15.231086
422.0 15.1905121344
424.0 15.1594065632
426.0 15.137673968
428.0 15.1250760528
430.0 15.121867
432.0 15.128936448
434.0 15.147046944
436.0 15.17826372
438.0 15.225366896
440.0 15.29066
442.0 15.3741906912
444.0 15.475180536
446.0 15.5984113408
448.0 15.7507936896
450.0 15.936045
452.0 16.1530214512
454.0 16.4021043168
456.0 16.6760493984
458.0 16.96349792
460.0 17.256602
462.0 17.5555681616
464.0 17.8595067664
466.0 18.1666226512
468.0 18.475644904
470.0 18.785668
472.0 19.0950238672
474.0 19.4014725232
476.0 19.7083977712
478.0 20.0216775792
480.0 20.344521
482.0 20.675196416
484.0 21.0132272352
486.0 21.3544353344
488.0 21.6923867216
490.0 22.022522
492.0 22.344301032
494.0 22.6562463824
496.0 22.9579450048
498.0 23.2498734912
500.0 23.53173
502.0 23.8013698672
504.0 24.0568072928
506.0 24.2965966144
508.0 24.519308056
510.0 24.72321
512.0 24.9071903984
514.0 25.0711380464
516.0 25.2092702944
518.0 25.3134056464
520.0 25.378524
522.0 25.4052608112
524.0 25.3932348064
526.0 25.3460998576
528.0 25.2701310928
530.0 25.170015
532.0 25.0457356928
534.0 24.8976267856
536.0 24.7298981744
538.0 24.5480306672
540.0 24.355837
542.0 24.1541432656
544.0 23.9443156944
546.0 23.7255917392
548.0 23.495826736
550.0 23.253718
552.0 23.0005205568
554.0 22.7373782272
556.0 22.4630359856
558.0 22.1754286
560.0 21.873587
562.0 21.559195144
564.0 21.2343023776
566.0 20.8988451552
568.0 20.5522674528
570.0 20.195586
572.0 19.8308183696
574.0 19.4585046992
576.0 19.0885739888
578.0 18.7353239984
580.0 18.408366
582.0 18.1076999936
584.0 17.8345810048
586.0 17.588468896
588.0 17.3667424112
590.0 17.167241
592.0 16.9906001184
594.0 16.83720104
596.0 16.7023096176
598.0 16.5790152672
600.0 16.462282
602.0 16.352030384
604.0 16.2482763056
606.0 16.1472229152
608.0 16.0440248608
610.0 15.936045
612.0 15.824363608
614.0 15.7098703232
616.0 15.5959330624
618.0 15.4877149056
620.0 15.38995
622.0 15.3048306688
624.0 15.2346763264
626.0 15.18660408
628.0 15.1697486096
630.0 15.19137
632.0 15.254359576
634.0 15.361910504
636.0 15.518470976
638.0 15.728489184
640.0 15.995619
642.0 16.3221162928
644.0 16.709792112
646.0 17.1607752352
648.0 17.6769720304
650.0 18.259431
652.0 18.9090576688
654.0 19.6273771312
656.0 20.4099570816
658.0 21.249569208
660.0 22.14167
662.0 23.08730796
664.0 24.0865466336
666.0 25.1407522512
668.0 26.2525460688
670.0 27.423898
672.0 28.6536165648
674.0 29.9396365312
676.0 31.2872162976
678.0 32.704457928
680.0 34.195476
682.0 35.7561082768
684.0 37.3821130896
686.0 39.0703131584
688.0 40.8166574512
690.0 42.615268
692.0 44.4594566304
694.0 46.3428687824
696.0 48.2499516704
698.0 50.1605295664
700.0 52.057747
702.0 53.9349475696
704.0 55.7861421024
706.0 57.5933313072
708.0 59.334433088
710.0 60.993847
712.0 62.5617234752
714.0 64.0212864752
716.0 65.3912501792
718.0 66.7067235312
720.0 67.983863
722.0 69.2163616848
724.0 70.4178660032
726.0 71.5157909936
728.0 72.397343216
730.0 72.998008
732.0 73.3384369815
734.0 73.4182634051
736.0 73.3133309967
738.0 73.1447769768
740.0 72.998008
742.0 72.8898512605
744.0 72.8657833645
746.0 72.90533708
748.0 72.9531931497
750.0 72.998008
