380.0 43.072002
382.0 43.3005936139
384.0 43.5209196632
386.0 43.7209563472
388.0 43.8855553376
390.0 44.005328
392.0 44.0795633989
394.0 44.1055672314
396.0 44.0931369975
398.0 44.0591012597
400.0 44.015257
402.0 43.9609731712
404.0 43.8976658672
406.0 43.8297515072
408.0 43.7617577152
410.0 43.697529
412.0 43.6391147072
414.0 43.5877222032
416.0 43.5475296112
418.0 43.5236205792
420.0 43.518807
422.0 43.5346616272
424.0 43.5753308112
426.0 43.6299005952
428.0 43.6805782112
430.0 43.717387
432.0 43.743837856
434.0 43.7592953232
436.0 43.7778506384
438.0 43.8218241936
440.0 43.906038
442.0 44.028522144
444.0 44.1893878304
446.0 44.3899695168
448.0 44.6301083392
450.0 44.908867
452.0 45.2269762736
454.0 45.5859771408
456.0 45.976115352
458.0 46.3825371232
460.0 46.795377
462.0 47.2152863248
464.0 47.6413278
466.0 48.0741209952
468.0 48.5162871664
470.0 48.969828
472.0 49.4331866288
474.0 49.9043931392
476.0 50.3892619536
478.0 50.896768888
480.0 51.43222
482.0 51.9944238096
484.0 52.5838886816
486.0 53.1951973536
488.0 53.8194534416
490.0 54.450636
492.0 55.088951552
494.0 55.7332086176
496.0 56.3835819472
498.0 57.0415013168
500.0 57.707348
502.0 58.3780082624
504.0 59.0496375952
506.0 59.724047048
508.0 60.4050493568
510.0 61.093137
512.0 61.7851326976
514.0 62.480575744
516.0 63.1646600144
518.0 63.8157005728
520.0 64.419352
522.0 64.9757413872
524.0 65.4824063424
526.0 65.9426830096
528.0 66.3643557248
530.0 66.752667
532.0 67.1062506048
534.0 67.4255195856
536.0 67.7119037184
538.0 67.9668327792
540.0 68.192372
542.0 68.3903483168
544.0 68.5615878224
546.0 68.71344592
548.0 68.8561693376
550.0 68.996621
552.0 69.134276656
554.0 69.268755032
556.0 69.401247608
558.0 69.532548704
560.0 69.661864
562.0 69.7891299504
564.0 69.91644356
566.0 70.0298565696
568.0 70.1082400672
570.0 70.138456
572.0 70.122093008
574.0 70.0572606096
576.0 69.9527916432
578.0 69.8241753488
580.0 69.681722
582.0 69.5249391184
584.0 69.3567339152
586.0 69.17454868
588.0 68.9724260128
590.0 68.748396
592.0 68.5068591744
594.0 68.249721904
596.0 67.9886924656
598.0 67.7406104432
600.0 67.5172
602.0 67.3187153184
604.0 67.1462366736
606.0 67.0029095728
608.0 66.89127584
610.0 66.812241
612.0 66.7676637616
614.0 66.7615951568
616.0 66.781024224
618.0 66.8052986432
620.0 66.82217
622.0 66.8335605488
624.0 66.836308896
626.0 66.8453323712
628.0 66.8852548944
630.0 66.971105
632.0 67.0970206064
634.0 67.2594113872
636.0 67.45524304
638.0 67.6790347568
640.0 67.924289
642.0 68.18800324
644.0 68.468954224
646.0 68.745774744
648.0 68.988201208
650.0 69.175343
652.0 69.3112352656
654.0 69.40291568
656.0 69.4328774304
658.0 69.3764965968
660.0 69.224988
662.0 68.9889002096
664.0 68.6705685264
666.0 68.3257859872
668.0 68.037559032
670.0 67.864715
672.0 67.8071903456
674.0 67.8677016432
676.0 68.0750032768
678.0 68.4619800944
680.0 69.046266
682.0 69.8247472592
684.0 70.7968201888
686.0 71.9275982544
688.0 73.16243224
690.0 74.457571
692.0 75.8072954304
694.0 77.2071255664
696.0 78.6013954624
698.0 79.9155979024
700.0 81.100072
702.0 82.1492734016
704.0 83.0493491664
706.0 83.8197919072
708.0 84.50135024
710.0 85.121317
712.0 85.6698902784
714.0 86.1418275632
716.0 86.553317096
718.0 86.9265998368
720.0 87.27591
722.0 87.6042660016
724.0 87.920341816
726.0 88.2071072224
728.0 88.4346957888
730.0 88.586538
732.0 88.671338235
734.0 88.6917150134
736.0 88.6664183917
738.0 88.6244478911
740.0 88.586538
742.0 88.5581924058
744.0 88.5519013914
746.0 88.5622842559
748.0 88.574815205
750.0 88.586538
