380.0 4.904926
382.0 4.91454434107
384.0 4.92503909454
386.0 4.93717987668
388.0 4.95031792948
390.0 4.9645
392.0 4.98147366826
394.0 5.00215069199
396.0 5.02818500506
398.0 5.06160649413
400.0 5.103506
402.0 5.1541518432
404.0 5.2145678224
406.0 5.2811000656
408.0 5.3478706048
410.0 5.411305
412.0 5.4721816848
414.0 5.5301988176
416.0 5.5879776544
418.0 5.6499663872
420.0 5.719104
422.0 5.7950251056
424.0 5.8780633184
426.0 5.9680121152
428.0 6.064077176
430.0 6.165909
432.0 6.2743972256
434.0 6.3904314912
436.0 6.5138529328
438.0 6.6441849584
440.0 6.781507
442.0 6.9262956496
444.0 7.0783761568
446.0 7.24102112
448.0 7.4190758912
450.0 7.615543
452.0 7.8302318096
454.0 8.063857208
456.0 8.3138455984
458.0 8.5757487888
460.0 8.846739
462.0 9.1268003456
464.0 9.4145348224
466.0 9.7125954592
468.0 10.025668744
470.0 10.355947
472.0 10.699569832
474.0 11.0520572752
476.0 11.4133616704
478.0 11.7844362016
480.0 12.163025
482.0 12.5448228512
484.0 12.9285270704
486.0 13.2937236336
488.0 13.6111021328
490.0 13.860884
492.0 14.0431168944
494.0 14.1555608336
496.0 14.1982634768
498.0 14.174958128
500.0 14.089251
502.0 13.9404272048
504.0 13.7280260368
506.0 13.4632791808
508.0 13.1626290608
510.0 12.838197
512.0 12.4923024128
514.0 12.1289010128
516.0 11.7521550368
518.0 11.3652417648
520.0 10.971545
522.0 10.5751475472
524.0 10.1794014368
526.0 9.7882623824
528.0 9.405860848
530.0 9.03539
532.0 8.6788038656
534.0 8.3381517904
536.0 8.0133861152
538.0 7.703235928
540.0 7.407034
542.0 7.1257017424
544.0 6.8595568832
546.0 6.608980696
548.0 6.3744497728
550.0 6.15598
552.0 5.9531265584
554.0 5.765651152
556.0 5.5915203216
558.0 5.4277950832
560.0 5.272299
562.0 5.1248096624
564.0 4.9850570016
566.0 4.8515794688
568.0 4.72262956
570.0 4.597127
572.0 4.4748334928
574.0 4.3552089008
576.0 4.2397942048
578.0 4.1312106608
580.0 4.031174
582.0 3.9393664944
584.0 3.8558199168
586.0 3.7805342672
588.0 3.7132712496
590.0 3.653872
592.0 3.6023047456
594.0 3.5582835312
596.0 3.5221260848
598.0 3.4943884304
600.0 3.47515
602.0 3.4639183152
604.0 3.4604868528
606.0 3.4629333584
608.0 3.468477712
610.0 3.47515
612.0 3.4828231312
614.0 3.4912111504
616.0 3.4996786016
618.0 3.5076694608
620.0 3.514866
622.0 3.52122056
624.0 3.5267649136
626.0 3.5319915392
628.0 3.5376947568
630.0 3.544653
632.0 3.5533269744
634.0 3.5642409312
636.0 3.578649896
638.0 3.5981425088
640.0 3.624085
642.0 3.6571922576
644.0 3.698195056
646.0 3.7484119664
648.0 3.8093521968
650.0 3.882239
652.0 3.9682320832
654.0 4.0689995184
656.0 4.1836675536
658.0 4.3102503888
660.0 4.448192
662.0 4.5999547792
664.0 4.7679693456
666.0 4.954253272
668.0 5.1611100864
670.0 5.391447
672.0 5.6487431344
674.0 5.936668248
676.0 6.2604171936
678.0 6.6261062352
680.0 7.039661
682.0 7.5047830192
684.0 8.0242841856
686.0 8.608284136
688.0 9.2698891504
690.0 10.018361
692.0 10.8546369824
694.0 11.779527304
696.0 12.7960027216
698.0 13.9066844912
700.0 15.111938
702.0 16.41104836
704.0 17.8045080496
706.0 19.2801004272
708.0 20.8194767008
710.0 22.409753
712.0 24.0330094656
714.0 25.6523737632
716.0 27.3167760048
718.0 29.1108907024
720.0 31.067841
722.0 33.166116712
724.0 35.4343292448
726.0 37.6554386016
728.0 39.4971807264
730.0 40.758545
732.0 41.481204414
734.0 41.6537425758
736.0 41.4303916496
738.0 41.0709588852
740.0 40.758545
742.0 40.527205875
744.0 40.4806904958
746.0 40.5702569548
748.0 40.6693081268
750.0 40.758545
