380.0 6.285057
382.0 6.74005284541
384.0 7.19735829974
386.0 7.65917503561
388.0 8.12030956841
390.0 8.578656
392.0 9.0406212623
394.0 9.50854582489
396.0 9.98589011054
398.0 10.4767378362
400.0 10.981474
402.0 11.5000537552
404.0 12.0371888256
406.0 12.567175016
408.0 13.0506140544
410.0 13.463724
412.0 13.8109689312
414.0 14.089886456
416.0 14.3208270528
418.0 14.5379464816
420.0 14.764423
422.0 14.9973811696
424.0 15.2376311968
426.0 15.490908072
428.0 15.7622954432
430.0 16.055193
432.0 16.3731751824
434.0 16.72123032
436.0 17.0908909616
438.0 17.4674621872
440.0 17.842413
442.0 18.2192225216
444.0 18.5985103216
446.0 18.9875682576
448.0 19.3980728336
450.0 19.838142
452.0 20.3070132096
454.0 20.8045752576
456.0 21.3347044256
458.0 21.9020077696
460.0 22.509043
462.0 23.155540048
464.0 23.8417372096
466.0 24.5630433152
468.0 25.3121506208
470.0 26.083483
472.0 26.8722904192
474.0 27.6693111072
476.0 28.4822181952
478.0 29.3257860352
480.0 30.204018
482.0 31.1056347456
484.0 32.0255208512
486.0 32.9274553248
488.0 33.7591719104
490.0 34.483417
492.0 35.0979188384
494.0 35.5981180288
496.0 35.9691607872
498.0 36.1961138976
500.0 36.270637
502.0 36.1909825904
504.0 35.9539892752
506.0 35.579102008
508.0 35.0976964288
510.0 34.533062
512.0 33.8875816816
514.0 33.166752168
516.0 32.3840451264
518.0 31.5544732048
520.0 30.690539
522.0 29.7992643008
524.0 28.8870513264
526.0 27.962923552
528.0 27.0360950896
530.0 26.11327
532.0 25.199245976
534.0 24.300155168
536.0 23.410119608
538.0 22.51738336
540.0 21.615433
542.0 20.709193312
544.0 19.801682712
546.0 18.8968728
548.0 18.00048268
550.0 17.117596
552.0 16.2496584224
554.0 15.397337176
556.0 14.5699575776
558.0 13.7803081792
560.0 13.036777
562.0 12.3396182224
564.0 11.6903887136
566.0 11.0860382848
568.0 10.520291808
570.0 9.988574
572.0 9.4912979072
574.0 9.0279551648
576.0 8.5951143104
578.0 8.188406584
580.0 7.804194
582.0 7.4416981248
584.0 7.1009983904
586.0 6.776264488
588.0 6.4594737856
590.0 6.146051
592.0 5.8361232224
594.0 5.527752312
596.0 5.2297075616
598.0 4.9562072992
600.0 4.716275
602.0 4.5079089776
604.0 4.3308550496
606.0 4.1832703936
608.0 4.0612628416
610.0 3.961671
612.0 3.8846696192
614.0 3.8304334496
616.0 3.793513456
618.0 3.7662047344
620.0 3.743233
622.0 3.7236609552
624.0 3.705264504
626.0 3.6899659008
628.0 3.6820544736
630.0 3.683659
632.0 3.6921741104
634.0 3.7056934368
636.0 3.7221517472
638.0 3.7388483536
640.0 3.753162
642.0 3.7646637536
644.0 3.7742591392
646.0 3.7740843888
648.0 3.7527012944
650.0 3.703517
652.0 3.628294896
654.0 3.5270508688
656.0 3.4072991856
658.0 3.2811135104
660.0 3.157422
662.0 3.0368601104
664.0 2.9210164816
666.0 2.8155784448
668.0 2.727218288
670.0 2.660972
672.0 2.6201916112
674.0 2.6096907008
676.0 2.6265938304
678.0 2.664387576
680.0 2.720546
682.0 2.7991677936
684.0 2.9018257104
686.0 3.0391954112
688.0 3.226766136
690.0 3.47515
692.0 3.78414048
694.0 4.1543412592
696.0 4.5879287744
698.0 5.0863328016
700.0 5.649601
702.0 6.2776380512
704.0 6.9709682064
706.0 7.7210128096
708.0 8.5148244448
710.0 9.343189
712.0 10.196129816
714.0 11.0531852096
716.0 11.9395510112
718.0 12.8996297088
720.0 13.950245
722.0 15.079132584
724.0 16.3010826992
726.0 17.4985677584
728.0 18.4920714416
730.0 19.172899
732.0 19.5631316175
734.0 19.6562540457
736.0 19.53554553
738.0 19.3414464069
740.0 19.172899
742.0 19.0481349676
744.0 19.0230662284
746.0 19.0713880965
748.0 19.1247958929
750.0 19.172899
