380.0 15.121867
382.0 15.4109174636
384.0 15.7023787834
386.0 15.9968520583
388.0 16.2844276711
390.0 16.561572
392.0 16.8386673775
394.0 17.1197480371
396.0 17.4180525188
398.0 17.7516248084
400.0 18.130354
402.0 18.554362016
404.0 19.0295560128
406.0 19.5306448416
408.0 20.0170387504
410.0 20.463669
412.0 20.8745548496
414.0 21.2458200176
416.0 21.5952413856
418.0 21.9536385696
420.0 22.34025
422.0 22.7498967104
424.0 23.1825310416
426.0 23.6316077968
428.0 24.08497388
430.0 24.534559
432.0 24.9825395936
434.0 25.4297099808
436.0 25.87338536
438.0 26.3103884512
440.0 26.738797
442.0 27.157721368
444.0 27.565207528
446.0 27.965862536
448.0 28.367391296
450.0 28.774242
452.0 29.1844765072
454.0 29.597395816
456.0 30.0094413728
458.0 30.4149735056
460.0 30.809687
462.0 31.192231512
464.0 31.5601128768
466.0 31.9122667056
468.0 32.2484547024
470.0 32.56712
472.0 32.8642115664
474.0 33.1357578016
476.0 33.3771993088
478.0 33.583293576
480.0 33.748671
482.0 33.8711233712
484.0 33.9509366448
486.0 33.9731617184
488.0 33.916590248
490.0 33.768529
492.0 33.5311385248
494.0 33.2037039344
496.0 32.797790528
498.0 32.3326208496
500.0 31.822445
502.0 31.2678666624
504.0 30.670998728
506.0 30.0420402656
508.0 29.3934620992
510.0 28.734526
512.0 28.0692194544
514.0 27.4028326336
516.0 26.7346188768
518.0 26.060368288
520.0 25.378524
522.0 24.693264136
524.0 24.0071622928
526.0 23.3247143216
528.0 22.6517981904
530.0 21.992735
532.0 21.348779776
534.0 20.7216482496
536.0 20.1119917632
538.0 19.5195720208
540.0 18.944532
542.0 18.3879202032
544.0 17.8501655632
546.0 17.3325072192
548.0 16.8365338112
550.0 16.362992
552.0 15.9114051936
554.0 15.4815033232
556.0 15.0712211568
558.0 14.6774608464
560.0 14.29776
562.0 13.9320391856
564.0 13.5806002448
566.0 13.239646328
568.0 12.9038554912
570.0 12.570114
572.0 12.2388190144
574.0 11.909398624
576.0 11.5859356336
578.0 11.2751023312
580.0 10.981474
582.0 10.7046852528
584.0 10.4450538176
586.0 10.2037711744
588.0 9.9818699392
590.0 9.780065
592.0 9.5986581984
594.0 9.4377289664
596.0 9.2971343264
598.0 9.1764771184
600.0 9.075106
602.0 8.992258424
604.0 8.9270606384
606.0 8.8776698208
608.0 8.8417030112
610.0 8.816952
612.0 8.8027654448
614.0 8.7991910048
616.0 8.8012562368
618.0 8.8019711248
620.0 8.797094
622.0 8.7871332272
624.0 8.7716281008
626.0 8.7542960384
628.0 8.741412168
630.0 8.73752
632.0 8.742127056
634.0 8.7548520624
636.0 8.7798095968
638.0 8.8225598992
640.0 8.886455
642.0 8.9710341936
644.0 9.0764086848
646.0 9.199734808
648.0 9.3362466432
650.0 9.482195
652.0 9.6388984496
654.0 9.809216544
656.0 9.9838239664
658.0 10.1486612528
660.0 10.296373
662.0 10.4316298096
664.0 10.5574024384
666.0 10.6842076832
668.0 10.82777308
670.0 11.001332
672.0 11.2099363184
674.0 11.4597022992
676.0 11.764196928
678.0 12.1397037648
680.0 12.599901
682.0 13.1495068944
684.0 13.790666112
686.0 14.5419180816
688.0 15.4276484272
690.0 16.462282
692.0 17.6441825008
694.0 18.9746208416
696.0 20.4374723264
698.0 22.0062066672
700.0 23.660807
702.0 25.3992080928
704.0 27.2169935264
706.0 29.099674904
708.0 31.0299360496
710.0 32.994067
712.0 34.9695726128
714.0 36.917451776
716.0 38.8797081312
718.0 40.9318815104
720.0 43.101789
722.0 45.368619416
724.0 47.7604440272
726.0 50.0671175344
728.0 51.9675757936
730.0 53.269085
732.0 54.0135475479
734.0 54.1904030099
736.0 53.9600900399
738.0 53.5901652584
740.0 53.269085
742.0 53.0317449204
744.0 52.9829418996
746.0 53.0737506903
748.0 53.1760919433
750.0 53.269085
