380.0 24.266476
382.0 24.4816784952
384.0 24.696507698
386.0 24.9110324748
388.0 25.1252923516
390.0 25.338808
392.0 25.5506900096
394.0 25.7602263048
396.0 25.96446726
398.0 26.1593352392
400.0 26.341637
402.0 26.5110177968
404.0 26.667546496
406.0 26.8072356112
408.0 26.9246837664
410.0 27.016809
412.0 27.0834047888
414.0 27.1226600832
416.0 27.1412630576
418.0 27.150095896
420.0 27.155815
422.0 27.1573718672
424.0 27.1561168416
426.0 27.146362592
428.0 27.1184184144
430.0 27.066454
432.0 26.9919785568
434.0 26.894404288
436.0 26.7784812272
438.0 26.6521525744
440.0 26.520359
442.0 26.3816230688
444.0 26.2354840752
446.0 26.0806869936
448.0 25.914848864
450.0 25.735968
452.0 25.5448863808
454.0 25.3434786016
456.0 25.1253106704
458.0 24.8806124512
460.0 24.604062
462.0 24.297533912
464.0 23.9607581184
466.0 23.6028534128
468.0 23.2381175552
470.0 22.876416
472.0 22.5170815184
474.0 22.1604477248
476.0 21.8098507632
478.0 21.4687062096
480.0 21.138841
482.0 20.8219232064
484.0 20.5214637232
486.0 20.228232552
488.0 19.9272170448
490.0 19.609775
492.0 19.2793219936
494.0 18.936747664
496.0 18.5900428704
498.0 18.2519167328
500.0 17.931774
502.0 17.628979216
504.0 17.3424838784
506.0 17.0823599648
508.0 16.8624286432
510.0 16.690649
512.0 16.565781896
514.0 16.4889234928
516.0 16.4489215376
518.0 16.4277449664
520.0 16.412637
522.0 16.4053451424
524.0 16.4075374656
526.0 16.4091737648
528.0 16.3967506
530.0 16.362992
532.0 16.3107098576
534.0 16.2411750848
536.0 16.165841776
538.0 16.1024232672
540.0 16.065122
542.0 16.0555742736
544.0 16.074574408
546.0 16.1412337424
548.0 16.2814471088
550.0 16.511927
552.0 16.830369888
554.0 17.2346152224
556.0 17.7241705248
558.0 18.2962556752
560.0 18.944532
562.0 19.6637728736
564.0 20.4513888128
566.0 21.274828584
568.0 22.0876244672
570.0 22.856558
572.0 23.5784042432
574.0 24.247332888
576.0 24.8522393408
578.0 25.3835123296
580.0 25.835258
582.0 26.2034094336
584.0 26.4830577328
586.0 26.687801656
588.0 26.8405176192
590.0 26.957235
592.0 27.0371277056
594.0 27.081863808
596.0 27.0976072304
598.0 27.0907919648
600.0 27.066454
602.0 27.028803232
604.0 26.9832251504
606.0 26.9268443168
608.0 26.8529090112
610.0 26.758655
612.0 26.649594864
614.0 26.5300814768
616.0 26.4058816016
618.0 26.2844618464
620.0 26.172844
622.0 26.0752856176
624.0 25.9958536176
626.0 25.9446199776
628.0 25.9341349536
630.0 25.974264
632.0 26.0691693536
634.0 26.2235057296
636.0 26.4419437296
638.0 26.7283755216
640.0 27.086312
642.0 27.5190098768
644.0 28.0289950896
646.0 28.6187300304
648.0 29.2903593632
650.0 30.045154
652.0 30.8837493968
654.0 31.8068127824
656.0 32.811611696
658.0 33.8936185136
660.0 35.04937
662.0 36.277309288
664.0 37.574354416
666.0 38.94114084
668.0 40.379972088
670.0 41.890451
672.0 43.4671920864
674.0 45.10506404
676.0 46.7971880496
678.0 48.5350648912
680.0 50.310243
682.0 52.1159865424
684.0 53.9452737296
686.0 55.7867934448
688.0 57.627280544
690.0 59.454852
692.0 61.26193
694.0 63.0412385728
696.0 64.7802751216
698.0 66.4647418864
700.0 68.083153
702.0 69.6310284976
704.0 71.1053658496
706.0 72.4960613056
708.0 73.7911206336
710.0 74.983808
712.0 76.0704059872
714.0 77.0416369376
716.0 77.921838816
718.0 78.7508070544
720.0 79.551148
722.0 80.320526352
724.0 81.070841024
726.0 81.757212936
728.0 82.306961808
730.0 82.678783
732.0 82.8885306071
734.0 82.9382052516
736.0 82.8742921361
738.0 82.770427385
740.0 82.678783
742.0 82.6108652195
744.0 82.5958525715
746.0 82.6207915591
748.0 82.6507758089
750.0 82.678783
