380.0 8.568727
382.0 8.77805722807
384.0 8.98447294783
386.0 9.18333046575
388.0 9.36719965935
390.0 9.53184
392.0 9.67830386668
394.0 9.80576531861
396.0 9.92041389487
398.0 10.0322029191
400.0 10.147438
402.0 10.2650450192
404.0 10.3854639312
406.0 10.5063594352
408.0 10.6232833392
410.0 10.733249
412.0 10.8370983968
414.0 10.9352128032
416.0 11.0261783296
418.0 11.10816804
420.0 11.180054
422.0 11.2416296864
424.0 11.2922755296
426.0 11.3336278288
428.0 11.368466704
430.0 11.398492
432.0 11.4215908256
434.0 11.4345064688
436.0 11.441226416
438.0 11.4483435232
440.0 11.458066
442.0 11.4681856368
444.0 11.480465824
446.0 11.4756681312
448.0 11.4246410144
450.0 11.309131
452.0 11.1320611856
454.0 10.8925578192
456.0 10.5991995568
458.0 10.2675550704
460.0 9.909142
462.0 9.5239126864
464.0 9.1135034288
466.0 8.6865723152
468.0 8.2539220976
470.0 7.824052
472.0 7.4002505072
474.0 6.9859331952
476.0 6.5860725072
478.0 6.2055932272
480.0 5.848181
482.0 5.5158057392
484.0 5.2101514032
486.0 4.9311862192
488.0 4.6776392752
490.0 4.448192
492.0 4.2432097808
494.0 4.0633121872
496.0 3.9032725936
498.0 3.755306664
500.0 3.614156
502.0 3.4797729424
504.0 3.3512201936
506.0 3.2288631408
508.0 3.114290424
510.0 3.008487
512.0 2.9103567072
514.0 2.8189145888
516.0 2.7355745344
518.0 2.662640072
520.0 2.601398
522.0 2.5511652032
524.0 2.5115762944
526.0 2.4814397936
528.0 2.4589287648
530.0 2.442534
532.0 2.431969544
534.0 2.4270288736
536.0 2.4255832112
538.0 2.4247730048
540.0 2.422676
542.0 2.419339856
544.0 2.4147804592
546.0 2.4087912864
548.0 2.4013723376
550.0 2.392889
552.0 2.38415148
554.0 2.3762241664
556.0 2.3705209488
558.0 2.3687893312
560.0 2.373031
562.0 2.3860260752
564.0 2.4114284288
566.0 2.4503342224
568.0 2.502981752
570.0 2.571611
572.0 2.6609084544
574.0 2.7745756464
576.0 2.9229546224
578.0 3.1197871184
580.0 3.37586
582.0 3.6936992048
584.0 4.0751952144
586.0 4.530562984
588.0 5.0725910656
590.0 5.709175
592.0 6.439393376
594.0 7.26246776
596.0 8.174426552
598.0 9.168279736
600.0 10.236799
602.0 11.376171608
604.0 12.582664256
606.0 13.840708272
608.0 15.12941304
610.0 16.432495
612.0 17.7452517776
614.0 19.062647384
616.0 20.3732118384
618.0 21.6640771568
620.0 22.926061
622.0 24.1551282224
624.0 25.3462904944
626.0 26.5031381424
628.0 27.6340909584
630.0 28.744455
632.0 29.8320220576
634.0 30.8966014944
636.0 31.9378279232
638.0 32.954668728
640.0 33.947251
642.0 34.9169886288
644.0 35.8643899792
646.0 36.7948723136
648.0 37.716219968
650.0 38.633739
652.0 39.5478106832
654.0 40.4597059296
656.0 41.368821056
658.0 42.2730908304
660.0 43.171292
662.0 44.064345976
664.0 44.9525546
666.0 45.836076736
668.0 46.71515068
670.0 47.589697
672.0 48.4592867632
674.0 49.323618128
676.0 50.1812772048
678.0 51.0302781936
680.0 51.869096
682.0 52.697095168
684.0 53.5132907408
686.0 54.3174920816
688.0 55.1099374864
690.0 55.890341
692.0 56.6574317104
694.0 57.4100975696
696.0 58.1467181648
698.0 58.865307696
700.0 59.564071
702.0 60.2428809856
704.0 60.9026114048
706.0 61.538273928
708.0 62.1425608112
710.0 62.711564
712.0 63.2431547168
714.0 63.730120536
716.0 64.1904766352
718.0 64.6534539904
720.0 65.13424
722.0 65.629419088
724.0 66.1472839552
726.0 66.6442582064
728.0 67.0516331616
730.0 67.328549
732.0 67.4861180684
734.0 67.5238475083
736.0 67.4756315241
738.0 67.3973514782
740.0 67.328549
742.0 67.2774400948
744.0 67.2669074116
746.0 67.2864387903
748.0 67.30849261
750.0 67.328549
