380.0 6.910584
382.0 7.33361040371
384.0 7.75864351057
386.0 8.18114315469
388.0 8.56549871629
390.0 8.896384
392.0 9.20047059916
394.0 9.48480204185
396.0 9.79139116707
398.0 10.1801924123
400.0 10.683604
402.0 11.2961200384
404.0 12.0289278976
406.0 12.8082034768
408.0 13.516864008
410.0 14.079322
412.0 14.5061736816
414.0 14.7924942688
416.0 14.954821504
418.0 15.0296146752
420.0 15.042435
422.0 14.9857523248
424.0 14.855928664
426.0 14.6754273872
428.0 14.4755447024
430.0 14.277902
432.0 14.0852158544
434.0 13.9035072112
436.0 13.730853816
438.0 13.5593124688
440.0 13.384292
442.0 13.2107966256
444.0 13.042178376
446.0 12.8764196784
448.0 12.7098666608
450.0 12.540327
452.0 12.3678960144
454.0 12.1912392464
456.0 12.0137881584
458.0 11.8412618544
460.0 11.676504
462.0 11.517878296
464.0 11.3654641744
466.0 11.2120968688
468.0 11.0468147632
470.0 10.862326
472.0 10.659615536
474.0 10.4389852128
476.0 10.1992912096
478.0 9.9398186384
480.0 9.660917
482.0 9.3630628864
484.0 9.0460974336
486.0 8.7171377488
488.0 8.386748288
490.0 8.062348
492.0 7.7444452496
494.0 7.4345492448
496.0 7.134026216
498.0 6.8433527552
500.0 6.563069
502.0 6.2947794768
504.0 6.04000928
506.0 5.7976304752
508.0 5.5653395344
510.0 5.341802
512.0 5.1277804192
514.0 4.9235607472
516.0 4.7299055312
518.0 4.5480062512
520.0 4.378689
522.0 4.2216837088
524.0 4.0765773312
526.0 3.9443389376
528.0 3.826398304
530.0 3.723375
532.0 3.6347130016
534.0 3.5602057856
536.0 3.4976133696
538.0 3.4435996096
540.0 3.395718
542.0 3.353777904
544.0 3.3174615936
546.0 3.2852757472
548.0 3.2554728608
550.0 3.226925
552.0 3.19952096
554.0 3.1731177632
556.0 3.1483032064
558.0 3.1261893376
560.0 3.107777
562.0 3.0938446272
564.0 3.0857107904
566.0 3.0836137856
568.0 3.0873947488
570.0 3.097848
572.0 3.1172611808
574.0 3.1477948416
576.0 3.1931028544
578.0 3.2577922752
580.0 3.346073
582.0 3.4606298304
584.0 3.6042428864
586.0 3.7816939744
588.0 3.9985433344
590.0 4.259541
592.0 4.5666092256
594.0 4.9207488544
596.0 5.3284256512
598.0 5.798059408
600.0 6.334702
602.0 6.9368283328
604.0 7.6027226752
606.0 8.3305739776
608.0 9.117363824
610.0 9.958787
612.0 10.8514120432
614.0 11.7927765616
616.0 12.768137976
618.0 13.7570822624
620.0 14.744565
622.0 15.726979976
624.0 16.698909928
626.0 17.656462688
628.0 18.59781132
630.0 19.520414
632.0 20.4193300576
634.0 21.29055612
636.0 22.1311214304
638.0 22.9384841648
640.0 23.710452
642.0 24.445198
644.0 25.1413559344
646.0 25.7976390048
648.0 26.4130145952
650.0 26.987022
652.0 27.5219488608
654.0 28.0224498928
656.0 28.4836320848
658.0 28.8970756448
660.0 29.260763
662.0 29.5818906896
664.0 29.8649545648
666.0 30.130622832
668.0 30.4082853312
670.0 30.720326
672.0 31.0701604144
674.0 31.461108832
676.0 31.9115518176
678.0 32.4442069232
680.0 33.073499
682.0 33.7994915936
684.0 34.6230425696
686.0 35.5367488656
688.0 36.5269481776
690.0 37.581265
692.0 38.6969986448
694.0 39.8720679936
696.0 41.0818491264
698.0 42.2922657152
700.0 43.479091
702.0 44.6388140864
704.0 45.7654775744
706.0 46.8549668864
708.0 47.9067259984
710.0 48.920183
712.0 49.8853930048
714.0 50.7873274784
716.0 51.649148792
718.0 52.5098580576
720.0 53.388233
722.0 54.2783797648
724.0 55.193007472
726.0 56.0602937072
728.0 56.7682393504
730.0 57.250614
732.0 57.5251513631
734.0 57.5904147466
736.0 57.5060282421
738.0 57.3697502182
740.0 57.250614
742.0 57.162398417
744.0 57.1438589882
746.0 57.1772110788
748.0 57.2155164577
750.0 57.250614
