380.0 2.948913
382.0 2.95855498064
384.0 2.96832245624
386.0 2.97832556743
388.0 2.98841343143
390.0 2.998558
392.0 3.00903565089
394.0 3.01996655825
396.0 3.0316070328
398.0 3.04428012336
400.0 3.058132
402.0 3.0731605344
404.0 3.08950764
406.0 3.1064107696
408.0 3.1226784432
410.0 3.137564
412.0 3.1512739632
414.0 3.1639195376
416.0 3.175611928
418.0 3.1865894304
420.0 3.197138
422.0 3.2073211824
424.0 3.217075432
426.0 3.2275445696
428.0 3.2403966672
430.0 3.256712
432.0 3.2761410672
434.0 3.2982390496
436.0 3.323514312
438.0 3.3526817424
440.0 3.385789
442.0 3.4223118336
444.0 3.462202584
446.0 3.5021727664
448.0 3.5373770288
450.0 3.564511
452.0 3.5835270208
454.0 3.5939167264
456.0 3.595568912
458.0 3.5889601696
460.0 3.57444
462.0 3.5518177664
464.0 3.52122056
466.0 3.4829978816
468.0 3.4376263232
470.0 3.385789
472.0 3.3280101632
474.0 3.2645598816
476.0 3.19793232
478.0 3.1316224864
480.0 3.068061
482.0 3.0074067248
484.0 2.950025048
486.0 2.8962972432
488.0 2.8463027424
490.0 2.799978
492.0 2.7576725168
494.0 2.7199582032
496.0 2.6848651456
498.0 2.649295496
500.0 2.611327
502.0 2.5713885904
504.0 2.5294961536
506.0 2.4864916688
508.0 2.443884344
510.0 2.402818
512.0 2.3631178864
514.0 2.3245298208
516.0 2.2887218752
518.0 2.2580770096
520.0 2.234025
522.0 2.2163752096
524.0 2.2053182752
526.0 2.1994244208
528.0 2.1963106864
530.0 2.194309
532.0 2.1935305664
534.0 2.1938641808
536.0 2.1945949552
538.0 2.1949285696
540.0 2.194309
542.0 2.1927521328
544.0 2.1904644912
546.0 2.1869853696
548.0 2.181679312
550.0 2.174451
552.0 2.1661741856
554.0 2.1578338256
556.0 2.1505260816
558.0 2.1456012976
560.0 2.144664
562.0 2.150383104
564.0 2.1664919136
566.0 2.1929268832
568.0 2.2282582368
570.0 2.273741
572.0 2.3351260496
574.0 2.4177988752
576.0 2.5304969968
578.0 2.6842614624
580.0 2.889339
582.0 3.1517982144
584.0 3.4772470048
586.0 3.8799831312
588.0 4.3777993616
590.0 4.984358
592.0 5.7037259648
594.0 6.5395253552
596.0 7.5002712816
598.0 8.595177856
600.0 9.82971
602.0 11.2018501408
604.0 12.7074360416
606.0 14.3465471344
608.0 16.1194217152
610.0 18.021135
612.0 20.0430924464
614.0 22.1794160864
616.0 24.3988255984
618.0 26.6576333824
620.0 28.923177
622.0 31.1901027344
624.0 33.4522466624
626.0 35.6892900784
628.0 37.8781182704
630.0 40.003941
632.0 42.0616110736
634.0 44.0422797664
636.0 45.9655191232
638.0 47.865484904
640.0 49.764148
642.0 51.6545819408
644.0 53.5330851952
646.0 55.4030892256
648.0 57.267850744
650.0 59.127195
652.0 60.9788025792
654.0 62.8221174576
656.0 64.638902048
658.0 66.4023083344
660.0 68.093082
662.0 69.7099680192
664.0 71.250265704
666.0 72.7057300128
668.0 74.0678617216
670.0 75.331323
672.0 76.4942233664
674.0 77.5540209968
676.0 78.5181030672
678.0 79.3991786976
680.0 80.206462
682.0 80.9405089984
684.0 81.6037979712
686.0 82.199966904
688.0 82.7324313728
690.0 83.20502
692.0 83.6214660896
694.0 83.98464508
696.0 84.3019123744
698.0 84.5825615168
700.0 84.833376
702.0 85.0574218992
704.0 85.2593857024
706.0 85.4368050176
708.0 85.5835635808
710.0 85.697199
712.0 85.7812221696
714.0 85.8363479776
716.0 85.8728866976
718.0 85.9060098416
720.0 85.945424
722.0 85.991256264
724.0 86.0464456176
726.0 86.1042562272
728.0 86.1524555648
730.0 86.18372
732.0 86.2011314944
734.0 86.2056908912
736.0 86.20079788
738.0 86.1920921328
740.0 86.18372
742.0 86.1772383488
744.0 86.176094528
746.0 86.1787634432
748.0 86.1814323584
750.0 86.18372
