380.0 22.34025
382.0 22.3895430668
384.0 22.4359411603
386.0 22.4759786129
388.0 22.5076084353
390.0 22.528901
392.0 22.5372925917
394.0 22.5311469873
396.0 22.509579413
398.0 22.4722843028
400.0 22.419682
402.0 22.3518152992
404.0 22.2681734032
406.0 22.1748408032
408.0 22.0809521792
410.0 21.992735
412.0 21.9101574928
414.0 21.8340775232
416.0 21.7649081376
418.0 21.702093312
420.0 21.64522
422.0 21.5959245008
424.0 21.5565580016
426.0 21.5227517424
428.0 21.4873568432
430.0 21.44664
432.0 21.4023487168
434.0 21.3542764704
436.0 21.310175824
438.0 21.2820410096
440.0 21.277847
442.0 21.2962911104
444.0 21.336706112
446.0 21.4008712816
448.0 21.4904546912
450.0 21.605504
452.0 21.7456538208
454.0 21.9119367696
456.0 22.0941061184
458.0 22.2766726272
460.0 22.449469
462.0 22.6129877152
464.0 22.7657036784
466.0 22.9100792816
468.0 23.0516747648
470.0 23.194144
472.0 23.3354217552
474.0 23.4737287536
476.0 23.612432912
478.0 23.7566178784
480.0 23.909032
482.0 24.06908748
484.0 24.237721616
486.0 24.408818144
488.0 24.57268636
490.0 24.72321
492.0 24.8619300448
494.0 24.989466064
496.0 25.1067553552
498.0 25.2158631504
500.0 25.31895
502.0 25.4151739248
504.0 25.5019295552
506.0 25.5897178016
508.0 25.694504496
510.0 25.825329
512.0 25.979665376
514.0 26.1582920576
516.0 26.3485158112
518.0 26.5300814768
520.0 26.689152
522.0 26.827999136
524.0 26.9482274112
526.0 27.0429580144
528.0 27.1035328576
530.0 27.126028
532.0 27.1125563328
534.0 27.0634514704
536.0 26.992899968
538.0 26.9224278976
540.0 26.867874
542.0 26.8291747296
544.0 26.805996472
546.0 26.8121286224
548.0 26.8656816768
550.0 26.977093
552.0 27.1441226096
554.0 27.3662462544
556.0 27.6315014752
558.0 27.920665728
560.0 28.218218
562.0 28.523078016
564.0 28.8354522992
566.0 29.1318607504
568.0 29.3798156816
570.0 29.558633
572.0 29.6685033424
574.0 29.7055186544
576.0 29.6821656464
578.0 29.6212413024
580.0 29.538775
582.0 29.4323678928
584.0 29.3016863664
586.0 29.156945376
588.0 29.0112512016
590.0 28.873532
592.0 28.7454240704
594.0 28.629755192
596.0 28.5237770176
598.0 28.4211349872
600.0 28.317508
602.0 28.2156285168
604.0 28.1185149536
606.0 28.0196538864
608.0 27.9090368832
610.0 27.781342
612.0 27.6398418352
614.0 27.4865857344
616.0 27.3284048496
618.0 27.1755459088
620.0 27.036667
622.0 26.9148500848
624.0 26.8136060576
626.0 26.7427844864
628.0 26.7146178992
630.0 26.738797
632.0 26.8195952304
634.0 26.9617785104
636.0 27.1701286464
638.0 27.4486966704
640.0 27.8012
642.0 28.2310700976
644.0 28.7409758784
646.0 29.3339675312
648.0 30.01298404
650.0 30.7799
652.0 31.6354461856
654.0 32.5803533712
656.0 33.6123974608
658.0 34.7276862864
660.0 35.923122
662.0 37.196655256
664.0 38.5443303408
666.0 39.9676246896
668.0 41.4702716064
670.0 43.052144
672.0 44.7067602192
674.0 46.4286235696
676.0 48.206168752
678.0 50.0240653904
680.0 51.869096
682.0 53.7343817696
684.0 55.612329
686.0 57.4904350944
688.0 59.3545611568
690.0 61.192427
692.0 62.9960417648
694.0 64.7575099104
696.0 66.467029528
698.0 68.1145921856
700.0 69.691651
702.0 71.1936942336
704.0 72.618243608
706.0 73.9554177824
708.0 75.1929842288
710.0 76.324223
712.0 77.3467670224
714.0 78.2531655744
716.0 79.0661520944
718.0 79.8225830304
720.0 80.544048
722.0 81.229149
724.0 81.8887682144
726.0 82.4865893328
728.0 82.9629589232
730.0 83.284452
732.0 83.4653483845
734.0 83.5081540232
736.0 83.45317887
738.0 83.3636610583
740.0 83.284452
742.0 83.2257294806
744.0 83.2125755414
746.0 83.2339642607
748.0 83.2600048827
750.0 83.284452
