380.0 49.357059
382.0 49.8148042568
384.0 50.2647887411
386.0 50.6939483594
388.0 51.0777002378
390.0 51.402433
392.0 51.6744837234
394.0 51.8931496058
396.0 52.0777912281
398.0 52.2587789784
400.0 52.454907
402.0 52.6647504576
404.0 52.8937688
406.0 53.1248523744
408.0 53.3285319088
410.0 53.487523
412.0 53.6066868864
414.0 53.6835770624
416.0 53.7370347984
418.0 53.7978002784
420.0 53.884683
422.0 53.9950299344
424.0 54.1333210464
426.0 54.2825737744
428.0 54.4138748704
430.0 54.51021
432.0 54.5765516064
434.0 54.6112633904
436.0 54.6313596864
438.0 54.6646416944
440.0 54.728648
442.0 54.81959764
444.0 54.9376494784
446.0 55.0774656848
448.0 55.2287200992
450.0 55.383962
452.0 55.5446052768
454.0 55.7114919088
456.0 55.8772664928
458.0 56.0317617328
460.0 56.168353
462.0 56.2867384528
464.0 56.3853135648
466.0 56.4673668208
468.0 56.5392527808
470.0 56.605229
472.0 56.663532088
474.0 56.7125734048
476.0 56.7558956176
478.0 56.7986618064
480.0 56.843525
482.0 56.8902945616
484.0 56.9408927456
486.0 56.9864867136
488.0 57.0130964336
490.0 57.012318
492.0 56.9868521008
494.0 56.9376360336
496.0 56.8692768544
498.0 56.7894794672
500.0 56.704519
502.0 56.6136805648
504.0 56.5146924064
506.0 56.420787896
508.0 56.3512690096
510.0 56.317288
512.0 56.3167478624
514.0 56.351364328
516.0 56.4060770896
518.0 56.4565005232
520.0 56.486081
522.0 56.4978051632
524.0 56.4936111536
526.0 56.465905272
528.0 56.4052351104
530.0 56.307359
532.0 56.1743104
534.0 56.00591456
536.0 55.8188522
538.0 55.63854156
540.0 55.483252
542.0 55.3528087696
544.0 55.247656688
546.0 55.1794404864
548.0 55.1625373568
550.0 55.20524
552.0 55.3054672976
554.0 55.4613446544
556.0 55.6651989392
558.0 55.904797624
560.0 56.168353
562.0 56.4533867888
564.0 56.7607250832
566.0 57.0593258576
568.0 57.304866056
570.0 57.469052
572.0 57.5530433968
574.0 57.5522808496
576.0 57.4814592784
578.0 57.3679032912
580.0 57.230756
582.0 57.067046648
584.0 56.8766640304
586.0 56.6710304688
588.0 56.4646025872
590.0 56.267643
592.0 56.0826140992
594.0 55.9128520288
596.0 55.7581820384
598.0 55.615665144
600.0 55.483252
602.0 55.3635956352
604.0 55.2596668064
606.0 55.1650315216
608.0 55.0694430528
610.0 54.966944
612.0 54.8603144832
614.0 54.7513496656
616.0 54.643338032
618.0 54.5414426624
620.0 54.450636
622.0 54.3732851184
624.0 54.31163
626.0 54.2748370976
628.0 54.2750595072
630.0 54.321559
632.0 54.4169091728
634.0 54.5640490096
636.0 54.7679032944
638.0 55.0333968112
640.0 55.364104
642.0 55.761105136
644.0 56.2246067424
646.0 56.7559432768
648.0 57.3563062192
650.0 58.025076
652.0 58.760378024
654.0 59.5610843568
656.0 60.4174725216
658.0 61.3155624864
660.0 62.244901
662.0 63.2027556016
664.0 64.1847734176
666.0 65.1878407136
668.0 66.2102099856
670.0 67.249117
672.0 68.2998593824
674.0 69.3586561696
676.0 70.4195976208
678.0 71.47569372
680.0 72.521416
682.0 73.5535712944
684.0 74.5682515488
686.0 75.5647418752
688.0 76.5440748896
690.0 77.505774
692.0 78.446407744
694.0 79.3634978432
696.0 80.2524690144
698.0 81.1075227216
700.0 81.924179
702.0 82.7017865072
704.0 83.4404723344
706.0 84.1352322656
708.0 84.7793940128
710.0 85.369542
712.0 85.9045800656
714.0 86.3798217216
716.0 86.8103431616
718.0 87.2202917136
720.0 87.623425
722.0 88.0183450176
724.0 88.4118511456
726.0 88.7774766416
728.0 89.0723282256
730.0 89.271639
732.0 89.3842369385
734.0 89.4110813819
736.0 89.3768426174
738.0 89.3210226725
740.0 89.271639
742.0 89.2349509934
744.0 89.2270395662
746.0 89.2407093194
748.0 89.2567741943
750.0 89.271639
