380.0 9.521911
382.0 9.53331963953
384.0 9.54613753197
386.0 9.56130417923
388.0 9.57653923683
390.0 9.591414
392.0 9.60969749814
394.0 9.6332707114
396.0 9.66630735433
398.0 9.71419778127
400.0 9.780065
402.0 9.8645965344
404.0 9.970225208
406.0 10.0895956176
408.0 10.2106340992
410.0 10.32616
412.0 10.4380479152
414.0 10.5456941616
416.0 10.655643936
418.0 10.7786999904
420.0 10.9219
422.0 11.084576736
424.0 11.267985224
426.0 11.470060232
428.0 11.686433
430.0 11.9148
432.0 12.156591008
434.0 12.411726592
436.0 12.684337216
438.0 12.98077744
440.0 13.30486
442.0 13.65515512
444.0 14.030709616
446.0 14.430093712
448.0 14.850924448
450.0 15.29066
452.0 15.747235136
454.0 16.218108032
456.0 16.699307088
458.0 17.186066384
460.0 17.67362
462.0 18.158790656
464.0 18.639036528
466.0 19.10577896
468.0 19.547897472
470.0 19.95729
472.0 20.331255856
474.0 20.66582344
476.0 20.961469344
478.0 21.221370848
480.0 21.44664
482.0 21.634734976
484.0 21.785179184
486.0 21.891935792
488.0 21.94626728
490.0 21.94309
492.0 21.885422368
494.0 21.776759392
496.0 21.617259936
498.0 21.406924
500.0 21.14877
502.0 20.846610672
504.0 20.501240336
506.0 20.13521768
508.0 19.781109824
510.0 19.46084
512.0 19.174567072
514.0 18.92546832
516.0 18.712113968
518.0 18.528149456
520.0 18.36865
522.0 18.236157424
524.0 18.133054688
526.0 18.048221312
528.0 17.964976576
530.0 17.8722
532.0 17.771480224
534.0 17.663770432
536.0 17.5465288
538.0 17.417372368
540.0 17.27646
542.0 17.125856928
544.0 16.9666752
546.0 16.811465072
548.0 16.678495904
550.0 16.58143
552.0 16.520743952
554.0 16.496120032
556.0 16.520743952
558.0 16.612090752
560.0 16.78001
562.0 17.021642144
564.0 17.335716272
566.0 17.71015872
568.0 18.125905808
570.0 18.56723
572.0 19.031271744
574.0 19.51564808
576.0 19.998435776
578.0 20.450244992
580.0 20.8509
582.0 21.198653296
584.0 21.490168736
586.0 21.725287456
588.0 21.907981056
590.0 22.04238
592.0 22.127054512
594.0 22.159780496
596.0 22.1575564
598.0 22.145800464
600.0 22.14167
602.0 22.145165008
604.0 22.15914504
606.0 22.182656912
608.0 22.210934704
610.0 22.24096
612.0 22.27591008
614.0 22.318485632
616.0 22.364238464
618.0 22.406019696
620.0 22.43954
622.0 22.466388016
624.0 22.487358064
626.0 22.504356512
628.0 22.52056064
630.0 22.53883
632.0 22.561229824
634.0 22.590937392
636.0 22.62938248
638.0 22.677359408
640.0 22.73741
642.0 22.813505856
644.0 22.9081888
646.0 23.033055904
648.0 23.203993568
650.0 23.43244
652.0 23.721731344
654.0 24.077586704
656.0 24.498576304
658.0 24.979139904
660.0 25.51753
662.0 26.119147968
664.0 26.787012224
666.0 27.53033688
668.0 28.361831056
670.0 29.29055
672.0 30.317288032
674.0 31.4431572
676.0 32.671493648
678.0 34.005474656
680.0 35.44653
682.0 36.991958992
684.0 38.636836848
686.0 40.382593344
688.0 42.23240576
690.0 44.18405
692.0 46.227676496
694.0 48.354388864
696.0 50.543852512
698.0 52.76906056
700.0 55.00666
702.0 57.246960128
704.0 59.481541152
706.0 61.680377776
708.0 63.80534264
710.0 65.82927
712.0 67.7396096
714.0 69.515550256
716.0 71.174725872
718.0 72.753675168
720.0 74.26892
722.0 75.71219944
724.0 77.097175792
726.0 78.347912064
728.0 79.346848896
730.0 80.02774
732.0 80.4131851102
734.0 80.503107455
736.0 80.3841236398
738.0 80.1934457936
740.0 80.02774
742.0 79.9058601473
744.0 79.8782178113
746.0 79.9222695063
748.0 79.9765447458
750.0 80.02774
