380.0 29.727426
382.0 29.1575230633
384.0 28.5817984831
386.0 27.994650137
388.0 27.4029452826
390.0 26.8083
392.0 26.1983272298
394.0 25.5679014417
396.0 24.907876402
398.0 24.2071821783
400.0 23.462227
402.0 22.6734195808
404.0 21.8338868864
406.0 20.984186896
408.0 20.1868325936
410.0 19.480698
412.0 18.86152556
414.0 18.336638904
416.0 17.87776024
418.0 17.435482864
420.0 16.97859
422.0 16.5146594608
424.0 16.04288104
426.0 15.5719763712
428.0 15.1191027664
430.0 14.69492
432.0 14.2953134944
434.0 13.9193141792
436.0 13.5649998
438.0 13.2285576208
440.0 12.9077
442.0 12.6033324624
444.0 12.315455008
446.0 12.0454497536
448.0 11.7956202272
450.0 11.567285
452.0 11.3599833664
454.0 11.1737629856
456.0 11.0070828768
458.0 10.857480648
460.0 10.72332
462.0 10.6045850464
464.0 10.5007833088
466.0 10.4124708112
468.0 10.3408390336
470.0 10.286444
472.0 10.2486184816
474.0 10.2269970912
476.0 10.2204677808
478.0 10.2274419104
480.0 10.246728
482.0 10.2782148448
484.0 10.3218230128
486.0 10.3765516608
488.0 10.4411298768
490.0 10.514811
492.0 10.5978809856
494.0 10.6907052208
496.0 10.793537888
498.0 10.9067761472
500.0 11.031119
502.0 11.1673766528
504.0 11.31627988
506.0 11.4801957552
508.0 11.6623015584
510.0 11.865155
512.0 12.0899157872
514.0 12.3380613552
516.0 12.6109102752
518.0 12.9095745952
520.0 13.235357
522.0 13.5902115168
524.0 13.9762669232
526.0 14.3944922896
528.0 14.84544364
530.0 15.330376
532.0 15.851291056
534.0 16.4096026976
536.0 17.0098544352
538.0 17.6580831008
540.0 18.358721
542.0 19.112848408
544.0 19.9219109872
546.0 20.7870525584
548.0 21.7088291456
550.0 22.687765
552.0 23.7244002592
554.0 24.8186237184
556.0 25.9713885616
558.0 27.1839657008
560.0 28.456514
562.0 29.78739716
564.0 31.1748994496
566.0 32.6161772032
568.0 34.1074971168
570.0 35.64511
572.0 37.2243452512
574.0 38.8385623552
576.0 40.4877295392
578.0 42.1743091952
580.0 43.896109
582.0 45.6456464592
584.0 47.4187275632
586.0 49.1925235552
588.0 50.9351027712
590.0 52.6237
592.0 54.255153848
594.0 55.8239835072
596.0 57.3255342624
598.0 58.7580586096
600.0 60.120095
602.0 61.4078306976
604.0 62.6182472864
606.0 63.7555070032
608.0 64.82723532
610.0 65.839199
612.0 66.792859592
614.0 67.6917597632
616.0 68.5370433344
618.0 69.3286308736
620.0 70.068953
622.0 70.7623467008
624.0 71.4105753664
626.0 72.029890784
628.0 72.6432488016
630.0 73.266091
632.0 73.8992593584
634.0 74.546058248
636.0 75.2035804576
638.0 75.8642005152
640.0 76.522803
642.0 77.1808335744
644.0 77.8376250096
646.0 78.4921129168
648.0 79.143423544
650.0 79.789444
652.0 80.4279343024
654.0 81.0582431088
656.0 81.6694882352
658.0 82.2461804416
660.0 82.778073
662.0 83.2654359792
664.0 83.7072367632
666.0 84.1049527872
668.0 84.4626350832
670.0 84.783731
672.0 85.0677162864
674.0 85.3139078272
676.0 85.530232936
678.0 85.7282092528
680.0 85.915637
682.0 86.0931992928
684.0 86.263231432
686.0 86.4238111632
688.0 86.5702519984
690.0 86.700028
692.0 86.8151726272
694.0 86.9163689952
696.0 87.0062860192
698.0 87.0888952992
700.0 87.166691
702.0 87.2399114176
704.0 87.3098751232
706.0 87.3736431328
708.0 87.4261317984
710.0 87.464561
712.0 87.4901222176
714.0 87.5026407008
716.0 87.506580528
718.0 87.5089317152
720.0 87.514206
722.0 87.522069768
724.0 87.533349112
726.0 87.546217096
728.0 87.55709928
730.0 87.563851
732.0 87.5675284356
734.0 87.5685758738
736.0 87.567637512
738.0 87.5657870125
740.0 87.563851
742.0 87.5623003657
744.0 87.5620620697
746.0 87.5627359115
748.0 87.5633508444
750.0 87.563851
