380.0 53.924399
382.0 54.3984414228
384.0 54.8628291711
386.0 55.3020175924
388.0 55.6892962516
390.0 56.009489
392.0 56.267689139
394.0 56.4620193369
396.0 56.6129408971
398.0 56.7531391372
400.0 56.903099
402.0 57.0606285424
404.0 57.2301682032
406.0 57.397722064
408.0 57.5385073408
410.0 57.637845
412.0 57.7005486208
414.0 57.725855656
416.0 57.7263004752
418.0 57.7224559664
420.0 57.727206
422.0 57.7382947072
424.0 57.7571995232
426.0 57.7772163872
428.0 57.7862716352
430.0 57.776851
432.0 57.752147648
434.0 57.7141473792
436.0 57.6624848064
438.0 57.5970010656
440.0 57.518697
442.0 57.4280015424
444.0 57.3236278944
446.0 57.2163946944
448.0 57.1225060704
450.0 57.052034
452.0 57.0042318224
454.0 56.9813554064
456.0 56.9753185744
458.0 56.9720618624
460.0 56.962673
462.0 56.949407856
464.0 56.9323458624
466.0 56.9132980688
468.0 56.8960772112
470.0 56.883241
472.0 56.8740427744
474.0 56.8683395568
476.0 56.8671639632
478.0 56.8717869056
480.0 56.883241
482.0 56.901589792
484.0 56.9264996672
486.0 56.9599087664
488.0 57.0045972096
490.0 57.061963
492.0 57.1315613184
494.0 57.2137734384
496.0 57.3045642144
498.0 57.3976585184
500.0 57.48891
502.0 57.5787158192
504.0 57.6667741344
506.0 57.7533232416
508.0 57.8393957568
510.0 57.925786
512.0 58.0128275856
514.0 58.1016325616
516.0 58.1917084496
518.0 58.2819432016
520.0 58.372591
522.0 58.4641125504
524.0 58.5547921216
526.0 58.6548446688
528.0 58.779759432
530.0 58.938544
532.0 59.1286406624
534.0 59.3500335328
536.0 59.5934290672
538.0 59.8438146176
540.0 60.090308
542.0 60.3344501952
544.0 60.5783858672
546.0 60.8105656032
548.0 61.0148647072
550.0 61.182498
552.0 61.3147046208
554.0 61.4084502672
556.0 61.4832116656
558.0 61.569967296
560.0 61.688877
562.0 61.8386222064
564.0 62.0231904016
566.0 62.2354803648
568.0 62.461035472
570.0 62.691706
572.0 62.9309234112
574.0 63.1773055888
576.0 63.4421954224
578.0 63.743623976
580.0 64.091695
582.0 64.4823892352
584.0 64.9151029984
586.0 65.3772066016
588.0 65.8488420448
590.0 66.315791
592.0 66.7775133296
594.0 67.2317055056
596.0 67.6723942416
598.0 68.0934632736
600.0 68.490242
602.0 68.860315688
604.0 69.2016191056
606.0 69.5132943872
608.0 69.7955798288
610.0 70.049095
612.0 70.274443584
614.0 70.4730712432
616.0 70.6470749824
618.0 70.7991554896
620.0 70.932776
622.0 71.0506689744
624.0 71.1546454624
626.0 71.2551269424
628.0 71.3664111744
630.0 71.498729
632.0 71.6535896272
634.0 71.8333124704
636.0 72.0403599216
638.0 72.2760823248
640.0 72.541274
642.0 72.8361096976
644.0 73.1594773696
646.0 73.5113611296
648.0 73.8917609776
650.0 74.298707
652.0 74.7300386464
654.0 75.1857876896
656.0 75.6503536848
658.0 76.10101908
660.0 76.522803
662.0 76.9160867184
664.0 77.2787891168
666.0 77.6140874752
668.0 77.9295278336
670.0 78.230591
672.0 78.5154659248
674.0 78.7827704912
676.0 79.0397488976
678.0 79.296886168
680.0 79.561077
682.0 79.8326708944
684.0 80.1136695376
686.0 80.4008638768
688.0 80.687899352
690.0 80.970995
692.0 81.2514852784
694.0 81.5289571408
696.0 81.8065878672
698.0 82.0896199696
700.0 82.380913
702.0 82.6797838432
704.0 82.9873445472
706.0 83.2974470752
708.0 83.6003212912
710.0 83.890121
712.0 84.1656070624
714.0 84.4210921472
716.0 84.669507784
718.0 84.9323800448
720.0 85.220607
722.0 85.5306459824
724.0 85.86758064
726.0 86.1987961936
728.0 86.4732972992
730.0 86.660312
732.0 86.7671461397
734.0 86.7928586202
736.0 86.7601091486
738.0 86.7069551545
740.0 86.660312
742.0 86.6256243116
744.0 86.6187137276
746.0 86.6322076662
748.0 86.6470169835
750.0 86.660312
