380.0 28.704739
382.0 28.6300149992
384.0 28.5421296102
386.0 28.4260599232
388.0 28.277236128
390.0 28.089141
392.0 27.8466536508
394.0 27.5409301444
396.0 27.1646991462
398.0 26.712133996
400.0 26.182773
402.0 25.5756424512
404.0 24.8845522784
406.0 24.1474709776
408.0 23.4226222048
410.0 22.747339
412.0 22.1192860624
414.0 21.5458346816
416.0 21.0086042928
418.0 20.472962544
420.0 19.917574
422.0 19.3504930656
424.0 18.7737055408
426.0 18.192946416
428.0 17.6187007152
430.0 17.058022
432.0 16.5094010624
434.0 15.97258372
436.0 15.4499052736
438.0 14.9439869792
440.0 14.456624
442.0 13.9886742016
444.0 13.5413926096
446.0 13.1130952656
448.0 12.7006048896
450.0 12.302031
452.0 11.9181043712
454.0 11.5488408896
456.0 11.19554324
458.0 10.8603560864
460.0 10.544598
462.0 10.247601752
464.0 9.968716
466.0 9.708258472
468.0 9.46670576
470.0 9.243899
472.0 9.039202736
474.0 8.852458104
476.0 8.680170096
478.0 8.517255064
480.0 8.360218
482.0 8.2089476992
484.0 8.062904024
486.0 7.9217851328
488.0 7.7858293216
490.0 7.655259
492.0 7.5296928944
494.0 7.4088132768
496.0 7.2938910592
498.0 7.1869120416
500.0 7.089306
502.0 7.0011682528
504.0 6.9227847552
506.0 6.8547274176
508.0 6.797552264
510.0 6.75172
512.0 6.7176913312
514.0 6.6960222816
516.0 6.686506328
518.0 6.6885874464
520.0 6.702075
522.0 6.7276679904
524.0 6.766097192
526.0 6.8175532416
528.0 6.8821155712
530.0 6.960229
532.0 7.053402736
534.0 7.1636384656
536.0 7.2909520752
538.0 7.4347081088
540.0 7.595685
542.0 7.7770759152
544.0 7.9820104752
546.0 8.2149845312
548.0 8.4815583232
550.0 8.787165
552.0 9.1354266608
554.0 9.5295841312
556.0 9.9783113856
558.0 10.49257004
560.0 11.080764
562.0 11.7445613376
564.0 12.4847087136
566.0 13.3086568496
568.0 14.2257787216
570.0 15.241015
572.0 16.3502987664
574.0 17.5481809856
576.0 18.8324057888
578.0 20.20035192
580.0 21.64522
582.0 23.1581454176
584.0 24.7327736128
586.0 26.33885688
588.0 27.9346934192
590.0 29.48913
592.0 30.995081288
594.0 32.443126648
596.0 33.819603776
598.0 35.111962416
600.0 36.310353
602.0 37.4086910368
604.0 38.402750744
606.0 39.2894978192
608.0 40.0677407824
610.0 40.738687
612.0 41.3039092256
614.0 41.7646783712
616.0 42.1361659488
618.0 42.4404540544
620.0 42.6947
622.0 42.9040192064
624.0 43.0756876448
626.0 43.2192371552
628.0 43.3440407136
630.0 43.459233
632.0 43.5721376448
634.0 43.6883625472
636.0 43.8209504416
638.0 43.985787728
640.0 44.193979
642.0 44.4471128976
644.0 44.7464126736
646.0 45.0936893776
648.0 45.4893401696
650.0 45.931554
652.0 46.4198383904
654.0 46.9559726176
656.0 47.5199874768
658.0 48.082016536
660.0 48.622313
662.0 49.1419412576
664.0 49.6387566448
666.0 50.115316872
668.0 50.5789296832
670.0 51.03506
672.0 51.4821986144
674.0 51.919773616
676.0 52.3552039536
678.0 52.7990540832
680.0 53.259156
682.0 53.7375113904
684.0 54.2373451936
686.0 54.7605320048
688.0 55.30770728
690.0 55.880412
692.0 56.4818869904
694.0 57.1144993248
696.0 57.7826971952
698.0 58.4919614096
700.0 59.246343
702.0 60.0466839456
704.0 60.8935720432
706.0 61.7891519568
708.0 62.7357272144
710.0 63.734251
712.0 64.7728879456
714.0 65.8288251808
716.0 66.931468432
718.0 68.1305421312
720.0 69.443426
722.0 70.8572043952
724.0 72.391862408
726.0 73.8984014928
728.0 75.1492489696
730.0 76.006495
732.0 76.4979557583
734.0 76.6152890601
736.0 76.46326845
738.0 76.2187935525
740.0 76.006495
742.0 75.8493227116
744.0 75.8178199804
746.0 75.8787715365
748.0 75.9460005009
750.0 76.006495
