380.0 26.172844
382.0 25.5599237325
384.0 24.9423460895
386.0 24.3155763777
388.0 23.6859030273
390.0 23.055138
392.0 22.4129868325
394.0 21.7554081464
396.0 21.0753148589
398.0 20.3641636595
400.0 19.619704
402.0 18.8425254256
404.0 18.0267587856
406.0 17.2086886176
408.0 16.4439967536
410.0 15.767252
412.0 15.17468928
414.0 14.6728220176
416.0 14.2359301312
418.0 13.8192139728
420.0 13.394221
422.0 12.9675281824
424.0 12.5382299952
426.0 12.11338
428.0 11.7073553888
430.0 11.328989
432.0 10.9743410064
434.0 10.642140496
436.0 10.3308306016
438.0 10.0374723392
440.0 9.760207
442.0 9.4994794032
444.0 9.2550830256
446.0 9.027685096
448.0 8.8185565264
450.0 8.628301
452.0 8.4563942656
454.0 8.302709232
456.0 8.1657049184
458.0 8.0430777968
460.0 7.933271
462.0 7.8361097776
464.0 7.7509904464
466.0 7.6785008032
468.0 7.61991176
470.0 7.575827
472.0 7.5455792944
474.0 7.5288509152
476.0 7.524434496
478.0 7.5305825328
480.0 7.54604
482.0 7.5707751248
484.0 7.604740248
486.0 7.6472045952
488.0 7.6972944144
490.0 7.754549
492.0 7.8192384208
494.0 7.8916962912
496.0 7.9724150896
498.0 8.062109704
500.0 8.161638
502.0 8.2717466384
504.0 8.3931663936
506.0 8.5278512928
508.0 8.67834316
510.0 8.846739
512.0 9.0342938384
514.0 9.2426598608
516.0 9.4725519552
518.0 9.7242084176
520.0 9.998503
522.0 10.297485048
524.0 10.6230450432
526.0 10.9776771504
528.0 11.3643203536
530.0 11.785723
532.0 12.2437914576
534.0 12.7403526624
536.0 13.2787745312
538.0 13.863028664
540.0 14.49634
542.0 15.180408384
544.0 15.9170289792
546.0 16.7079016304
548.0 17.5544561136
550.0 18.458011
552.0 19.4197895424
554.0 20.4407290384
556.0 21.5219574224
558.0 22.6645867424
560.0 23.869316
562.0 25.1362722864
564.0 26.4654873744
566.0 27.8564211264
568.0 29.3081203584
570.0 30.819616
572.0 32.3884297728
574.0 34.0100975984
576.0 35.688559304
578.0 37.4310432016
580.0 39.239408
582.0 41.107330912
584.0 43.03069736
586.0 44.993303216
588.0 46.972272064
590.0 48.94997
592.0 50.9215357856
594.0 52.880583088
596.0 54.8169128384
598.0 56.7200400128
600.0 58.5811
602.0 60.3933569664
604.0 62.1499162144
606.0 63.8475369184
608.0 65.4851070304
610.0 67.060466
612.0 68.5699758416
614.0 70.0123338704
616.0 71.3797080912
618.0 72.661534048
620.0 73.851902
622.0 74.9518286768
624.0 75.9603926672
626.0 76.8876977216
628.0 77.749868536
630.0 78.558248
632.0 79.3132173872
634.0 80.0171596576
636.0 80.672648408
638.0 81.2811928464
640.0 81.844747
642.0 82.3664246032
644.0 82.848688048
646.0 83.2944922048
648.0 83.7070143536
650.0 84.088701
652.0 84.4414902848
654.0 84.7679558048
656.0 85.0665406928
658.0 85.3337499408
660.0 85.568122
662.0 85.7722463536
664.0 85.9479975968
666.0 86.09872776
668.0 86.2289644672
670.0 86.342584
672.0 86.4408572704
674.0 86.524642144
676.0 86.5995306336
678.0 86.6729099152
680.0 86.749673
682.0 86.8306300944
684.0 86.9176557936
686.0 87.0077793408
688.0 87.095281632
690.0 87.17662
692.0 87.2529223792
694.0 87.3240775648
696.0 87.3914994464
698.0 87.457729848
700.0 87.524135
702.0 87.5899682416
704.0 87.6551342544
706.0 87.7175201472
708.0 87.773869208
710.0 87.822005
712.0 87.8624041152
714.0 87.8955272592
716.0 87.9203894752
718.0 87.9357198512
720.0 87.941153
722.0 87.9369907632
724.0 87.9227724352
726.0 87.9029938672
728.0 87.8844862112
730.0 87.87165
732.0 87.8640448991
734.0 87.8621088106
736.0 87.8644620501
738.0 87.8683020742
740.0 87.87165
742.0 87.8741775338
744.0 87.8745111482
746.0 87.873357978
748.0 87.8723921761
750.0 87.87165
