380.0 12.818339
382.0 11.9923907738
384.0 11.1742848804
386.0 10.3736977336
388.0 9.60169812565
390.0 8.866597
392.0 8.17228500447
394.0 7.52321276343
396.0 6.91942474359
398.0 6.35821227576
400.0 5.838252
402.0 5.3613104992
404.0 4.9272781648
406.0 4.5388397984
408.0 4.199967
410.0 3.912026
412.0 3.6732692944
414.0 3.4835062464
416.0 3.3331414704
418.0 3.2078772064
420.0 3.097848
422.0 3.0019100304
424.0 2.9166794944
426.0 2.8436814864
428.0 2.7876024944
430.0 2.750333
432.0 2.7292517472
434.0 2.7243746224
436.0 2.7272024016
438.0 2.7251053968
440.0 2.710617
442.0 2.6871210144
444.0 2.6576994016
446.0 2.6244650528
448.0 2.590754112
450.0 2.561682
452.0 2.5420781824
454.0 2.5358189408
456.0 2.5602204512
458.0 2.6389534496
460.0 2.790049
462.0 3.0152228336
464.0 3.3142684272
466.0 3.7059317328
468.0 4.2150749664
470.0 4.855281
472.0 5.6245640336
474.0 6.5262443248
476.0 7.532059968
478.0 8.5971318832
480.0 9.690704
482.0 10.8137612752
484.0 11.962141472
486.0 13.1314917168
488.0 14.3209382576
490.0 15.528956
492.0 16.750064136
494.0 17.9797827008
496.0 19.2195891296
498.0 20.4736138864
500.0 21.74451
502.0 23.0301010336
504.0 24.3283376416
506.0 25.6425400816
508.0 26.9779508656
510.0 28.337366
512.0 29.7201023696
514.0 31.1272402496
516.0 32.5520914656
518.0 33.9840915616
520.0 35.416743
522.0 36.8506335776
524.0 38.2839045856
526.0 39.7227358336
528.0 41.1776917776
530.0 42.654984
532.0 44.1502914
534.0 45.6592452176
536.0 47.1830528192
538.0 48.7239383008
540.0 50.280456
542.0 51.8483007024
544.0 53.4259314272
546.0 54.992838832
548.0 56.5194742128
550.0 57.98536
552.0 59.3886533712
554.0 60.724413656
556.0 61.9924184448
558.0 63.1968776336
560.0 64.33992
562.0 65.4181935136
564.0 66.4306814448
566.0 67.375652176
568.0 68.2508816112
570.0 69.056195
572.0 69.793006232
574.0 70.461267648
576.0 71.07138484
578.0 71.638767616
580.0 72.173901
582.0 72.6786278144
584.0 73.15806348
586.0 73.6071561216
588.0 74.0154207152
590.0 74.378139
592.0 74.7007758976
594.0 74.9855396176
596.0 75.2452028256
598.0 75.4984320416
600.0 75.75827
602.0 76.0254633616
604.0 76.3022838816
606.0 76.5910986336
608.0 76.8927813696
610.0 77.207904
612.0 77.5384682112
614.0 77.8864756896
616.0 78.247827744
618.0 78.6156137904
620.0 78.985195
622.0 79.3565078272
624.0 79.727963632
626.0 80.1009286448
628.0 80.4785007136
630.0 80.861776
632.0 81.248848136
634.0 81.6392881888
636.0 82.0267098256
638.0 82.4017400704
640.0 82.758215
642.0 83.0957374544
644.0 83.4122422016
646.0 83.7109541808
648.0 83.99814852
650.0 84.277352
652.0 84.5468171168
654.0 84.8064803248
656.0 85.0522429328
658.0 85.2776709488
660.0 85.478761
662.0 85.657006408
664.0 85.8136780848
666.0 85.9485853936
668.0 86.0616489024
670.0 86.153933
672.0 86.2264861888
674.0 86.2791019456
676.0 86.3209943824
678.0 86.3656669392
680.0 86.422016
682.0 86.4899462464
684.0 86.5710463184
686.0 86.6628697104
688.0 86.7600150464
690.0 86.858892
692.0 86.9605490736
694.0 87.0649544944
696.0 87.1711868512
698.0 87.27829296
700.0 87.385129
702.0 87.4909641968
704.0 87.5956714592
706.0 87.6955333696
708.0 87.785307416
710.0 87.861721
712.0 87.9248535536
714.0 87.9739425296
716.0 88.0116727296
718.0 88.0427306416
720.0 88.07023
722.0 88.0937577584
724.0 88.1136634176
726.0 88.1299152048
728.0 88.141957096
730.0 88.149662
732.0 88.1537751334
734.0 88.1547701997
736.0 88.153620602
738.0 88.1516044735
740.0 88.149662
742.0 88.1481888975
744.0 88.1478076239
746.0 88.1482928812
748.0 88.148980329
750.0 88.149662
