380.0 8.529011
382.0 8.06984113601
384.0 7.61345146803
386.0 7.16336353207
388.0 6.72577264407
390.0 6.304915
392.0 5.90082282874
394.0 5.51488387193
396.0 5.14663202716
398.0 4.79442544639
400.0 4.458121
402.0 4.1385819504
404.0 3.8344685952
406.0 3.554820296
408.0 3.3132993568
410.0 3.117706
412.0 2.9661338576
414.0 2.859552
416.0 2.7871259024
418.0 2.7314599568
420.0 2.68083
422.0 2.6359191472
424.0 2.5951387584
426.0 2.5582505376
428.0 2.5270019888
430.0 2.502108
432.0 2.48145568
434.0 2.4637264576
436.0 2.4483007632
438.0 2.4347020048
440.0 2.422676
442.0 2.4130329552
444.0 2.4075521472
446.0 2.4042160032
448.0 2.3996089472
450.0 2.392889
452.0 2.3912844736
454.0 2.4053280512
456.0 2.4301743808
458.0 2.4557355984
460.0 2.48225
462.0 2.5257310768
464.0 2.5992851088
466.0 2.7364641728
468.0 2.9827033728
470.0 3.37586
472.0 3.9210494752
474.0 4.6139983568
476.0 5.5219696624
478.0 6.73940804
480.0 8.320502
482.0 10.2526854
484.0 12.5375627664
486.0 15.1071244208
488.0 17.8521513632
490.0 20.692036
492.0 23.6227114128
494.0 26.6328664848
496.0 29.6677249088
498.0 32.6611198288
500.0 35.565678
502.0 38.3636702
504.0 41.0307902368
506.0 43.5797154576
508.0 46.0443633264
510.0 48.443591
512.0 50.7611149184
514.0 52.9890713136
516.0 55.1178171408
518.0 57.133769528
520.0 59.027905
522.0 60.8011131952
524.0 62.4539977968
526.0 63.9853514384
528.0 65.394618096
530.0 66.683164
532.0 67.8530702688
534.0 68.9056078144
536.0 69.853056824
538.0 70.7130512016
540.0 71.498729
542.0 72.213696432
544.0 72.863847352
546.0 73.452120744
548.0 73.979152064
550.0 74.447642
552.0 74.8632461104
554.0 75.229332312
556.0 75.5573705856
558.0 75.8626118752
560.0 76.15543
562.0 76.438287352
564.0 76.7161246016
566.0 76.9833973952
568.0 77.2288263888
570.0 77.4462
572.0 77.639696352
574.0 77.8109199712
576.0 77.9658600304
578.0 78.1135717776
580.0 78.260378
582.0 78.4066758576
584.0 78.5538951264
586.0 78.7027824672
588.0 78.853099584
590.0 79.005053
592.0 79.1603902192
594.0 79.3206839952
596.0 79.4859025552
598.0 79.6554104432
600.0 79.82916
602.0 80.0074530672
604.0 80.1895112112
606.0 80.3791948272
608.0 80.5823818832
610.0 80.802202
612.0 81.0384486544
614.0 81.2932982832
616.0 81.557679752
618.0 81.8171364368
620.0 82.063185
622.0 82.2969692624
624.0 82.515629672
626.0 82.7312716656
628.0 82.9637532432
630.0 83.224878
632.0 83.511468656
634.0 83.8243354176
636.0 84.1529297152
638.0 84.4798559408
640.0 84.79366
642.0 85.0953586224
644.0 85.3830930992
646.0 85.658992208
648.0 85.9282984608
650.0 86.193649
652.0 86.4525337744
654.0 86.704158464
656.0 86.9441066496
658.0 87.1658649072
660.0 87.365271
662.0 87.543278112
664.0 87.7006170176
666.0 87.8372241712
668.0 87.9534173008
670.0 88.050372
672.0 88.1288031568
674.0 88.1883930432
676.0 88.2374184736
678.0 88.288032544
680.0 88.348242
682.0 88.417903864
684.0 88.4983525936
686.0 88.5875388432
688.0 88.6808555568
690.0 88.775189
692.0 88.8715082432
694.0 88.9700039232
696.0 89.0691350592
698.0 89.1669158512
700.0 89.26171
702.0 89.3528820496
704.0 89.4398442032
706.0 89.5210078208
708.0 89.5944665344
710.0 89.65887
712.0 89.714154672
714.0 89.7604953008
716.0 89.7970657936
718.0 89.8228335344
720.0 89.837592
722.0 89.8416906912
724.0 89.8347959936
726.0 89.821229008
728.0 89.8075031584
730.0 89.797876
732.0 89.7920541285
734.0 89.7905310104
736.0 89.7923440363
738.0 89.7953063558
740.0 89.797876
742.0 89.7998297992
744.0 89.800020436
746.0 89.7990617791
748.0 89.7983600411
750.0 89.797876
