380.0 34.145831
382.0 34.3728266008
384.0 34.6045327093
386.0 34.8459165998
388.0 35.0936014622
390.0 35.34724
392.0 35.6152531454
394.0 35.9011817414
396.0 36.2101992055
398.0 36.5481299176
400.0 36.916022
402.0 37.313261432
404.0 37.7440847136
406.0 38.1793561872
408.0 38.5745939328
410.0 38.901822
412.0 39.1638999408
414.0 39.3563001312
416.0 39.4957986096
418.0 39.612500104
420.0 39.725929
422.0 39.8329080176
424.0 39.9362490496
426.0 40.0314085856
428.0 40.1083781936
430.0 40.162805
432.0 40.200773496
434.0 40.2254609616
436.0 40.2484803552
438.0 40.2864329648
440.0 40.351456
442.0 40.4454558288
444.0 40.5714508672
446.0 40.7341434896
448.0 40.937743592
450.0 41.185492
452.0 41.4793586272
454.0 41.8206143856
456.0 42.209926504
458.0 42.6472155504
460.0 43.131576
462.0 43.6627536704
464.0 44.24124104
466.0 44.8591266816
468.0 45.5046546592
470.0 46.16985
472.0 46.8539501568
474.0 47.5542544416
476.0 48.2729869504
478.0 49.0153901952
480.0 49.784006
482.0 50.5757206304
484.0 51.3886277184
486.0 52.2191687104
488.0 53.0624188224
490.0 53.91447
492.0 54.7743372864
494.0 55.6410992704
496.0 56.5110385344
498.0 57.3795480224
500.0 58.243514
502.0 59.1008712352
504.0 59.9477434464
506.0 60.7896908736
508.0 61.6365630848
510.0 62.493126
512.0 63.35615468
514.0 64.2256808976
516.0 65.0886936912
518.0 65.9254144928
520.0 66.72288
522.0 67.4812014176
524.0 68.1972650112
526.0 68.8760749968
528.0 69.5277986704
530.0 70.158314
532.0 70.7646025696
534.0 71.3460924688
536.0 71.89827196
538.0 72.4139921632
540.0 72.888789
542.0 73.324711816
544.0 73.723937048
546.0 74.084955488
548.0 74.40554304
550.0 74.685938
552.0 74.9274589392
554.0 75.128691968
556.0 75.3052216448
558.0 75.4804009776
560.0 75.668909
562.0 75.8701738016
564.0 76.0881034368
566.0 76.311355016
568.0 76.5199116752
570.0 76.701525
572.0 76.8600236128
574.0 76.995582264
576.0 77.1140630352
578.0 77.2256332224
580.0 77.336981
582.0 77.4476774352
584.0 77.5595176912
586.0 77.6703253312
588.0 77.7754932992
590.0 77.873147
592.0 77.9654787568
594.0 78.0525521152
596.0 78.1428821856
598.0 78.249178088
600.0 78.379526
602.0 78.5331316016
604.0 78.7109004176
606.0 78.9092421216
608.0 79.1214049936
610.0 79.342639
612.0 79.573944984
614.0 79.8158789696
616.0 80.0646441072
618.0 80.3150773168
620.0 80.563906
622.0 80.8106535648
624.0 81.0537313712
626.0 81.2967297456
628.0 81.545923816
630.0 81.805031
632.0 82.0724626576
634.0 82.3476151056
636.0 82.6284866576
638.0 82.9118206016
640.0 83.195091
642.0 83.4777259424
644.0 83.7587245856
646.0 84.0364665168
648.0 84.309204232
650.0 84.575222
652.0 84.8335507504
654.0 85.0837774368
656.0 85.3223276192
658.0 85.5443559456
660.0 85.746844
662.0 85.9301095104
664.0 86.0940889312
666.0 86.240434448
668.0 86.3720850448
670.0 86.491519
672.0 86.5988951776
674.0 86.694150032
676.0 86.7818588464
678.0 86.8684556128
680.0 86.958182
682.0 87.0512286448
684.0 87.1485963904
686.0 87.248664824
688.0 87.3480978016
690.0 87.444703
692.0 87.539068216
694.0 87.631129904
696.0 87.720649768
698.0 87.807548376
700.0 87.891508
702.0 87.9726239584
704.0 88.051881208
706.0 88.1258165136
708.0 88.1891079312
710.0 88.239023
712.0 88.2758159024
714.0 88.2973896336
716.0 88.3129265328
718.0 88.336962656
720.0 88.378029
722.0 88.4346481296
724.0 88.5089647088
726.0 88.589874144
728.0 88.6591865072
730.0 88.705686
732.0 88.7322477568
734.0 88.7389664878
736.0 88.7310697308
738.0 88.717773118
740.0 88.705686
742.0 88.6965062452
744.0 88.6949334916
746.0 88.6987605938
748.0 88.702509024
750.0 88.705686
