380.0 51.978315
382.0 52.0612943799
384.0 52.1204194561
386.0 52.1230801621
388.0 52.0339733445
390.0 51.82938
392.0 51.5010339559
394.0 51.0389891856
396.0 50.4598057788
398.0 49.7953124041
400.0 49.069118
402.0 48.2793891696
404.0 47.4270361504
406.0 46.5344905392
408.0 45.631618768
410.0 44.740074
412.0 43.86791064
414.0 43.0283620592
416.0 42.2158203584
418.0 41.4147168656
420.0 40.619539
422.0 39.8350526816
424.0 39.0522820944
426.0 38.3192359392
428.0 37.70954768
430.0 37.263537
432.0 36.980203056
434.0 36.8879507312
436.0 36.8804523504
438.0 36.7869291136
440.0 36.508933
442.0 36.0775219216
444.0 35.4891214384
446.0 34.8548886912
448.0 34.353386816
450.0 34.106115
452.0 34.0914041936
454.0 34.2937810432
456.0 34.7725018208
458.0 35.6023914704
460.0 36.816732
462.0 38.405451432
464.0 40.3836577328
466.0 42.5969033216
468.0 44.8071304944
470.0 46.854951
472.0 48.7475931504
474.0 50.4641663296
476.0 52.0121848048
478.0 53.431761736
480.0 54.748506
482.0 55.9388262928
484.0 56.9864549408
486.0 57.9210518528
488.0 58.7894819088
490.0 59.623645
492.0 60.4232551712
494.0 61.1944445728
496.0 61.9372767504
498.0 62.645556008
500.0 63.317233
502.0 63.9591388784
504.0 64.5744985824
506.0 65.1719860864
508.0 65.7632778944
510.0 66.355507
512.0 66.949022904
514.0 67.5464468624
516.0 68.1389460368
518.0 68.7115872112
520.0 69.254775
522.0 69.7699232928
524.0 70.2557294048
526.0 70.7153229568
528.0 71.1549790768
530.0 71.578161
532.0 71.9825651984
534.0 72.3672702608
536.0 72.7290194752
538.0 73.0628880576
540.0 73.365381
542.0 73.6374673728
544.0 73.8808629072
546.0 74.0909764336
548.0 74.261056232
550.0 74.388068
552.0 74.472980808
554.0 74.5137135376
556.0 74.5245798352
558.0 74.5277412288
560.0 74.537003
562.0 74.55130076
564.0 74.5741454032
566.0 74.5943687904
568.0 74.5925100816
570.0 74.556861
572.0 74.4909959856
574.0 74.3945178784
576.0 74.2756399472
578.0 74.148103928
580.0 74.020695
582.0 73.8922693424
584.0 73.7643361632
586.0 73.633146272
588.0 73.4915507888
590.0 73.335594
592.0 73.1674682288
594.0 72.987602408
596.0 72.8006671392
598.0 72.6138907344
600.0 72.432055
602.0 72.2548739808
604.0 72.0829990192
606.0 71.9157311136
608.0 71.751163896
610.0 71.58809
612.0 71.4276691328
614.0 71.2711404336
616.0 71.1166769664
618.0 70.9613397472
620.0 70.803699
622.0 70.6443425216
624.0 70.4827301744
626.0 70.3235802192
628.0 70.1742004
630.0 70.039166
632.0 69.9175079488
634.0 69.8090991552
636.0 69.7123668656
638.0 69.624372096
640.0 69.542716
642.0 69.4671602816
644.0 69.3973395536
646.0 69.3299017856
648.0 69.2603193536
650.0 69.185272
652.0 69.104807384
654.0 69.0194815296
656.0 68.9259741792
658.0 68.8197577088
660.0 68.698751
662.0 68.5646221248
664.0 68.4184036992
666.0 68.2658307136
668.0 68.115402392
670.0 67.973934
672.0 67.8440309072
674.0 67.7294264176
676.0 67.634123904
678.0 67.5619361024
680.0 67.5172
682.0 67.5037283328
684.0 67.52395172
686.0 67.5877832752
688.0 67.7083292784
690.0 67.894502
692.0 68.146539736
694.0 68.4648714192
696.0 68.8504025744
698.0 69.3028949056
700.0 69.820728
702.0 70.4021225808
704.0 71.0454264624
706.0 71.740917168
708.0 72.4748529616
710.0 73.236304
712.0 74.0166121952
714.0 74.801193832
716.0 75.5973725408
718.0 76.4218290416
720.0 77.277407
722.0 78.1557819424
724.0 79.0652942288
726.0 79.9314366432
728.0 80.6419717696
730.0 81.129859
732.0 81.4090205977
734.0 81.4748292876
736.0 81.3880491055
738.0 81.249450375
740.0 81.129859
742.0 81.0417674678
744.0 81.0232756982
746.0 81.0566024769
748.0 81.0948395975
750.0 81.129859
