380.0 15.330376
382.0 14.9465912846
384.0 14.5634880882
386.0 14.1833212154
388.0 13.8152333274
390.0 13.463724
392.0 13.1236364621
394.0 12.7939947262
396.0 12.4665717656
398.0 12.129299237
400.0 11.775794
402.0 11.4070865424
404.0 11.0201891568
406.0 10.6320208592
408.0 10.2693502336
410.0 9.948858
412.0 9.6680182208
414.0 9.4290232192
416.0 9.2217215856
418.0 9.028161688
420.0 8.83681
422.0 8.650303664
424.0 8.4683884976
426.0 8.2925895952
428.0 8.1267196928
430.0 7.972987
432.0 7.8298664224
434.0 7.6967701632
436.0 7.572808584
438.0 7.4566313408
440.0 7.34746
442.0 7.24538988
444.0 7.150150912
446.0 7.063014008
448.0 6.9860444
450.0 6.920513
452.0 6.86610208
454.0 6.82281164
456.0 6.790006224
458.0 6.766573784
460.0 6.75172
462.0 6.7456196224
464.0 6.748463288
466.0 6.7594090176
468.0 6.7772653312
470.0 6.801365
472.0 6.8318510016
474.0 6.8686280176
476.0 6.9127922096
478.0 6.9660910816
480.0 7.029732
482.0 7.1038261696
484.0 7.1888184096
486.0 7.2845339696
488.0 7.3904168256
490.0 7.506324
492.0 7.6328909488
494.0 7.7705783776
496.0 7.9203394704
498.0 8.0834451392
500.0 8.260928
502.0 8.452915144
504.0 8.6592953664
506.0 8.8817208528
508.0 9.1224951312
510.0 9.382905
512.0 9.6624420944
514.0 9.9608045728
516.0 10.2765626592
518.0 10.6074922576
520.0 10.951687
522.0 11.3083207936
524.0 11.6763133632
526.0 12.0537583408
528.0 12.4384316304
530.0 12.828268
532.0 13.2213610816
534.0 13.6153914608
536.0 14.009342408
538.0 14.4027373312
540.0 14.79421
542.0 15.181361568
544.0 15.562476304
546.0 15.932232264
548.0 16.28356
550.0 16.611217
552.0 16.9139164656
554.0 17.190037984
556.0 17.4377228464
558.0 17.6555412768
560.0 17.842413
562.0 17.998020288
564.0 18.1229032784
566.0 18.2156957408
568.0 18.2744913072
570.0 18.299147
572.0 18.2914103232
574.0 18.2521550288
576.0 18.1889112704
578.0 18.112561232
580.0 18.031064
582.0 17.9453092128
584.0 17.8566472144
586.0 17.769176696
588.0 17.6873458496
590.0 17.614046
592.0 17.5501350128
594.0 17.496724936
596.0 17.4511786272
598.0 17.4087301664
600.0 17.365821
602.0 17.3234201984
604.0 17.2830210832
606.0 17.2387298
608.0 17.1818882608
610.0 17.107667
612.0 17.0175434528
614.0 16.911390528
616.0 16.7963412192
618.0 16.6836748704
620.0 16.58143
622.0 16.490718656
624.0 16.4145910272
626.0 16.3535554784
628.0 16.3063410976
630.0 16.273631
632.0 16.2587295568
634.0 16.2630824304
636.0 16.295713096
638.0 16.3692512416
640.0 16.492069
642.0 16.6632767328
644.0 16.882159552
646.0 17.1498930512
648.0 17.4671126864
650.0 17.832484
652.0 18.244656648
654.0 18.7039801312
656.0 19.1956324384
658.0 19.6977697696
660.0 20.195586
662.0 20.689176448
664.0 21.1766665184
666.0 21.6576431648
668.0 22.1342510512
670.0 22.608333
672.0 23.07857044
674.0 23.5439148688
676.0 24.0104507776
678.0 24.4873922784
680.0 24.981364
682.0 25.493938696
684.0 26.0285001696
686.0 26.5844288512
688.0 27.1588651888
690.0 27.751555
692.0 28.3680108656
694.0 29.0136977072
696.0 29.6925076928
698.0 30.4084918544
700.0 31.167131
702.0 31.9744460752
704.0 32.8354730688
706.0 33.7641761264
708.0 34.778745176
710.0 35.893335
712.0 37.0902640352
714.0 38.3299274864
716.0 39.6878651856
718.0 41.2845754768
720.0 43.171292
722.0 45.3243281328
724.0 47.7821448496
726.0 50.2680804944
728.0 52.3561412512
730.0 53.785393
732.0 54.6065636004
734.0 54.8047726644
736.0 54.5517285363
738.0 54.1425081743
740.0 53.785393
742.0 53.5198934023
744.0 53.4689457175
746.0 53.5741742666
748.0 53.6862275068
750.0 53.785393
