380.0 15.945974
382.0 15.5386096864
384.0 15.1267495976
386.0 14.7058608649
388.0 14.2803118681
390.0 13.850955
392.0 13.4090055375
394.0 12.9509423247
396.0 12.470532496
398.0 11.9603356672
400.0 11.41835
402.0 10.8454228704
404.0 10.237275592
406.0 9.6239652336
408.0 9.0514829232
410.0 8.548869
412.0 8.113422776
414.0 7.7501643536
416.0 7.4421906032
418.0 7.1589202048
420.0 6.880797
422.0 6.6130952736
424.0 6.3562757312
426.0 6.1120858768
428.0 5.8854504944
430.0 5.679388
432.0 5.4925003904
434.0 5.3250736208
436.0 5.1758367792
438.0 5.0425657696
440.0 4.924784
442.0 4.824620248
444.0 4.7435678352
446.0 4.6870599104
448.0 4.6627219456
450.0 4.676559
452.0 4.7287775968
454.0 4.8183610064
456.0 4.954412136
458.0 5.1497195376
460.0 5.411305
462.0 5.7358323792
464.0 6.120950488
466.0 6.5588114448
468.0 7.0374210176
470.0 7.54604
472.0 8.0816817488
474.0 8.6426305328
476.0 9.2089012608
478.0 9.7530898928
480.0 10.256657
482.0 10.718395216
484.0 11.1348889648
486.0 11.5083305696
488.0 11.8458689104
490.0 12.153096
492.0 12.4283596528
494.0 12.6705795936
496.0 12.8899231184
498.0 13.1011645792
500.0 13.314789
502.0 13.5315748144
504.0 13.7532695264
506.0 13.9830663024
508.0 14.2235863984
510.0 14.476482
512.0 14.7431193376
514.0 15.0250552784
516.0 15.3185088592
518.0 15.617046088
520.0 15.916187
522.0 16.2160428
524.0 16.5157873952
526.0 16.8144199424
528.0 17.1113049856
530.0 17.405537
532.0 17.695384368
534.0 17.9790519264
536.0 18.2557294688
538.0 18.5249404032
540.0 18.785668
542.0 19.0363236192
544.0 19.2757952128
546.0 19.5004924544
548.0 19.705649424
550.0 19.887787
552.0 20.0463014992
554.0 20.1805098064
556.0 20.2889821456
558.0 20.3703681728
560.0 20.423953
562.0 20.4501337872
564.0 20.4497525136
566.0 20.423238112
568.0 20.3711466064
570.0 20.294876
572.0 20.1962055696
574.0 20.076438
576.0 19.9417372144
578.0 19.8006024368
580.0 19.65942
582.0 19.5192066336
584.0 19.3809472944
586.0 19.2491219472
588.0 19.129052536
590.0 19.023964
592.0 18.934126408
594.0 18.8603817392
596.0 18.7987107344
598.0 18.7423616736
600.0 18.686378
602.0 18.6315540336
604.0 18.5790018224
606.0 18.5227163072
608.0 18.454198264
610.0 18.36865
612.0 18.2673106544
614.0 18.1500213632
616.0 18.02351796
618.0 17.8985237648
620.0 17.782839
622.0 17.6776551456
624.0 17.58584764
626.0 17.5092116464
628.0 17.4484620528
630.0 17.405537
632.0 17.3836773136
634.0 17.3846622704
636.0 17.4166257072
638.0 17.490608672
640.0 17.614046
642.0 17.7862228032
644.0 18.0060905792
646.0 18.2760799472
648.0 18.5988915952
650.0 18.974319
652.0 19.400630544
654.0 19.8783822512
656.0 20.3906868784
658.0 20.9124439136
660.0 21.426782
662.0 21.9339870928
664.0 22.4317715504
666.0 22.92089792
668.0 23.4056555296
670.0 23.889174
672.0 24.3696263952
674.0 24.845853008
676.0 25.3232711008
678.0 25.8099827376
680.0 26.31185
682.0 26.8303662096
684.0 27.3685656688
686.0 27.926067104
688.0 28.5005669872
690.0 29.09197
692.0 29.7052803584
694.0 30.345645256
696.0 31.0158765856
698.0 31.7185161712
700.0 32.457901
702.0 33.2400996768
704.0 34.0704341456
706.0 34.9612957984
708.0 35.9286504672
710.0 36.985525
712.0 38.1152704496
714.0 39.2793781824
716.0 40.5544524192
718.0 42.06242128
720.0 43.856393
722.0 45.9132369808
724.0 48.2705563312
726.0 50.6602839376
728.0 52.669055672
730.0 54.043547
732.0 54.833253407
734.0 55.0240864687
736.0 54.7809030823
738.0 54.3873081729
740.0 54.043547
742.0 53.7878474108
744.0 53.7389490716
746.0 53.8404622555
748.0 53.9482669098
750.0 54.043547
