380.0 37.213892
382.0 37.3836406164
384.0 37.5556646365
386.0 37.7326195215
388.0 37.9132955487
390.0 38.097573
392.0 38.2891276387
394.0 38.4894844831
396.0 38.6996236254
398.0 38.9201683596
400.0 39.150047
402.0 39.3890102288
404.0 39.6392369152
406.0 39.8854125696
408.0 40.10442248
410.0 40.281953
412.0 40.4198628384
414.0 40.5162615136
416.0 40.5810462528
418.0 40.6314538
420.0 40.679113
422.0 40.7230706688
424.0 40.7653284928
426.0 40.8060771088
428.0 40.8434895808
430.0 40.877693
432.0 40.9127066256
434.0 40.9516759648
436.0 40.999541688
438.0 41.0624994912
440.0 41.145776
442.0 41.251261696
444.0 41.380179832
446.0 41.539282128
448.0 41.737306104
450.0 41.979812
452.0 42.2679277504
454.0 42.60454468
456.0 42.9832605696
458.0 43.3928755072
460.0 43.826606
462.0 44.2862630976
464.0 44.7711954576
466.0 45.2863914096
468.0 45.8402707456
470.0 46.437933
472.0 47.0762803248
474.0 47.7521195536
476.0 48.4671187584
478.0 49.2239786272
480.0 50.022302
482.0 50.859197552
484.0 51.7342363504
486.0 52.6309600848
488.0 53.5253008592
490.0 54.400991
492.0 55.2575221424
494.0 56.0916534608
496.0 56.9051324592
498.0 57.7039165376
500.0 58.491739
502.0 59.2648824288
504.0 60.0198994752
506.0 60.7618102416
508.0 61.498716792
510.0 62.234972
512.0 62.9687330432
514.0 63.7001587856
516.0 64.421496664
518.0 65.1206730144
520.0 65.789554
522.0 66.42858444
524.0 67.036874696
526.0 67.61410704
528.0 68.161234656
530.0 68.678893
532.0 69.1656681824
534.0 69.620003336
536.0 70.0448692176
538.0 70.4451111792
540.0 70.823557
542.0 71.1802543392
544.0 71.5171413376
546.0 71.828610096
548.0 72.1054465024
550.0 72.342694
552.0 72.542227184
554.0 72.70331528
556.0 72.835490128
558.0 72.953684944
560.0 73.067511
562.0 73.176650568
564.0 73.283724904
566.0 73.383332632
568.0 73.465385888
570.0 73.524245
572.0 73.5630237024
574.0 73.58262752
576.0 73.5888073296
578.0 73.5904595152
580.0 73.593748
582.0 73.5989269664
584.0 73.6073944176
586.0 73.6195951728
588.0 73.634893776
590.0 73.653322
592.0 73.6761507568
594.0 73.7037930928
596.0 73.7386637408
598.0 73.7840988448
600.0 73.841973
602.0 73.9121273424
604.0 73.9952291008
606.0 74.0876244032
608.0 74.1834352816
610.0 74.278849
612.0 74.3749140608
614.0 74.4723930112
616.0 74.5704279856
618.0 74.6680658
620.0 74.76537
622.0 74.862912496
624.0 74.9604391056
626.0 75.0639231152
628.0 75.1822609088
630.0 75.321394
632.0 75.4809570016
634.0 75.6613311872
636.0 75.8625959888
638.0 76.0838776544
640.0 76.324223
642.0 76.582853592
644.0 76.8581172448
646.0 77.1491084336
648.0 77.4550328384
650.0 77.773857
652.0 78.1037857552
654.0 78.4448826496
656.0 78.785344088
658.0 79.1080921904
660.0 79.402213
662.0 79.6683578592
664.0 79.90501756
666.0 80.1172916368
668.0 80.3147913616
670.0 80.504332
672.0 80.6846744128
674.0 80.8552943488
676.0 81.0216249568
678.0 81.1909739808
680.0 81.368155
682.0 81.553708152
684.0 81.7491426448
686.0 81.9518848816
688.0 82.1569306464
690.0 82.361055
692.0 82.565036376
694.0 82.7686047056
696.0 82.9722524672
698.0 83.1771711408
700.0 83.383742
702.0 83.5912342704
704.0 83.7996161792
706.0 84.005932856
708.0 84.2058155408
710.0 84.3965
712.0 84.5770965952
714.0 84.744968184
716.0 84.9049760048
718.0 85.0654604176
720.0 85.230536
722.0 85.3988047488
724.0 85.5726019648
726.0 85.7379793888
728.0 85.8731726528
730.0 85.965282
732.0 86.0177220183
734.0 86.0302047761
736.0 86.0140920139
738.0 85.9880551924
740.0 85.965282
742.0 85.9484110993
744.0 85.9448843185
746.0 85.9512815969
748.0 85.9585948137
750.0 85.965282
