380.0 56.148495
382.0 56.8963535129
384.0 57.6223299161
386.0 58.2973265576
388.0 58.8891267304
390.0 59.37542
392.0 59.7477791253
394.0 59.9960296651
396.0 60.1312796337
398.0 60.1770097383
400.0 60.149882
402.0 60.0469222416
404.0 59.8685497424
406.0 59.6263933472
408.0 59.335545136
410.0 59.008047
412.0 58.648378904
414.0 58.2612749952
416.0 57.8553457024
418.0 57.4399640016
420.0 57.022247
422.0 56.6084221664
424.0 56.2074494304
426.0 55.8119575024
428.0 55.4071720304
430.0 54.986802
432.0 54.5630640528
434.0 54.1476188064
436.0 53.748615984
438.0 53.3753491296
440.0 53.040718
442.0 52.7550328688
444.0 52.523059656
446.0 52.3900587152
448.0 52.4192579184
450.0 52.653487
452.0 53.0888855648
454.0 53.7209418752
456.0 54.5641284416
458.0 55.634411096
460.0 56.932886
462.0 58.4468758064
464.0 60.1695652496
466.0 62.0345174048
468.0 63.94514296
470.0 65.82927
472.0 67.6773031392
474.0 69.4767397808
476.0 71.1796665424
478.0 72.729925
480.0 74.090198
482.0 75.251176112
484.0 76.1990540544
486.0 76.9580427008
488.0 77.5745303392
490.0 78.081656
492.0 78.4751939008
494.0 78.7560654528
496.0 78.9474965728
498.0 79.0793536928
500.0 79.173846
502.0 79.2371850768
504.0 79.2767422128
506.0 79.2996186288
508.0 79.3105008128
510.0 79.312852
512.0 79.3124866128
514.0 79.3161404848
516.0 79.3143135488
518.0 79.2900867888
520.0 79.23342
522.0 79.1477446448
524.0 79.0328065408
526.0 78.8965806608
528.0 78.7521732848
530.0 78.607893
532.0 78.4624212352
534.0 78.3167270608
536.0 78.1672995824
538.0 78.007545944
540.0 77.833431
542.0 77.6471311872
544.0 77.4502669184
546.0 77.2422821696
548.0 77.0223826208
550.0 76.790886
552.0 76.5470774192
554.0 76.2875889616
556.0 76.024128904
558.0 75.7748871744
560.0 75.549761
562.0 75.346494512
564.0 75.168407968
566.0 74.994372456
568.0 74.790867672
570.0 74.537003
572.0 74.2375284736
574.0 73.89280948
576.0 73.5108368784
578.0 73.1062261568
580.0 72.690209
582.0 72.262547112
584.0 71.8235423344
586.0 71.3865233568
588.0 70.9696006752
590.0 70.585261
592.0 70.2338061728
594.0 69.9158398768
596.0 69.6341740048
598.0 69.3907943568
600.0 69.185272
602.0 69.0168443872
604.0 68.8863217248
606.0 68.7778811584
608.0 68.667851952
610.0 68.539887
612.0 68.3935255968
614.0 68.2259876224
616.0 68.035414368
618.0 67.8222824256
620.0 67.586703
622.0 67.3282789312
624.0 67.04934552
626.0 66.7461059168
628.0 66.4125232896
630.0 66.047708
632.0 65.657458584
634.0 65.2453971408
636.0 64.8303172816
638.0 64.4389875904
640.0 64.091695
642.0 63.7891543984
644.0 63.5298565776
646.0 63.3365667488
648.0 63.24018396
650.0 63.257659
652.0 63.3856874976
654.0 63.6272084368
656.0 63.949750016
658.0 64.3018402992
660.0 64.647719
662.0 64.9896102144
664.0 65.32606828
666.0 65.6433038016
668.0 65.9264629952
670.0 66.166856
672.0 66.3629894944
674.0 66.5118927216
676.0 66.6289437168
678.0 66.739401856
680.0 66.861886
682.0 66.9974605376
684.0 67.1494616128
686.0 67.329502184
688.0 67.5511651232
690.0 67.824999
692.0 68.1544193904
694.0 68.541713936
696.0 68.9946193136
698.0 69.5220319072
700.0 70.128527
702.0 70.813628
704.0 71.5783834096
706.0 72.4100205632
708.0 73.2885225968
710.0 74.199417
712.0 75.1334102288
714.0 76.0710414432
716.0 77.0309136176
718.0 78.048135696
720.0 79.13413
722.0 80.2770135024
724.0 81.4898289376
726.0 82.6635638288
728.0 83.632602456
730.0 84.29721
732.0 84.6778524006
734.0 84.768215384
736.0 84.6502282314
738.0 84.4610487235
740.0 84.29721
742.0 84.1761829961
744.0 84.1514002121
746.0 84.1978097833
748.0 84.249927817
750.0 84.29721
