380.0 37.412472
382.0 37.9308174878
384.0 38.4259510449
386.0 38.8697418856
388.0 39.2425798072
390.0 39.527349
392.0 39.7051650191
394.0 39.7626062129
396.0 39.6955976058
398.0 39.5062637186
400.0 39.199692
402.0 38.7741271168
404.0 38.2248548368
406.0 37.5913846368
408.0 36.9332110848
410.0 36.290495
412.0 35.6645072944
414.0 35.0648115808
416.0 34.4850532992
418.0 33.9072013856
420.0 33.321724
422.0 32.7398369408
424.0 32.1692927712
426.0 31.6135229536
428.0 31.076101928
430.0 30.561462
432.0 30.0777370064
434.0 29.6359044496
436.0 29.2352971008
438.0 28.870990176
440.0 28.545875
442.0 28.2728195568
444.0 28.0601800928
446.0 27.9423030048
448.0 27.9666886288
450.0 28.168573
452.0 28.550164328
454.0 29.1111448848
456.0 29.8817464896
458.0 30.9011291184
460.0 32.189818
462.0 33.7336424656
464.0 35.5168114336
466.0 37.5190538576
468.0 39.7115359216
470.0 42.059244
472.0 44.5401595424
474.0 47.1423995216
476.0 49.7577457808
478.0 52.235356952
480.0 54.470494
482.0 56.4549913152
484.0 58.1707860608
486.0 59.6065035744
488.0 60.766909776
490.0 61.65909
492.0 62.272622768
494.0 62.5961651904
496.0 62.6866541248
498.0 62.6319413632
500.0 62.493126
502.0 62.2718602208
504.0 61.9795504608
506.0 61.6259191968
508.0 61.2131905248
510.0 60.745622
512.0 60.2371142224
514.0 59.6997726288
516.0 59.1325646032
518.0 58.5288972896
520.0 57.88607
522.0 57.2099924752
524.0 56.5038419952
526.0 55.7737824832
528.0 55.0279954352
530.0 54.271914
532.0 53.506904408
534.0 52.7359850752
536.0 51.9545807184
538.0 51.1541921136
540.0 50.330101
542.0 49.4857070672
544.0 48.6232820704
546.0 47.7456855616
548.0 46.8570480048
550.0 45.961341
552.0 45.059708368
554.0 44.1521818816
556.0 43.2485475632
558.0 42.3626265808
560.0 41.50322
562.0 40.67077264
564.0 39.8682393712
566.0 39.0885030864
568.0 38.3188546656
570.0 37.551478
572.0 36.7885812992
574.0 36.0298150624
576.0 35.2792303216
578.0 34.5438965248
580.0 33.828103
582.0 33.1305629488
584.0 32.4513716896
586.0 31.7879079664
588.0 31.1357235872
590.0 30.491959
592.0 29.8571861152
594.0 29.2313096144
596.0 28.6148060896
598.0 28.0087875888
600.0 27.413969
602.0 26.8303503232
604.0 26.2584558096
606.0 25.697522912
608.0 25.1462012864
610.0 24.604062
612.0 24.0720105776
614.0 23.550475952
616.0 23.0423653344
618.0 22.5518886208
620.0 22.082096
622.0 21.6330986768
624.0 21.2050237424
626.0 20.799825224
628.0 20.4198860816
630.0 20.066509
632.0 19.7393444784
634.0 19.43820188
636.0 19.1610477456
638.0 18.9047047952
640.0 18.66652
642.0 18.4457308128
644.0 18.2414634816
646.0 18.0505407264
648.0 17.8689115152
650.0 17.693478
652.0 17.5236364976
654.0 17.3590851664
656.0 17.1971550912
658.0 17.034510128
660.0 16.869371
662.0 16.7023413904
664.0 16.5337390272
666.0 16.366645872
668.0 16.2058278448
670.0 16.055193
672.0 15.916345864
674.0 15.791637624
676.0 15.683689536
678.0 15.595122856
680.0 15.528956
682.0 15.488922272
684.0 15.478993272
686.0 15.502902304
688.0 15.564462104
690.0 15.667962
692.0 15.8178184112
694.0 16.018098256
696.0 16.2760457328
698.0 16.6003983616
700.0 16.998448
702.0 17.4741503616
704.0 18.0316517968
706.0 18.67605184
708.0 19.4124341392
710.0 20.245231
712.0 21.1596998432
714.0 22.122685752
716.0 23.1914750848
718.0 24.4592415776
720.0 25.964335
722.0 27.6860394864
724.0 29.6534271488
726.0 31.6442472512
728.0 33.3173393536
730.0 34.463559
732.0 35.1225025483
734.0 35.2813963448
736.0 35.0780802213
738.0 34.7497008842
740.0 34.463559
742.0 34.2509515368
744.0 34.2101552616
746.0 34.2944222001
748.0 34.3841513237
750.0 34.463559
