380.0 23.273576
382.0 23.7848252838
384.0 24.281210522
386.0 24.7455675616
388.0 25.1677009824
390.0 25.537388
392.0 25.8406187859
394.0 26.0679917837
396.0 26.2120858404
398.0 26.267374921
400.0 26.232418
402.0 26.1060099152
404.0 25.8845534992
406.0 25.5930380592
408.0 25.2699881152
410.0 24.941648
412.0 24.6087167152
414.0 24.2773264112
416.0 23.9456978112
418.0 23.6056494192
420.0 23.253718
422.0 22.898021504
424.0 22.5449144912
426.0 22.1978443104
428.0 21.8601471056
430.0 21.536001
432.0 21.2315540304
434.0 20.9537803264
436.0 20.7071439664
438.0 20.4954576864
440.0 20.324663
442.0 20.2021153104
444.0 20.1332477664
446.0 20.1358690224
448.0 20.2335703824
450.0 20.443811
452.0 20.7669086032
454.0 21.2003372544
456.0 21.7618897216
458.0 22.4757133328
460.0 23.353008
462.0 24.3832886992
464.0 25.5575478416
466.0 26.85119328
468.0 28.2287189104
470.0 29.657923
472.0 31.1265889072
474.0 32.625423088
476.0 34.0991567568
478.0 35.4738387216
480.0 36.697584
482.0 37.763482008
484.0 38.6606982208
486.0 39.3837200576
488.0 39.9358836624
490.0 40.321669
492.0 40.5363260368
494.0 40.5751206256
496.0 40.4678397664
498.0 40.2599979952
500.0 39.984083
502.0 39.6423983088
504.0 39.2415685504
506.0 38.791967544
508.0 38.3022533776
510.0 37.779845
512.0 37.232796816
514.0 36.669226776
516.0 36.087784536
518.0 35.482512696
520.0 34.85079
522.0 34.1974459136
524.0 33.525228784
526.0 32.8387138944
528.0 32.1439380768
530.0 31.445143
532.0 30.743520144
534.0 30.0411188544
536.0 29.3366523328
538.0 28.6269432992
540.0 27.910419
542.0 27.1895100544
544.0 26.4664564448
546.0 25.7414964672
548.0 25.0144712576
550.0 24.286334
552.0 23.5584668112
554.0 22.8308696912
556.0 22.1116923632
558.0 21.4127701952
560.0 20.741681
562.0 20.0983135728
564.0 19.4843995312
566.0 18.8955065696
568.0 18.323453192
570.0 17.762981
572.0 17.2154403376
574.0 16.6807835456
576.0 16.1594713296
578.0 15.6528540336
580.0 15.161583
582.0 14.6848639088
584.0 14.2223631456
586.0 13.7729686624
588.0 13.3350918192
590.0 12.9077
592.0 12.4907296592
594.0 12.0838471824
596.0 11.6876880256
598.0 11.3034436688
600.0 10.931829
602.0 10.5727645872
604.0 10.2266158176
606.0 9.892381848
608.0 9.5683946064
610.0 9.253828
612.0 8.9490791888
614.0 8.653957536
616.0 8.3708301152
618.0 8.1033507984
620.0 7.853839
622.0 7.6218340144
624.0 7.4072405232
626.0 7.209566048
628.0 7.0277779728
630.0 6.860939
632.0 6.708747288
634.0 6.570773904
636.0 6.44550964
638.0 6.330968696
640.0 6.225483
642.0 6.1283853232
644.0 6.039056096
646.0 5.9556842688
648.0 5.8760457456
650.0 5.798536
652.0 5.7227896448
654.0 5.6484412928
656.0 5.5751255568
658.0 5.5026835728
660.0 5.431163
662.0 5.3606750432
664.0 5.2913944528
666.0 5.2244173904
668.0 5.161332496
670.0 5.103506
672.0 5.0516527904
674.0 5.0066942784
676.0 4.9697583984
678.0 4.9420366304
680.0 4.924784
682.0 4.9198115568
684.0 4.9294863744
686.0 4.95377668
688.0 4.9917292896
690.0 5.043932
692.0 5.1137209552
694.0 5.204225776
696.0 5.3199899728
698.0 5.4666532176
700.0 5.649601
702.0 5.8722171232
704.0 6.1375041168
706.0 6.4537070224
708.0 6.831231432
710.0 7.277957
712.0 7.784653728
714.0 8.3306057504
716.0 8.9542422688
718.0 9.7168847872
720.0 10.643888
722.0 11.722336264
724.0 12.9716745328
726.0 14.2456367216
728.0 15.3195097024
730.0 16.055193
732.0 16.4784270671
734.0 16.580721649
736.0 16.4502010389
738.0 16.2391933894
740.0 16.055193
742.0 15.918365033
744.0 15.892390769
746.0 15.9469035444
748.0 16.0044632401
750.0 16.055193
