380.0 22.24096
382.0 22.7234475267
384.0 23.1909884593
386.0 23.6262047485
388.0 24.0180428045
390.0 24.355837
392.0 24.6260036268
394.0 24.8191646921
396.0 24.9286127907
398.0 24.9498913693
400.0 24.882074
402.0 24.7237501376
404.0 24.471489992
406.0 24.1485353664
408.0 23.7907100928
410.0 23.422511
412.0 23.0447800672
414.0 22.6633952624
416.0 22.2771651056
418.0 21.8790995808
420.0 21.466498
422.0 21.0468428576
424.0 20.6256943936
426.0 20.2076437776
428.0 19.7978540896
430.0 19.401266
432.0 19.023090248
434.0 18.6697608256
436.0 18.3431205552
438.0 18.0431694368
440.0 17.77291
442.0 17.5384743952
444.0 17.3433099712
446.0 17.2048599952
448.0 17.1471923632
450.0 17.187099
452.0 17.3221651728
454.0 17.5474502112
456.0 17.8770294656
458.0 18.330443208
460.0 18.914745
462.0 19.6200058416
464.0 20.4408561296
466.0 21.3388348896
468.0 22.2576248336
470.0 23.154428
472.0 24.0238588992
474.0 24.8602937456
476.0 25.627463888
478.0 26.2799342224
480.0 26.788442
482.0 27.149619304
484.0 27.35558648
486.0 27.426836984
488.0 27.40086272
490.0 27.30475
492.0 27.1361635232
494.0 26.896231224
496.0 26.6049858528
498.0 26.2881633776
500.0 25.964335
502.0 25.638504936
504.0 25.3175519968
506.0 25.0023181616
508.0 24.6889906944
510.0 24.375695
512.0 24.067419408
514.0 23.7681037456
516.0 23.4748249152
518.0 23.1820226768
520.0 22.886345
522.0 22.588713296
524.0 22.2885079952
526.0 21.9886204224
528.0 21.6938959296
530.0 21.406924
532.0 21.1263225168
534.0 20.8517896384
536.0 20.57924256
538.0 20.3024061536
540.0 20.016864
542.0 19.7228702816
544.0 19.420488544
546.0 19.1073040544
548.0 18.7803778288
550.0 18.438153
552.0 18.0806613408
554.0 17.7072356224
556.0 17.3221334
558.0 16.9321063936
560.0 16.541714
562.0 16.1508450144
564.0 15.760341416
566.0 15.3699966816
568.0 14.9786193312
570.0 14.585701
572.0 14.1924172816
574.0 13.7996260416
576.0 13.4078674176
578.0 13.0176974336
580.0 12.629688
582.0 12.2444904592
584.0 11.8628355856
586.0 11.485152312
588.0 11.1117583664
590.0 10.743178
592.0 10.3802373056
594.0 10.023682944
596.0 9.6747540544
598.0 9.3349598448
600.0 9.005603
602.0 8.6874142944
604.0 8.3811245024
606.0 8.0879409904
608.0 7.8092141024
610.0 7.54604
612.0 7.2986569792
614.0 7.0669220624
616.0 6.8525033216
618.0 6.6577042848
620.0 6.483637
622.0 6.3296818976
624.0 6.1956801136
626.0 6.0785973456
628.0 5.9738265376
630.0 5.877968
632.0 5.7905451408
634.0 5.7106683216
636.0 5.6367489024
638.0 5.5671982432
640.0 5.500666
642.0 5.4363101936
644.0 5.3735112544
646.0 5.3111094752
648.0 5.247833944
650.0 5.182938
652.0 5.1166281664
654.0 5.0493016032
656.0 4.981260152
658.0 4.9129804048
660.0 4.845352
662.0 4.77942344
664.0 4.716116136
666.0 4.658607368
668.0 4.611186464
670.0 4.577269
672.0 4.5583482976
674.0 4.556378384
676.0 4.5729161264
678.0 4.6091530048
680.0 4.66663
682.0 4.7480636864
684.0 4.8564883664
686.0 4.9928731104
688.0 5.1574562144
690.0 5.351731
692.0 5.5791289296
694.0 5.8426366464
696.0 6.1478461632
698.0 6.501826928
700.0 6.910584
702.0 7.377088136
704.0 7.9043259792
706.0 8.4979689744
708.0 9.1645305456
710.0 9.909142
712.0 10.7193325136
714.0 11.5676980464
716.0 12.5012146832
718.0 13.596137144
720.0 14.883571
722.0 16.3466925536
724.0 18.0100621792
726.0 19.6883650208
728.0 21.0971550864
730.0 22.062238
732.0 22.6168715979
734.0 22.7505066265
736.0 22.5793610711
738.0 22.303009542
740.0 22.062238
742.0 21.8833878446
744.0 21.848930243
746.0 21.9196786152
748.0 21.9952533365
750.0 22.062238
