380.0 49.813793
382.0 50.0163186801
384.0 50.2125382955
386.0 50.3930052911
388.0 50.5441326143
390.0 50.657758
392.0 50.7345854665
394.0 50.7727069736
396.0 50.7813884732
398.0 50.7760899407
400.0 50.766977
402.0 50.752996968
404.0 50.7356649056
406.0 50.7132491952
408.0 50.6813810768
410.0 50.6379
412.0 50.5845375824
414.0 50.5211031872
416.0 50.45282344
418.0 50.3876415408
420.0 50.330101
422.0 50.2800747264
424.0 50.240104544
426.0 50.2010081136
428.0 50.1478522192
430.0 50.071947
432.0 49.9760249168
434.0 49.8598476736
436.0 49.7323116544
438.0 49.6077940512
440.0 49.496065
442.0 49.3961554304
444.0 49.3084625024
446.0 49.2352261984
448.0 49.1782734544
450.0 49.138621
452.0 49.117412656
454.0 49.1163959264
456.0 49.1308684368
458.0 49.1531252832
460.0 49.178337
462.0 49.2074726576
464.0 49.2402463008
466.0 49.278739048
468.0 49.3267636352
470.0 49.386846
472.0 49.4578899808
474.0 49.538799416
476.0 49.6316236512
478.0 49.7393811024
480.0 49.863438
482.0 50.0031271152
484.0 50.1588932672
486.0 50.3251444432
488.0 50.4933019872
490.0 50.657758
492.0 50.8184965952
494.0 50.9739450192
496.0 51.1266927552
498.0 51.2818234512
500.0 51.442149
502.0 51.6053341008
504.0 51.7696153632
506.0 51.9338966256
508.0 52.096748112
510.0 52.256327
512.0 52.4115689008
514.0 52.5622831776
516.0 52.7017181104
518.0 52.8202624272
520.0 52.911641
522.0 52.975266032
524.0 53.0088022224
526.0 53.0163641488
528.0 53.0056567152
530.0 52.981144
532.0 52.9407607712
534.0 52.8841098688
536.0 52.8076009664
538.0 52.70551496
540.0 52.574055
542.0 52.4140312928
544.0 52.2259998624
546.0 52.008737456
548.0 51.7608142976
550.0 51.481865
552.0 51.1721119728
554.0 50.830840328
556.0 50.4638327152
558.0 50.0799060864
560.0 49.684716
562.0 49.27921564
564.0 48.8670906512
566.0 48.4417005184
568.0 47.9913687376
570.0 47.510265
572.0 47.0026468608
574.0 46.4698011184
576.0 45.923769664
578.0 45.3826629936
580.0 44.859222
582.0 44.3537326384
584.0 43.867751776
586.0 43.4054416496
588.0 42.9706149952
590.0 42.565623
592.0 42.1913553024
594.0 41.8485744496
596.0 41.5339125248
598.0 41.241650424
600.0 40.967054
602.0 40.709773752
604.0 40.4698414528
606.0 40.2392821296
608.0 40.0069753024
610.0 39.765645
612.0 39.5160378832
614.0 39.2585352256
616.0 38.993248232
618.0 38.7213683824
620.0 38.445088
622.0 38.1662975664
624.0 37.88668104
626.0 37.6152460096
628.0 37.3645427312
630.0 37.144389
632.0 36.957882664
634.0 36.8089317776
636.0 36.7035890592
638.0 36.6481296368
640.0 36.647939
642.0 36.706639248
644.0 36.8274235472
646.0 37.0142952704
648.0 37.2712260176
650.0 37.601123
652.0 38.0061944272
654.0 38.4891886464
656.0 39.0474844016
658.0 39.6758391808
660.0 40.371314
662.0 41.135211544
664.0 41.9671664256
666.0 42.8712455632
668.0 43.8538829488
670.0 44.918796
672.0 46.0626168
674.0 47.2809924752
676.0 48.5764966224
678.0 49.9536568656
680.0 51.412362
682.0 52.9464004432
684.0 54.5513716624
686.0 56.2097211856
688.0 57.8969045248
690.0 59.593858
692.0 61.2950054848
694.0 62.9932934176
696.0 64.6770452944
698.0 66.3340285872
700.0 67.954076
702.0 69.5308329728
704.0 71.0586121744
706.0 72.531345
708.0 73.9436300736
710.0 75.291607
712.0 76.5673166928
714.0 77.757652872
716.0 78.8813456032
718.0 79.9706442784
720.0 81.040498
722.0 82.0866650992
724.0 83.1226966752
726.0 84.0803288672
728.0 84.8531227952
730.0 85.379471
732.0 85.6781015709
734.0 85.7484704177
736.0 85.6565596885
738.0 85.5085798488
740.0 85.379471
742.0 85.2841535121
744.0 85.2633264417
746.0 85.2985684818
748.0 85.3404877507
750.0 85.379471
