380.0 28.287721
382.0 29.1125901671
384.0 29.933240925
386.0 30.7415390567
388.0 31.5144124167
390.0 32.239463
392.0 32.9261715669
394.0 33.5751631597
396.0 34.2031828043
398.0 34.8357300729
400.0 35.486246
402.0 36.1524104112
404.0 36.841117624
406.0 37.5157653728
408.0 38.1184477296
410.0 38.613881
412.0 39.0101354752
414.0 39.3059243568
416.0 39.5243464704
418.0 39.704800088
420.0 39.874864
422.0 40.0302647648
424.0 40.1686194224
426.0 40.308403856
428.0 40.4738448256
430.0 40.679113
432.0 40.9279099104
434.0 41.232436312
436.0 41.5589653776
438.0 41.8518947072
440.0 42.079102
442.0 42.2502938464
444.0 42.3625789216
446.0 42.4536556528
448.0 42.58428952
450.0 42.79399
452.0 43.0716524992
454.0 43.4087460208
456.0 43.8158985664
458.0 44.305739824
460.0 44.87908
462.0 45.5305971504
464.0 46.2654225824
466.0 47.0152606624
468.0 47.6775646784
470.0 48.185437
472.0 48.541927816
474.0 48.7361549424
476.0 48.7891519728
478.0 48.7449242352
480.0 48.632242
482.0 48.4416210864
484.0 48.1711710128
486.0 47.8271669072
488.0 47.4161221936
490.0 46.944312
492.0 46.4170900432
494.0 45.8394605392
496.0 45.2184611632
498.0 44.5618762512
500.0 43.876251
502.0 43.1658747376
504.0 42.4351638832
506.0 41.6876134448
508.0 40.9259241104
510.0 40.152876
512.0 39.3718846896
514.0 38.5859527088
516.0 37.797478904
518.0 37.0085285072
520.0 36.220992
522.0 35.436362704
524.0 34.655546144
526.0 33.880766416
528.0 33.114644776
530.0 32.358611
532.0 31.61314168
534.0 30.879666592
536.0 30.153419816
538.0 29.426696448
540.0 28.69481
542.0 27.9595238624
544.0 27.221902424
546.0 26.4831689376
548.0 25.7454680672
550.0 25.011151
552.0 24.2806625552
554.0 23.5533990496
556.0 22.837812048
558.0 22.1462135104
560.0 21.486356
562.0 20.857731152
564.0 20.261673424
566.0 19.693258032
568.0 19.143668024
570.0 18.606946
572.0 18.0841086896
574.0 17.575044888
576.0 17.0781341824
578.0 16.5917879328
580.0 16.114767
582.0 15.646356496
584.0 15.1859845104
586.0 14.7333174288
588.0 14.2882758192
590.0 13.850955
592.0 13.421466176
594.0 13.0000317568
596.0 12.5876525856
598.0 12.1857584384
600.0 11.795652
602.0 11.4177463168
604.0 11.0522320256
606.0 10.7016509504
608.0 10.3694980992
610.0 10.058077
612.0 9.7674670848
614.0 9.4980972864
616.0 9.249220944
618.0 9.0192494176
620.0 8.807023
622.0 8.6122716224
624.0 8.43408976
626.0 8.2727474816
628.0 8.1290391072
630.0 8.002774
632.0 7.892681248
634.0 7.7982207136
636.0 7.7147217952
638.0 7.6355122048
640.0 7.555969
642.0 7.4758062256
644.0 7.3942136752
646.0 7.3107147568
648.0 7.2255477664
650.0 7.138951
652.0 7.0508926848
654.0 6.9619288448
656.0 6.8722501168
658.0 6.7820153648
660.0 6.692146
662.0 6.6042465488
664.0 6.5196514688
666.0 6.4427612928
668.0 6.3795334208
670.0 6.334702
672.0 6.3101416256
674.0 6.3082034848
676.0 6.33152472
678.0 6.3825677232
680.0 6.463779
682.0 6.57816108
684.0 6.72908188
686.0 6.917415152
688.0 7.143002032
690.0 7.407034
692.0 7.713085496
694.0 8.064254368
696.0 8.465544832
698.0 8.923152584
700.0 9.442479
702.0 10.0264948368
704.0 10.678123192
706.0 11.4029084192
708.0 12.2072845104
710.0 13.096351
712.0 14.055651264
714.0 15.0538414352
716.0 16.1440138624
718.0 17.4125905616
720.0 18.894887
722.0 20.5718236112
724.0 22.4712492544
726.0 24.3837017456
728.0 25.9876403488
730.0 27.086312
732.0 27.7175572679
734.0 27.869570885
736.0 27.6747843901
738.0 27.3602980518
740.0 27.086312
742.0 26.8828222663
744.0 26.8435034263
746.0 26.9238844296
748.0 27.0099469113
750.0 27.086312
