380.0 11.408421
382.0 11.6429068484
384.0 11.8728212902
386.0 12.0912245529
388.0 12.2890420057
390.0 12.460895
392.0 12.6069497729
394.0 12.7259204381
396.0 12.8249665932
398.0 12.9159106844
400.0 13.00699
402.0 13.0977331168
404.0 13.1888575072
406.0 13.2833180416
408.0 13.384133136
410.0 13.493511
412.0 13.6139934576
414.0 13.7495044496
416.0 13.8953416016
418.0 14.0430056896
420.0 14.188541
422.0 14.3355060864
424.0 14.4849653376
426.0 14.6476897328
428.0 14.839724536
430.0 15.072222
432.0 15.3443083728
434.0 15.6552846528
436.0 16.0108222848
438.0 16.4178318528
440.0 16.8793
442.0 17.3936539728
444.0 17.9609573168
446.0 18.5681355248
448.0 19.1953305968
450.0 19.828213
452.0 20.465893096
454.0 21.1061467888
456.0 21.7422700176
458.0 22.3671139024
460.0 22.975706
462.0 23.5637252096
464.0 24.1243562656
466.0 24.6668768256
468.0 25.2078881776
470.0 25.755826
472.0 26.3035731856
474.0 26.8470469296
476.0 27.3737605216
478.0 27.8654446016
480.0 28.307579
482.0 28.6985750768
484.0 29.0383375136
486.0 29.3074849024
488.0 29.4796458192
490.0 29.538775
492.0 29.4862227888
494.0 29.3199557264
496.0 29.054478096
498.0 28.7143343856
500.0 28.317508
502.0 27.8643325536
504.0 27.357413416
506.0 26.8083953184
508.0 26.2312582928
510.0 25.636678
512.0 25.0295156784
514.0 24.4155857504
516.0 23.7964133104
518.0 23.1707274464
520.0 22.53883
522.0 21.9047084576
524.0 21.2707934384
526.0 20.6410088832
528.0 20.020120712
530.0 19.411195
532.0 18.8152484768
534.0 18.2342987152
536.0 17.6643105696
538.0 17.098214592
540.0 16.531785
542.0 15.9668010704
544.0 15.4039935776
546.0 14.8452371168
548.0 14.293629536
550.0 13.751665
552.0 13.2194229408
554.0 12.6967603808
556.0 12.1876012608
558.0 11.6974263888
560.0 11.229699
562.0 10.7844667536
564.0 10.3626510608
566.0 9.96156712
568.0 9.5764490112
570.0 9.204183
572.0 8.845309224
574.0 8.499541728
576.0 8.16719824
578.0 7.849231944
580.0 7.54604
582.0 7.2569234064
584.0 6.981516776
586.0 6.7187398336
588.0 6.4670833712
590.0 6.225483
592.0 5.9937163104
594.0 5.7713543696
596.0 5.5585242688
598.0 5.3557026
600.0 5.16308
602.0 4.980306968
604.0 4.8072564128
606.0 4.6432611056
608.0 4.4873678624
610.0 4.338973
612.0 4.1979812
614.0 4.0640429616
616.0 3.9378890592
618.0 3.8207904048
620.0 3.713446
622.0 3.6154586848
624.0 3.5266695952
626.0 3.4463002976
628.0 3.373159312
630.0 3.306357
632.0 3.245670952
634.0 3.1906881216
636.0 3.1411860992
638.0 3.0970854528
640.0 3.058132
642.0 3.0238491488
644.0 2.9939191712
646.0 2.9673253376
648.0 2.942717304
650.0 2.919126
652.0 2.896408448
654.0 2.8743898976
656.0 2.8527685072
658.0 2.8313059808
660.0 2.809907
662.0 2.7885080192
664.0 2.7669819472
666.0 2.7460913312
668.0 2.7270276512
670.0 2.710617
672.0 2.6969229232
674.0 2.6861996032
676.0 2.6784152672
678.0 2.6733316192
680.0 2.670901
682.0 2.6718224112
684.0 2.6770649232
686.0 2.6859613072
688.0 2.6972406512
690.0 2.710617
692.0 2.727615448
694.0 2.7496657712
696.0 2.7788649744
698.0 2.8179137456
700.0 2.869481
702.0 2.9359973568
704.0 3.0204176864
706.0 3.125172608
708.0 3.2525656496
710.0 3.405647
712.0 3.5806674688
714.0 3.766029984
716.0 3.9907113392
718.0 4.3002260704
720.0 4.716275
722.0 5.2312167696
724.0 5.8564895872
726.0 6.5105167888
728.0 7.0666837664
730.0 7.44675
732.0 7.66557581059
734.0 7.71902792174
736.0 7.65190225689
738.0 7.5426449471
740.0 7.44675
742.0 7.37512620361
744.0 7.36201992361
746.0 7.39104528854
748.0 7.42084863101
750.0 7.44675
