380.0 41.542936
382.0 41.7417219151
384.0 41.9317058525
386.0 42.0996061736
388.0 42.2282701272
390.0 42.307469
392.0 42.3374991607
394.0 42.3162278792
396.0 42.2563496053
398.0 42.1789168593
400.0 42.09896
402.0 42.0166366752
404.0 41.9344881008
406.0 41.8587735184
408.0 41.79592692
410.0 41.751445
412.0 41.7292675856
414.0 41.7331120944
416.0 41.7661875792
418.0 41.831115296
420.0 41.930167
422.0 42.0659321744
424.0 42.2410320752
426.0 42.454974224
428.0 42.7057728208
430.0 42.99257
432.0 43.3168749696
434.0 43.679418504
436.0 44.0821546304
438.0 44.5277840368
440.0 45.018086
442.0 45.5519166992
444.0 46.1272109024
446.0 46.7469870256
448.0 47.4160109888
450.0 48.135792
452.0 48.9032957568
454.0 49.7169495056
456.0 50.5663476544
458.0 51.4363981232
460.0 52.315901
462.0 53.2022509152
464.0 54.0911426544
466.0 54.9792400736
468.0 55.8645573728
470.0 56.744235
472.0 57.6126491696
474.0 58.4640807776
476.0 59.2960515456
478.0 60.1072111296
480.0 60.894557
482.0 61.653370896
484.0 62.3805549696
486.0 63.0650046272
488.0 63.6918660848
490.0 64.250559
492.0 64.7395106192
494.0 65.1565286192
496.0 65.4992776992
498.0 65.7666458112
500.0 65.958347
502.0 66.0734916272
504.0 66.1110629632
506.0 66.0770660672
508.0 65.9808739152
510.0 65.82927
512.0 65.6234299152
514.0 65.3660702352
516.0 65.0581123712
518.0 64.6991591632
520.0 64.290275
522.0 63.8343670928
524.0 63.3328493312
526.0 62.7933630736
528.0 62.226472776
530.0 61.639232
532.0 61.0327369072
534.0 60.4098470496
536.0 59.766702032
538.0 59.0956763824
540.0 58.392449
542.0 57.661039144
544.0 56.905323096
546.0 56.12426824
548.0 55.315729912
550.0 54.480423
552.0 53.6207940096
554.0 52.736255144
556.0 51.8442496704
558.0 50.9705135568
560.0 50.131521
562.0 49.3266524304
564.0 48.5592598784
566.0 47.8204628464
568.0 47.0937394784
570.0 46.36843
572.0 45.647425736
574.0 44.9309649824
576.0 44.2191112848
578.0 43.5132149872
580.0 42.813848
582.0 42.1199777072
584.0 41.4314452448
586.0 40.7464872224
588.0 40.062561816
590.0 39.378414
592.0 38.6950922768
594.0 38.0134703984
596.0 37.335581824
598.0 36.6643655376
600.0 36.002554
602.0 35.3516246464
604.0 34.713134344
606.0 34.0910070336
608.0 33.4901674992
610.0 32.914635
612.0 32.36536272
614.0 31.8425254096
616.0 31.3516197632
618.0 30.9000329568
620.0 30.491959
622.0 30.126333504
624.0 29.8029340592
626.0 29.5164704944
628.0 29.2585230176
630.0 29.022467
632.0 28.8073333712
634.0 28.6118988784
636.0 28.4292529376
638.0 28.2504991648
640.0 28.069283
642.0 27.8844765088
644.0 27.6947452336
646.0 27.4987388304
648.0 27.2959012752
650.0 27.086312
652.0 26.8710195072
654.0 26.6522320064
656.0 26.4307438176
658.0 26.2071903968
660.0 25.984193
662.0 25.766311024
664.0 25.5574684096
666.0 25.3689603872
668.0 25.2158790368
670.0 25.110441
672.0 25.0571103552
674.0 25.0606053632
676.0 25.1311409792
678.0 25.2804731392
680.0 25.51753
682.0 25.8467915264
684.0 26.2735320032
686.0 26.797814976
688.0 27.4166220288
690.0 28.128857
692.0 28.9375383056
694.0 29.84379388
696.0 30.8517224144
698.0 31.9669635808
700.0 33.192647
702.0 34.52750176
704.0 35.9707176544
706.0 37.5187043568
708.0 39.1659016272
710.0 40.90748
712.0 42.7207219232
714.0 44.5617809328
716.0 46.4871172944
718.0 48.59332032
720.0 50.915912
722.0 53.4294899808
724.0 56.1691632064
726.0 58.865387128
728.0 61.1063068256
730.0 62.642061
732.0 63.5227267005
734.0 63.7331545344
736.0 63.4607946722
738.0 63.0226446438
740.0 62.642061
742.0 62.3602177172
744.0 62.303932202
746.0 62.4134368532
748.0 62.5338556131
750.0 62.642061
