380.0 17.693478
382.0 17.5504565414
384.0 17.4066305772
386.0 17.2612254745
388.0 17.1151659129
390.0 16.968661
392.0 16.8200133234
394.0 16.6685168124
396.0 16.5129088403
398.0 16.3516611962
400.0 16.18427
402.0 16.010790512
404.0 15.8302892352
406.0 15.6482787504
408.0 15.4732582816
410.0 15.310518
412.0 15.159358904
414.0 15.0205276544
416.0 14.8905927888
418.0 14.7635174752
420.0 14.635346
422.0 14.507142752
424.0 14.3793684368
426.0 14.2511175296
428.0 14.1214368464
430.0 13.989961
432.0 13.856832968
434.0 13.7219415456
436.0 13.5876855792
438.0 13.4577189408
440.0 13.334647
442.0 13.2184856432
444.0 13.1094255072
446.0 13.0087851632
448.0 12.9180738192
450.0 12.838197
452.0 12.7694406608
454.0 12.7124243712
456.0 12.6653370816
458.0 12.625160376
460.0 12.589972
462.0 12.5600579088
464.0 12.5351480336
466.0 12.5160366944
468.0 12.5042330992
470.0 12.500611
472.0 12.5046302592
474.0 12.5159572624
476.0 12.5342742816
478.0 12.5591047248
480.0 12.589972
482.0 12.6266219248
484.0 12.6688320896
486.0 12.7156493104
488.0 12.7658026752
490.0 12.818339
492.0 12.8728134656
494.0 12.9285270704
496.0 12.9856704512
498.0 13.044879064
500.0 13.10628
502.0 13.1688883024
504.0 13.2317507872
506.0 13.29413668
508.0 13.3552516608
510.0 13.414079
512.0 13.469760832
514.0 13.521788792
516.0 13.567144464
518.0 13.601697384
520.0 13.622588
522.0 13.62933972
524.0 13.62099936
526.0 13.598043512
528.0 13.561901952
530.0 13.513369
532.0 13.451729768
534.0 13.376666528
536.0 13.28778212
538.0 13.18452052
540.0 13.066564
542.0 12.934150856
544.0 12.787598816
546.0 12.626828448
548.0 12.451680888
550.0 12.262315
552.0 12.0593344672
554.0 11.8433112
556.0 11.6154525648
558.0 11.3773472016
560.0 11.130409
562.0 10.8757658944
564.0 10.6149270928
566.0 10.3484486192
568.0 10.0764893376
570.0 9.799923
572.0 9.520401792
574.0 9.2390218752
576.0 8.9599454864
578.0 8.6888122976
580.0 8.429721
582.0 8.1832276176
584.0 7.9499676064
586.0 7.7317996752
588.0 7.530630192
590.0 7.34746
592.0 7.182400304
594.0 7.0358164912
596.0 6.9048013504
598.0 6.7847478256
600.0 6.672288
602.0 6.5672947824
604.0 6.4693551264
606.0 6.3763402544
608.0 6.2857083424
610.0 6.195696
612.0 6.1059696128
614.0 6.0161955664
616.0 5.92642152
618.0 5.8371240656
620.0 5.748891
622.0 5.6621353696
624.0 5.577476744
626.0 5.4963131264
628.0 5.4204714528
630.0 5.351731
632.0 5.2912355888
634.0 5.2400654944
636.0 5.201048496
638.0 5.1777590336
640.0 5.173009
642.0 5.1881963984
644.0 5.225116392
646.0 5.2844362096
648.0 5.3661558512
650.0 5.470879
652.0 5.6010362752
654.0 5.7593601376
656.0 5.946120656
658.0 6.1607618064
660.0 6.404205
662.0 6.6792939024
664.0 6.9880302
666.0 7.3371973856
668.0 7.7360095712
670.0 8.191425
672.0 8.7047463568
674.0 9.2772445536
676.0 9.9136855104
678.0 10.6196294672
680.0 11.398492
682.0 12.2509085648
684.0 13.1782612784
686.0 14.175911312
688.0 15.2359948976
690.0 16.353063
692.0 17.5279734848
694.0 18.761123512
696.0 20.0493993472
698.0 21.3888293904
700.0 22.777126
702.0 24.216116112
704.0 25.7086910512
706.0 27.2533733824
708.0 28.8475418496
710.0 30.491959
712.0 32.1663696736
714.0 33.8240678544
716.0 35.5546051792
718.0 37.503342208
720.0 39.735858
722.0 42.2249232656
724.0 45.0132088752
726.0 47.8033214208
728.0 50.1356673504
730.0 51.73009
732.0 52.644484428
734.0 52.8648329766
736.0 52.5834095812
738.0 52.1280050221
740.0 51.73009
742.0 51.4343220216
744.0 51.376749708
746.0 51.4931585581
748.0 51.6185306824
750.0 51.73009
