380.0 48.642171
382.0 49.5768279611
384.0 50.5037906598
386.0 51.4096951371
388.0 52.2642245931
390.0 53.050647
392.0 53.7788122298
394.0 54.4485069184
396.0 55.0814071082
398.0 55.7112094501
400.0 56.357004
402.0 57.016448464
404.0 57.6977208416
406.0 58.3646160272
408.0 58.9586720688
410.0 59.444923
412.0 59.8305018144
414.0 60.1097370672
416.0 60.317245224
418.0 60.5105350528
420.0 60.725764
422.0 60.956831688
424.0 61.208472264
426.0 61.462416368
428.0 61.685461424
430.0 61.85767
432.0 61.9873189104
434.0 62.077061184
436.0 62.1357455456
438.0 62.1781463472
440.0 62.215114
442.0 62.2458224112
444.0 62.2695884656
446.0 62.29692896
448.0 62.3420622224
450.0 62.413694
452.0 62.5096319696
454.0 62.627842672
456.0 62.7655936464
458.0 62.9180395408
460.0 63.078937
462.0 63.2451405168
464.0 63.4157445664
466.0 63.567682096
468.0 63.6680682576
470.0 63.694535
472.0 63.6462880032
474.0 63.519705168
476.0 63.3151995408
478.0 63.0378547696
480.0 62.691706
482.0 62.27508516
484.0 61.7874838848
486.0 61.2368930336
488.0 60.6349891104
490.0 59.991018
492.0 59.3073150032
494.0 58.5866443536
496.0 57.837060456
498.0 57.0682540144
500.0 56.287501
502.0 55.4979628064
504.0 54.703547488
506.0 53.9045251136
508.0 53.0989098832
510.0 52.286114
512.0 51.4697595632
514.0 50.6532939216
516.0 49.836272256
518.0 49.0169470624
520.0 48.195366
522.0 47.3733560048
524.0 46.550805872
526.0 45.7369138272
528.0 44.9451833104
530.0 44.18405
532.0 43.45287844
534.0 42.7532096112
536.0 42.0790384544
538.0 41.4198005136
540.0 40.768474
542.0 40.1269652816
544.0 39.4963864064
546.0 38.8739095952
548.0 38.255960408
550.0 37.640839
552.0 37.0287836672
554.0 36.4188253392
556.0 35.8178428272
558.0 35.2365594512
560.0 34.681997
562.0 34.1539648368
564.0 33.6541151472
566.0 33.1798425616
568.0 32.725825136
570.0 32.289108
572.0 31.8707714288
574.0 31.4698304656
576.0 31.0915276224
578.0 30.7442032592
580.0 30.432385
582.0 30.1541505904
584.0 29.9094205984
586.0 29.6909031664
588.0 29.4872395184
590.0 29.29055
592.0 29.1011364528
594.0 28.9184269664
596.0 28.739927376
598.0 28.5632547216
600.0 28.387011
602.0 28.2114027344
604.0 28.037192472
606.0 27.8651268736
608.0 27.6963974192
610.0 27.533117
612.0 27.3771602112
614.0 27.2295914416
616.0 27.099338848
618.0 26.9989526864
620.0 26.937377
622.0 26.9150883808
624.0 26.932769944
626.0 26.9944568352
628.0 27.1045178144
630.0 27.265034
632.0 27.474655048
634.0 27.7317446592
636.0 28.0318069824
638.0 28.3682491616
640.0 28.734526
642.0 29.1273331264
644.0 29.5440333984
646.0 29.9712186944
648.0 30.3908579504
650.0 30.789829
652.0 31.1672580912
654.0 31.5230816784
656.0 31.8483239456
658.0 32.1318644128
660.0 32.36854
662.0 32.5611467136
664.0 32.7107171696
666.0 32.8336779056
668.0 32.9548911376
670.0 33.093357
672.0 33.2527293648
674.0 33.4384731536
676.0 33.6632974864
678.0 33.9415795552
680.0 34.284837
682.0 34.699313176
684.0 35.1914103024
686.0 35.7658784128
688.0 36.4258153552
690.0 37.174176
692.0 38.014248832
694.0 38.9478449008
696.0 39.9778714176
698.0 41.1073467984
700.0 42.337256
702.0 43.6658515184
704.0 45.0912269856
706.0 46.6077903888
708.0 48.207598528
710.0 49.883296
712.0 51.6147229632
714.0 53.3653883568
716.0 55.1734036544
718.0 57.106603784
720.0 59.186769
722.0 61.3933423008
724.0 63.7543631824
726.0 66.051361872
728.0 67.9517565856
730.0 69.254775
732.0 70.0013348568
734.0 70.1789381958
736.0 69.9477050308
738.0 69.576540806
740.0 69.254775
742.0 69.0168921984
744.0 68.9685657696
746.0 69.0601704006
748.0 69.1623535496
750.0 69.254775
