380.0 9.879355
382.0 9.82935844689
384.0 9.77460083851
386.0 9.70955165536
388.0 9.63267736576
390.0 9.541769
392.0 9.43137493848
394.0 9.29840782279
396.0 9.14072709355
398.0 8.95691323631
400.0 8.747449
402.0 8.5121396432
404.0 8.248695472
406.0 7.9724627488
408.0 7.7067944816
410.0 7.466608
412.0 7.2509977792
414.0 7.0629663488
416.0 6.8945546224
418.0 6.730988248
420.0 6.563069
422.0 6.3939106128
424.0 6.2240691104
426.0 6.055736816
428.0 5.8931236256
430.0 5.738962
432.0 5.5924417328
434.0 5.45340396
436.0 5.3221505232
438.0 5.1988402864
440.0 5.083648
442.0 4.9767484144
444.0 4.8781256432
446.0 4.788240392
448.0 4.7077281168
450.0 4.636843
452.0 4.5752990864
454.0 4.522937512
456.0 4.4786780016
458.0 4.4409319152
460.0 4.408476
462.0 4.380992528
464.0 4.3580207936
466.0 4.3388617952
468.0 4.3228006448
470.0 4.309186
472.0 4.2975253824
474.0 4.2873898592
476.0 4.278128088
478.0 4.2690251808
480.0 4.259541
482.0 4.2494372496
484.0 4.23849152
486.0 4.2265926064
488.0 4.2137405088
490.0 4.199967
492.0 4.1851767616
494.0 4.1692427024
496.0 4.1526731872
498.0 4.136262536
500.0 4.120535
502.0 4.1052999424
504.0 4.0903190672
506.0 4.075973648
508.0 4.0628197088
510.0 4.051032
512.0 4.040467544
514.0 4.031332864
516.0 4.021801024
518.0 4.009091904
520.0 3.991458
522.0 3.9691852672
524.0 3.94221016
526.0 3.9112634528
528.0 3.8776954896
530.0 3.842523
532.0 3.805666552
534.0 3.7670943728
536.0 3.7279661696
538.0 3.6898705824
540.0 3.653872
542.0 3.6199068768
544.0 3.5879275536
546.0 3.5580928944
548.0 3.5304823312
550.0 3.504937
552.0 3.481425128
554.0 3.4602326704
556.0 3.4391990768
558.0 3.4150676352
560.0 3.385789
562.0 3.3517285584
564.0 3.3129021968
566.0 3.2700248032
568.0 3.2244467216
570.0 3.17728
572.0 3.128588184
574.0 3.0784348192
576.0 3.0285991824
578.0 2.9815436656
580.0 2.938984
582.0 2.9010472768
584.0 2.8679876784
586.0 2.84009116
588.0 2.8174371536
590.0 2.799978
592.0 2.7876501536
594.0 2.780278864
596.0 2.7771969024
598.0 2.7774510848
600.0 2.78012
602.0 2.7849494656
604.0 2.7919712544
606.0 2.7988341792
608.0 2.802202096
610.0 2.799978
612.0 2.792352528
614.0 2.7791350432
616.0 2.7614693664
618.0 2.7414207296
620.0 2.720546
622.0 2.6988769504
624.0 2.6766359904
626.0 2.6551893504
628.0 2.6362845344
630.0 2.621256
632.0 2.61092984
634.0 2.6065769664
636.0 2.6076254688
638.0 2.6126455712
640.0 2.621256
642.0 2.6350930544
644.0 2.6555229648
646.0 2.6846903952
648.0 2.7253754656
650.0 2.78012
652.0 2.850099592
654.0 2.9361721072
656.0 3.0424997824
658.0 3.1745634256
660.0 3.336144
662.0 3.5269555504
664.0 3.7462673024
666.0 3.9962398064
668.0 4.2796531824
670.0 4.597127
672.0 4.9476763024
674.0 5.3320477504
676.0 5.7393750464
678.0 6.1532951984
680.0 6.563069
682.0 6.9702215456
684.0 7.3751976544
686.0 7.7775525072
688.0 8.178080424
690.0 8.578656
692.0 8.9808837616
694.0 9.3862888032
696.0 9.8038469408
698.0 10.2461878624
700.0 10.72332
702.0 11.2388813392
704.0 11.7976695728
706.0 12.4055467824
708.0 13.068232072
710.0 13.791381
712.0 14.5647150656
714.0 15.3619263904
716.0 16.2361867552
718.0 17.272408968
720.0 18.507656
722.0 19.925596632
724.0 21.5520144912
726.0 23.2015470624
728.0 24.5883980096
730.0 25.537388
732.0 26.0826645844
734.0 26.2144412082
736.0 26.046520896
738.0 25.7747445741
740.0 25.537388
742.0 25.3608327833
744.0 25.3270900697
746.0 25.3972033659
748.0 25.4716265132
750.0 25.537388
