380.0 22.551681
382.0 22.8039472853
384.0 23.0753565495
386.0 23.4071511987
388.0 23.766506123
390.0 24.062613
392.0 24.2486128128
394.0 24.391261128
396.0 24.640197384
398.0 24.9950948928
400.0 25.328529
402.0 25.5819898848
404.0 25.7819066064
406.0 25.9765473168
408.0 26.1671534304
410.0 26.390265
412.0 26.6660876784
414.0 26.9674573584
416.0 27.2325973392
418.0 27.4613769456
420.0 27.697017
422.0 27.9585144096
424.0 28.2423246096
426.0 28.5448376976
428.0 28.8644202336
430.0 29.167113
432.0 29.4353075136
434.0 29.6827573392
436.0 29.940873528
438.0 30.2108321568
440.0 30.473865
442.0 30.7207921248
444.0 30.9651710832
446.0 31.2346560144
448.0 31.5283975296
450.0 31.801035
452.0 32.0304353136
454.0 32.2388295888
456.0 32.4725748528
458.0 32.7313444176
460.0 32.985279
462.0 33.2210497296
464.0 33.4412701104
466.0 33.6490600128
468.0 33.8445174432
470.0 34.047015
472.0 34.2666800112
474.0 34.4923397472
476.0 34.6991495856
478.0 34.8860641248
480.0 35.078124
482.0 35.2882170528
484.0 35.4980650896
486.0 35.6688249072
488.0 35.8012152192
490.0 35.956098
492.0 36.1625321472
494.0 36.3894006288
496.0 36.5730156192
498.0 36.7126584048
500.0 36.844281
502.0 36.9851978688
504.0 37.1306393664
506.0 37.271588904
508.0 37.4099086032
510.0 37.558911
512.0 37.7249175072
514.0 37.897196424
516.0 38.0534676288
518.0 38.1934371024
520.0 38.334795
522.0 38.4858228624
524.0 38.6434988256
526.0 38.8023181968
528.0 38.9627383392
530.0 39.120888
532.0 39.2746437072
534.0 39.4284157488
536.0 39.591808752
538.0 39.765116736
540.0 39.937608
542.0 40.104382224
544.0 40.2702090528
546.0 40.4443174224
548.0 40.6269360144
550.0 40.815582
552.0 41.0089159584
554.0 41.2061211696
556.0 41.4056785344
558.0 41.6074573776
560.0 41.805855
562.0 41.9977678656
564.0 42.191591856
566.0 42.4053601488
568.0 42.6384520368
570.0 42.867591
572.0 43.0820126688
574.0 43.2864376848
576.0 43.4898336336
578.0 43.692723216
580.0 43.908909
582.0 44.146084488
584.0 44.3931912912
586.0 44.62517244
588.0 44.8418972592
590.0 45.072735
592.0 45.3312758832
594.0 45.6041910384
596.0 45.865280088
598.0 46.1146083696
600.0 46.359069
602.0 46.6008834576
604.0 46.8485456304
606.0 47.121967152
608.0 47.421703392
610.0 47.706657
612.0 47.956083288
614.0 48.1947125376
616.0 48.4751251824
618.0 48.7968638592
620.0 49.10529
622.0 49.3737131952
624.0 49.6237928592
626.0 49.9006609392
628.0 50.2039907472
630.0 50.493714
632.0 50.7507847872
634.0 50.9948370576
636.0 51.265677744
638.0 51.5635681968
640.0 51.851511
642.0 52.1120773488
644.0 52.3617486528
646.0 52.6334713968
648.0 52.9274089248
650.0 53.219517
652.0 53.4985412208
654.0 53.7726324528
656.0 54.0575697264
658.0 54.3524383152
660.0 54.648777
662.0 54.9426001872
664.0 55.2320130864
666.0 55.5129320976
668.0 55.78483452
670.0 56.057619
672.0 56.337100584
674.0 56.6170722
676.0 56.8829472288
678.0 57.1357384032
680.0 57.405207
682.0 57.7047472272
684.0 58.019135424
686.0 58.3184959728
688.0 58.6013914464
690.0 58.865094
692.0 59.1080028624
694.0 59.3428915344
696.0 59.5975121616
698.0 59.8742822352
700.0 60.151428
702.0 60.4181360832
704.0 60.684501144
706.0 60.9709411824
708.0 61.2749407008
710.0 61.570479
712.0 61.8450929328
714.0 62.101020312
716.0 62.3433574704
718.0 62.5735091664
720.0 62.805768
722.0 63.0481868304
724.0 63.3002592912
726.0 63.5579834544
728.0 63.8195298672
730.0 64.092102
732.0 64.3803714912
734.0 64.659477384
736.0 64.8763002096
738.0 65.0313953376
740.0 65.225301
742.0 65.5084414896
744.0 65.828203704
746.0 66.0723049776
748.0 66.240647304
750.0 66.440172
752.0 66.721042008
754.0 67.037439336
756.0 67.2982016976
758.0 67.5030677424
760.0 67.706088
762.0 67.9321724304
764.0 68.170883352
766.0 68.4036975552
768.0 68.6317257792
770.0 68.859705
772.0 69.0892609203
774.0 69.3182743665
776.0 69.5434647034
778.0 69.7640530381
780.0 69.982695
