380.0 35.813172
382.0 36.4428327177
384.0 37.0634848184
386.0 37.6613995125
388.0 38.2428384241
390.0 38.824827
392.0 39.4199218608
394.0 40.0172872032
396.0 40.585920336
398.0 41.132224344
400.0 41.744601
402.0 42.465438072
404.0 43.254471264
406.0 44.0266310208
408.0 44.7737828112
410.0 45.53214
412.0 46.3164035472
414.0 47.0913564864
416.0 47.7915795456
418.0 48.41475324
420.0 49.054245
422.0 49.754337384
424.0 50.4660761952
426.0 51.090654648
428.0 51.6277787232
430.0 52.137363
432.0 52.6476169872
434.0 53.1541467312
436.0 53.6502224592
438.0 54.1384576752
440.0 54.607941
442.0 55.0532657472
444.0 55.4798059344
446.0 55.898685288
448.0 56.3109492096
450.0 56.710995
452.0 57.0970422096
454.0 57.4733867856
456.0 57.8469218448
458.0 58.2184314384
460.0 58.589451
462.0 58.9602582144
464.0 59.3277985488
466.0 59.6863712976
468.0 60.0351924096
470.0 60.365817
472.0 60.6742758096
474.0 60.9703858128
476.0 61.2745160064
478.0 61.587548448
480.0 61.897167
482.0 62.198291664
484.0 62.4904814112
486.0 62.7706000368
488.0 63.0370794384
490.0 63.316218
492.0 63.6215242704
494.0 63.9238413456
496.0 64.1619642288
498.0 64.3373303472
500.0 64.52088
502.0 64.7469970992
504.0 64.999559592
506.0 65.2448859456
508.0 65.4827148096
510.0 65.715333
512.0 65.9431815456
514.0 66.1624545312
516.0 66.36707556
518.0 66.5580573648
520.0 66.756651
522.0 66.9734411568
524.0 67.199149896
526.0 67.4136042336
528.0 67.6157260992
530.0 67.818387
532.0 68.0278430112
534.0 68.2342118208
536.0 68.4175817952
538.0 68.5793576928
540.0 68.747406
542.0 68.9352842688
544.0 69.1366874208
546.0 69.33789456
548.0 69.5372395776
550.0 69.737679
552.0 69.9411892896
554.0 70.1346539232
556.0 70.2907454496
558.0 70.4116853472
560.0 70.554399
562.0 70.7461321872
564.0 70.967740992
566.0 71.1793694784
568.0 71.3785021488
570.0 71.56509
572.0 71.7383489808
574.0 71.8980177408
576.0 72.0462524208
578.0 72.1856665248
580.0 72.330765
582.0 72.4894863648
584.0 72.6607525488
586.0 72.8399735856
588.0 73.027508832
590.0 73.218948
592.0 73.411040544
594.0 73.6067429904
596.0 73.8143205456
598.0 74.0335771968
600.0 74.239848
602.0 74.4215191968
604.0 74.598143064
606.0 74.809591872
608.0 75.0565189968
610.0 75.311793
612.0 75.5616603168
614.0 75.809093808
616.0 76.0608559152
618.0 76.3146271536
620.0 76.557291
622.0 76.7823626976
624.0 76.9979277744
626.0 77.221611048
628.0 77.454784608
630.0 77.680281
632.0 77.889116304
634.0 78.0963508368
636.0 78.3338693472
638.0 78.6004630896
640.0 78.844107
642.0 79.0392050736
644.0 79.2093605184
646.0 79.4043442512
648.0 79.6240255968
650.0 79.83438
652.0 80.0193997488
654.0 80.1882974448
656.0 80.3591062656
658.0 80.532185568
660.0 80.691936
662.0 80.831431776
664.0 80.9646551424
666.0 81.1190478912
668.0 81.2944793472
670.0 81.46782
672.0 81.6281094672
674.0 81.7759521216
676.0 81.9120013392
678.0 82.0355057376
680.0 82.162032
682.0 82.3002046896
684.0 82.4387857392
686.0 82.5527671824
688.0 82.6437497904
690.0 82.743945
692.0 82.8673677264
694.0 83.007908904
696.0 83.1555555456
698.0 83.3090662368
700.0 83.427948
702.0 83.4918481728
704.0 83.5332068736
706.0 83.6212166208
708.0 83.7578048736
710.0 83.887353
712.0 83.9828929056
714.0 84.0632581536
716.0 84.1664425584
718.0 84.2898652848
720.0 84.397803
722.0 84.4752607248
724.0 84.5290662384
726.0 84.5692161936
728.0 84.5958412656
730.0 84.663237
732.0 84.8001846096
734.0 84.9519638544
736.0 85.0002483408
738.0 84.9436659792
740.0 84.928671
742.0 85.0278698112
744.0 85.1709754896
746.0 85.2102270528
748.0 85.14755196
750.0 85.132851
752.0 85.236411096
754.0 85.39542648
756.0 85.4844816288
758.0 85.5023024592
760.0 85.510584
762.0 85.5376664352
764.0 85.5749742048
766.0 85.6090967664
768.0 85.6433663376
770.0 85.684137
772.0 85.7340851724
774.0 85.7935147997
776.0 85.8628835576
778.0 85.9398814964
780.0 86.021034
