380.0 9.565833
382.0 9.73245443093
384.0 9.8908128438
386.0 10.0327183736
388.0 10.1568805247
390.0 10.270254
392.0 10.3776200112
394.0 10.4824705248
396.0 10.5898855392
398.0 10.7025765648
400.0 10.831749
402.0 10.9841816208
404.0 11.1502534656
406.0 11.3072923872
408.0 11.4579772272
410.0 11.628051
412.0 11.8316266272
414.0 12.0692268096
416.0 12.3384013872
418.0 12.6408491376
420.0 12.985848
422.0 13.3771222176
424.0 13.801669608
426.0 14.233469472
428.0 14.6700716496
430.0 15.129738
432.0 15.6195086496
434.0 16.133160192
436.0 16.661578032
438.0 17.2024753536
440.0 17.743242
442.0 18.2761354656
444.0 18.8081795424
446.0 19.3572277296
448.0 19.9206338544
450.0 20.479254
452.0 21.0246759504
454.0 21.5526037584
456.0 22.0530897744
458.0 22.5266240304
460.0 23.021295
462.0 23.5609182384
464.0 24.1170392208
466.0 24.6294820176
468.0 25.0972992336
470.0 25.563336
472.0 26.0477979696
474.0 26.5388100336
476.0 27.01342236
478.0 27.4725496752
480.0 27.931824
482.0 28.3985468112
484.0 28.866233352
486.0 29.3219304432
488.0 29.765605416
490.0 30.208431
492.0 30.655258512
494.0 31.1014653168
496.0 31.5386882016
498.0 31.9671231792
500.0 32.382948
502.0 32.7843332112
504.0 33.1804260768
506.0 33.5902888416
508.0 34.0152609264
510.0 34.434957
512.0 34.8394947504
514.0 35.2394425344
516.0 35.6562964224
518.0 36.0897297264
520.0 36.517593
522.0 36.9295629024
524.0 37.3336106208
526.0 37.7453355072
528.0 38.164182192
530.0 38.59002
532.0 39.022799928
534.0 39.453783072
536.0 39.8648872512
538.0 40.2557531088
540.0 40.642029
542.0 41.0313104208
544.0 41.4240710688
546.0 41.8211930016
548.0 42.221892168
550.0 42.622575
552.0 43.020971016
554.0 43.4086026624
556.0 43.7692825488
558.0 44.1032720256
560.0 44.429568
562.0 44.7578731056
564.0 45.0892654128
566.0 45.4247576544
568.0 45.763598448
570.0 46.103844
572.0 46.444252896
574.0 46.7715616032
576.0 47.0594717376
578.0 47.3095514016
580.0 47.553522
582.0 47.8069338816
584.0 48.0746220288
586.0 48.3658643808
588.0 48.6809876256
590.0 48.982782
592.0 49.2521199216
594.0 49.504176048
596.0 49.7726972496
598.0 50.058565584
600.0 50.33037
602.0 50.572854168
604.0 50.8093109424
606.0 51.0875674464
608.0 51.407296992
610.0 51.708585
612.0 51.961931544
614.0 52.1933736576
616.0 52.45751724
618.0 52.7534802336
620.0 53.035755
622.0 53.2820614176
624.0 53.5089298992
626.0 53.7510057072
628.0 54.0082888416
630.0 54.240417
632.0 54.4280829216
634.0 54.599283768
636.0 54.8113206144
638.0 55.0646181552
640.0 55.302153
642.0 55.4968263792
644.0 55.6689092832
646.0 55.8589763616
648.0 56.0664722448
650.0 56.272008
652.0 56.4667467168
654.0 56.6519788128
656.0 56.8293050592
658.0 56.9991501504
660.0 57.160191
662.0 57.3121172544
664.0 57.4646152128
666.0 57.6368124576
668.0 57.8282516256
670.0 58.017747
672.0 58.1951222496
674.0 58.35954432
676.0 58.5092817648
678.0 58.6445305968
680.0 58.783422
682.0 58.9360179648
684.0 59.0953927056
686.0 59.2445257776
688.0 59.3830904928
690.0 59.538888
692.0 59.7251328288
694.0 59.9177317392
696.0 60.0675671904
698.0 60.1747698576
700.0 60.284145
702.0 60.4171723536
704.0 60.5663870976
706.0 60.7170719376
708.0 60.8706969696
710.0 61.019193
712.0 61.1570390016
714.0 61.296224424
716.0 61.4642073936
718.0 61.65909312
720.0 61.835913
722.0 61.974102024
724.0 62.086482696
726.0 62.19771996
728.0 62.30879388
730.0 62.448453
732.0 62.633113392
734.0 62.8306452912
736.0 62.969112
738.0 63.0469127472
740.0 63.163083
742.0 63.3664136112
744.0 63.599783184
746.0 63.7443262896
748.0 63.8020683936
750.0 63.887922
752.0 64.0557416256
754.0 64.2735935184
756.0 64.4785902384
758.0 64.6690983456
760.0 64.847568
762.0 65.0127741216
764.0 65.1677385744
766.0 65.3244344736
768.0 65.4842992464
770.0 65.633661
772.0 65.767395891
774.0 65.8980349834
776.0 66.0488367433
778.0 66.223881332
780.0 66.409545
