380.0 19.427727
382.0 20.2004375153
384.0 20.9476433889
386.0 21.6504713551
388.0 22.2870913087
390.0 22.847742
392.0 23.3240857728
394.0 23.7332788272
396.0 24.121743528
398.0 24.487389072
400.0 24.767034
402.0 24.931521408
404.0 24.9999788784
406.0 25.0101225408
408.0 24.9658073136
410.0 24.879333
412.0 24.7586871216
414.0 24.6000310944
416.0 24.3909017712
418.0 24.1345987008
420.0 23.817597
422.0 23.4342613008
424.0 23.0161333296
426.0 22.6261331952
428.0 22.2656329872
430.0 21.877887
432.0 21.4359271392
434.0 20.9444740464
436.0 20.4125769792
438.0 19.8438621744
440.0 19.243965
442.0 18.6206606304
444.0 17.9984506656
446.0 17.4181384368
448.0 16.8867150672
450.0 16.395654
452.0 15.9383398032
454.0 15.5096598096
456.0 15.1010874624
458.0 14.7041615424
460.0 14.272182
462.0 13.7842898064
464.0 13.2551042496
466.0 12.7149746448
468.0 12.1743223392
470.0 11.679096
472.0 11.2561657152
474.0 10.9005821616
476.0 10.5903755712
478.0 10.3249579056
480.0 10.117119
482.0 9.9681329376
484.0 9.856013616
486.0 9.743796288
488.0 9.6216803136
490.0 9.484161
492.0 9.3265177056
494.0 9.145140528
496.0 8.9395067664
498.0 8.7137980272
500.0 8.47347
502.0 8.2263795312
504.0 7.9924709232
506.0 7.803187896
508.0 7.6678737264
510.0 7.595496
512.0 7.5906120144
514.0 7.6489584912
516.0 7.758104952
518.0 7.9108969296
520.0 8.095737
522.0 8.3005540416
524.0 8.512427544
526.0 8.7171139104
528.0 8.9027870352
530.0 9.045174
532.0 9.1326120432
534.0 9.1595801376
536.0 9.1188094752
538.0 9.0209827536
540.0 8.912457
542.0 8.8250516256
544.0 8.7792172992
546.0 8.7992922768
548.0 8.904126456
550.0 9.096219
552.0 9.382724376
554.0 9.7871314512
556.0 10.3434811152
558.0 11.058960504
560.0 11.913903
562.0 12.899112336
564.0 14.0219226576
566.0 15.2946174336
568.0 16.712786376
570.0 18.263901
572.0 19.937278608
574.0 21.7228898784
576.0 23.6078959728
578.0 25.5791640336
580.0 27.625554
582.0 29.7305517936
584.0 31.8782313744
586.0 34.0576160256
588.0 36.2513586144
590.0 38.365422
592.0 40.3467193824
594.0 42.247618848
596.0 44.1940586208
598.0 46.1806810176
600.0 48.063972
602.0 49.7762091456
604.0 51.3684537888
606.0 52.9425999168
608.0 54.4930938336
610.0 56.026992
612.0 57.5594690736
614.0 59.0004408384
616.0 60.1433261376
618.0 60.9996897264
620.0 61.989048
622.0 63.3014517024
624.0 64.7765460288
626.0 66.1065908832
628.0 67.293481056
630.0 68.073612
632.0 68.309154048
634.0 68.4206526624
636.0 69.2990676912
638.0 70.9516189392
640.0 72.463482
642.0 73.3924683312
644.0 73.9536203088
646.0 74.5857942576
648.0 75.2788955184
650.0 75.924333
652.0 76.4839658784
654.0 76.9917207024
656.0 77.488678488
658.0 77.9763746688
660.0 78.445956
662.0 78.8957563728
664.0 79.3167918672
666.0 79.684838568
668.0 79.9997658
670.0 80.324412
672.0 80.690792592
674.0 81.0552620592
676.0 81.324648984
678.0 81.4996394112
680.0 81.682209
682.0 81.9219653232
684.0 82.1794608048
686.0 82.3735298112
688.0 82.5086806368
690.0 82.631646
692.0 82.7617821648
694.0 82.9131530496
696.0 83.1203875824
698.0 83.382375024
700.0 83.581083
702.0 83.657201304
704.0 83.6753651568
706.0 83.7739432608
708.0 83.95391568
710.0 84.101742
712.0 84.164302752
714.0 84.1821725856
716.0 84.235030704
718.0 84.3236284896
720.0 84.397803
722.0 84.4349474256
724.0 84.457668576
726.0 84.5091382704
728.0 84.5910879552
730.0 84.663237
732.0 84.7026519072
734.0 84.7408907376
736.0 84.848959128
738.0 85.0241782368
740.0 85.112433
742.0 85.0387158528
744.0 84.8988117168
746.0 84.8922779568
748.0 85.0217280768
750.0 85.132851
752.0 85.1550984528
754.0 85.1278853424
756.0 85.1231483664
758.0 85.1395807728
760.0 85.194105
762.0 85.2970443888
764.0 85.4137700112
766.0 85.4680818912
768.0 85.4581832448
770.0 85.459539
772.0 85.5060137287
774.0 85.578814899
776.0 85.6423952614
778.0 85.6819605389
780.0 85.714764
