380.0 8.463261
382.0 8.17758281677
384.0 7.90042634473
386.0 7.64231445446
388.0 7.40088233124
390.0 7.156509
392.0 6.9001079232
394.0 6.6355559808
396.0 6.3715104048
398.0 6.1138515792
400.0 5.859966
402.0 5.6138555952
404.0 5.4036318672
406.0 5.2767625824
408.0 5.240402208
410.0 5.288262
412.0 5.416242024
414.0 5.6124671712
416.0 5.8515374496
418.0 6.1248936336
420.0 6.43167
422.0 6.7674072576
424.0 7.1209163424
426.0 7.4783946864
428.0 7.8364120656
430.0 8.187618
432.0 8.5281739056
434.0 8.8716863376
436.0 9.2479492416
438.0 9.6595761216
440.0 10.076283
442.0 10.4846266656
444.0 10.9025912928
446.0 11.3647894752
448.0 11.8740960672
450.0 12.403935
452.0 12.9417941232
454.0 13.5065233344
456.0 14.1353977344
458.0 14.8269472272
460.0 15.538098
462.0 16.2450998352
464.0 16.9611835968
466.0 17.7184790496
468.0 18.5098317264
470.0 19.284801
472.0 20.0150466864
474.0 20.7124112256
476.0 21.4093837392
478.0 22.0990057728
480.0 22.735443
482.0 23.2952555568
484.0 23.7894364944
486.0 24.2446272192
488.0 24.661513776
490.0 25.022259
492.0 25.321015176
494.0 25.574933424
496.0 25.8143303904
498.0 26.0435510256
500.0 26.257548
502.0 26.4544428576
504.0 26.6342519328
506.0 26.7946394064
508.0 26.934037176
510.0 27.043641
512.0 27.118697568
514.0 27.1627514448
516.0 27.1847212128
518.0 27.186240312
520.0 27.15594
522.0 27.0906024
524.0 27.004193424
526.0 26.9216066976
528.0 26.8486245984
530.0 26.778207
532.0 26.7083937744
534.0 26.6513377152
536.0 26.627848848
538.0 26.6371431216
540.0 26.655699
542.0 26.6697302496
544.0 26.6800862592
546.0 26.6923860624
548.0 26.7002265744
550.0 26.686326
552.0 26.6414227344
554.0 26.559979416
556.0 26.433796176
558.0 26.2636897344
560.0 26.073786
562.0 25.8780345504
564.0 25.673266512
566.0 25.449076872
568.0 25.2108559824
570.0 24.971214
572.0 24.7386284784
574.0 24.5203355568
576.0 24.3260215344
578.0 24.1588552848
580.0 24.021777
582.0 23.9153093808
584.0 23.8333106928
586.0 23.7635791392
588.0 23.7021291264
590.0 23.644044
592.0 23.5840314144
594.0 23.521372656
596.0 23.4605106816
598.0 23.3971005408
600.0 23.307147
602.0 23.1766678128
604.0 23.0141568672
606.0 22.8423353136
608.0 22.6586876544
610.0 22.429173
612.0 22.1408055024
614.0 21.8037941616
616.0 21.4346203872
618.0 21.0442935648
620.0 20.673225
622.0 20.3482031088
624.0 20.0721027456
626.0 19.8354989616
628.0 19.6472123328
630.0 19.540026
632.0 19.5311564208
634.0 19.6061966544
636.0 19.7306811168
638.0 19.9027476864
640.0 20.152566
642.0 20.4908677584
644.0 20.8968266016
646.0 21.3342945024
648.0 21.7953002736
650.0 22.276038
652.0 22.7705456256
654.0 23.2750172352
656.0 23.7908739216
658.0 24.3139667472
660.0 24.828288
662.0 25.3259644992
664.0 25.8114065328
666.0 26.2950517824
668.0 26.7782723376
670.0 27.268239
672.0 27.7709954976
674.0 28.2816088416
676.0 28.7848227024
678.0 29.2829565648
680.0 29.820489
682.0 30.4186057248
684.0 31.051776072
686.0 31.6674032736
688.0 32.2650626352
690.0 32.862771
692.0 33.4674378192
694.0 34.0927023168
696.0 34.7703512352
698.0 35.4991758288
700.0 36.221532
702.0 36.9071194368
704.0 37.5740529888
706.0 38.2642467264
708.0 38.9743357632
710.0 39.661965
712.0 40.3064060832
714.0 40.9234543776
716.0 41.5466934096
718.0 42.1759598352
720.0 42.785919
722.0 43.3647774672
724.0 43.9241326608
726.0 44.487228432
728.0 45.05599224
730.0 45.603603
732.0 46.115196408
734.0 46.6187696256
736.0 47.1748579392
738.0 47.7804231504
740.0 48.329406
742.0 48.7697977584
744.0 49.1481187968
746.0 49.5629635536
748.0 50.0177949216
750.0 50.442669
752.0 50.8046229696
754.0 51.146354952
756.0 51.553081512
758.0 52.0243126176
760.0 52.453842
762.0 52.7908043376
764.0 53.0836474608
766.0 53.4312598272
768.0 53.8334127552
770.0 54.230208
772.0 54.5955211507
774.0 54.9352438456
776.0 55.2575387517
778.0 55.5740447152
780.0 55.884066
