380.0 39.774264
382.0 40.2267569697
384.0 40.6420367373
386.0 40.9685502172
388.0 41.2242583715
390.0 41.499585
392.0 41.8403532528
394.0 42.2110134576
396.0 42.530857344
398.0 42.8011263264
400.0 43.061562
402.0 43.3310142624
404.0 43.6069022784
406.0 43.8854201328
408.0 44.170749432
410.0 44.460195
412.0 44.752417416
414.0 45.0588834288
416.0 45.40268988
418.0 45.7847841648
420.0 46.165098
422.0 46.5222006528
424.0 46.8819658128
426.0 47.3014332048
428.0 47.7792960768
430.0 48.227316
432.0 48.6027948528
434.0 48.9535924272
436.0 49.3789238688
438.0 49.8801612672
440.0 50.381415
442.0 50.8459326672
444.0 51.3008620416
446.0 51.8012173824
448.0 52.3439278224
450.0 52.872411
452.0 53.3601725184
454.0 53.8268463264
456.0 54.3116676528
458.0 54.81457116
460.0 55.33278
462.0 55.865118096
464.0 56.4002167056
466.0 56.9136885696
468.0 57.403083528
470.0 57.88503
472.0 58.366813128
474.0 58.8444799872
476.0 59.3117418336
478.0 59.7675532656
480.0 60.212682
482.0 60.6469973616
484.0 61.065010992
486.0 61.4566445664
488.0 61.8218327472
490.0 62.17281
492.0 62.5160447472
494.0 62.8492501728
496.0 63.1668072432
498.0 63.4697940288
500.0 63.765414
502.0 64.0570973808
504.0 64.3421326608
506.0 64.6152438288
508.0 64.8788810448
510.0 65.123211
512.0 65.3413079088
514.0 65.5613976144
516.0 65.8452894864
518.0 66.1915134288
520.0 66.481008
522.0 66.6556554048
524.0 66.7745535024
526.0 66.9613046976
528.0 67.2175097616
530.0 67.461072
532.0 67.6546183056
534.0 67.8212781888
536.0 68.0033904144
538.0 68.200856976
540.0 68.4003
542.0 68.596149456
544.0 68.7913945392
546.0 68.9900045088
548.0 69.1907379504
550.0 69.390573
552.0 69.5880722304
554.0 69.779576736
556.0 69.9577360368
558.0 70.1225828016
560.0 70.288965
562.0 70.4642984496
564.0 70.6425394224
566.0 70.8108817488
568.0 70.9702401552
570.0 71.126103
572.0 71.2807570992
574.0 71.4393641232
576.0 71.6132928144
578.0 71.803327224
580.0 71.983659
582.0 72.141449304
584.0 72.2940452688
586.0 72.4776439248
588.0 72.691265208
590.0 72.902469
592.0 73.096521672
594.0 73.2760693968
596.0 73.4451141024
598.0 73.6055179104
600.0 73.780443
602.0 73.9811274384
604.0 74.2043043456
606.0 74.4423292224
608.0 74.6932746096
610.0 74.93406
612.0 75.1525979376
614.0 75.3584930496
616.0 75.5739274512
618.0 75.79896648
620.0 76.026423
622.0 76.253307816
624.0 76.4780038224
626.0 76.6960680624
628.0 76.907337192
630.0 77.118786
632.0 77.333910048
634.0 77.5513699152
636.0 77.7683070816
638.0 77.9854729296
640.0 78.20094
642.0 78.4126991616
644.0 78.6275618592
646.0 78.861421464
648.0 79.1133305808
650.0 79.344348
652.0 79.5354931488
654.0 79.708033416
656.0 79.906578048
658.0 80.1324337968
660.0 80.355039
662.0 80.5606400928
664.0 80.7603117984
666.0 80.9742107664
668.0 81.2008669008
670.0 81.437193
672.0 81.6824050128
674.0 81.9223900176
676.0 82.1264556768
678.0 82.2922825056
680.0 82.478511
682.0 82.7134650096
684.0 82.9564718784
686.0 83.124454848
688.0 83.21927604
690.0 83.30544
692.0 83.413737072
694.0 83.5457516928
696.0 83.7055837968
698.0 83.894540136
700.0 84.071115
702.0 84.212162544
704.0 84.3361569744
706.0 84.4872991776
708.0 84.6660465168
710.0 84.795954
712.0 84.8395178448
714.0 84.859331472
716.0 84.985188024
718.0 85.2157807488
720.0 85.418703
722.0 85.5308713248
724.0 85.5842031408
726.0 85.6428599712
728.0 85.7077565424
730.0 85.776018
732.0 85.8477423504
734.0 85.9265558304
736.0 86.016378696
738.0 86.1172762848
740.0 86.194587
742.0 86.2289219088
744.0 86.2524434448
746.0 86.3368106208
748.0 86.4823501248
750.0 86.57232
752.0 86.5513629648
754.0 86.487544464
756.0 86.5191351936
758.0 86.6470172112
760.0 86.786709
762.0 86.9000370672
764.0 86.9880958176
766.0 87.0467853168
768.0 87.073459392
770.0 87.133815
772.0 87.257287433
774.0 87.4052023808
776.0 87.4999608143
778.0 87.5252308345
780.0 87.521757
