380.0 2.6
382.0 2.60073186603
384.0 2.6012815311
386.0 2.60126086124
388.0 2.60078086124
390.0 2.6
392.0 2.59862507177
394.0 2.59645320574
396.0 2.59474066986
398.0 2.59542813397
400.0 2.6
402.0 2.608
404.0 2.6184
406.0 2.6344
408.0 2.6608
410.0 2.7
412.0 2.75168
414.0 2.8176
416.0 2.88912
418.0 2.95264
420.0 3.0
422.0 3.03232
424.0 3.04752
426.0 3.05472
428.0 3.06912
430.0 3.1
432.0 3.14496
434.0 3.20432
436.0 3.27248
438.0 3.33984
440.0 3.4
442.0 3.4544
444.0 3.50368
446.0 3.54576
448.0 3.57824
450.0 3.6
452.0 3.61072
454.0 3.60896
456.0 3.6008
458.0 3.59584
460.0 3.6
462.0 3.6128
464.0 3.636
466.0 3.664
468.0 3.6872
470.0 3.7
472.0 3.70384
474.0 3.6976
476.0 3.68816
478.0 3.68672
480.0 3.7
482.0 3.72672
484.0 3.76816
486.0 3.8176
488.0 3.86384
490.0 3.9
492.0 3.9288
494.0 3.952
496.0 3.9704
498.0 3.9856
500.0 4.0
502.0 4.01488
504.0 4.0304
506.0 4.05712
508.0 4.11024
510.0 4.2
512.0 4.32528
514.0 4.48512
516.0 4.68256
518.0 4.9208
520.0 5.2
522.0 5.51792
524.0 5.87376
526.0 6.2528
528.0 6.63344
530.0 7.0
532.0 7.35056
534.0 7.6816
536.0 7.98704
538.0 8.26128
540.0 8.5
542.0 8.70048
544.0 8.86064
546.0 8.98
548.0 9.05936
550.0 9.1
552.0 9.10176
554.0 9.064
556.0 8.99424
558.0 8.90368
560.0 8.8
562.0 8.6856
564.0 8.56624
566.0 8.43568
568.0 8.28192
570.0 8.1
572.0 7.8936
574.0 7.65968
576.0 7.42496
578.0 7.23024
580.0 7.1
582.0 7.03072
584.0 7.02736
586.0 7.064
588.0 7.09744
590.0 7.1
592.0 7.07664
594.0 7.0256
596.0 6.95376
598.0 6.87552
600.0 6.8
602.0 6.72384
604.0 6.64656
606.0 6.56768
608.0 6.4856
610.0 6.4
612.0 6.31216
614.0 6.22208
616.0 6.1352
618.0 6.05952
620.0 6.0
622.0 5.95616
624.0 5.9288
626.0 5.91424
628.0 5.90608
630.0 5.9
632.0 5.89664
634.0 5.89584
636.0 5.89664
638.0 5.89824
640.0 5.9
642.0 5.90128
644.0 5.90144
646.0 5.9008
648.0 5.90016
650.0 5.9
652.0 5.9
654.0 5.9
656.0 5.9
658.0 5.9
660.0 5.9
662.0 5.9
664.0 5.9
666.0 5.9
668.0 5.9
670.0 5.9
672.0 5.9
674.0 5.9
676.0 5.9
678.0 5.9
680.0 5.9
682.0 5.9
684.0 5.9
686.0 5.9
688.0 5.9
690.0 5.9
692.0 5.9
694.0 5.9
696.0 5.9
698.0 5.9
700.0 5.9
702.0 5.9
704.0 5.9
706.0 5.9
708.0 5.9
710.0 5.9
712.0 5.9
714.0 5.9
716.0 5.9
718.0 5.9
720.0 5.9
722.0 5.9
724.0 5.9
726.0 5.9
728.0 5.9
730.0 5.9
732.0 5.9
734.0 5.9
736.0 5.9
738.0 5.9
740.0 5.9
742.0 5.9
744.0 5.9
746.0 5.9
748.0 5.9
750.0 5.9
