380.0 3.57315
382.0 3.61659926953
384.0 3.66126885161
386.0 3.71042250003
388.0 3.76152330272
390.0 3.807957
392.0 3.8467185312
394.0 3.885218712
396.0 3.9389752224
398.0 4.0089027888
400.0 4.0836
402.0 4.1574641568
404.0 4.2346278624
406.0 4.3235850048
408.0 4.4244335904
410.0 4.522587
412.0 4.6108907664
414.0 4.7016610272
416.0 4.820526456
418.0 4.9678464096
420.0 5.114709
422.0 5.2474913376
424.0 5.378182872
426.0 5.530664496
428.0 5.7047728656
430.0 5.890593
432.0 6.0840576336
434.0 6.2823409152
436.0 6.4781250336
438.0 6.6715079952
440.0 6.880866
442.0 7.1149052832
444.0 7.3664550432
446.0 7.6208796576
448.0 7.8772970688
450.0 8.136573
452.0 8.3987727888
454.0 8.664745824
456.0 8.937285288
458.0 9.2168812128
460.0 9.504579
462.0 9.8009993568
464.0 10.1054562384
466.0 10.4161855296
468.0 10.7331545616
470.0 11.056347
472.0 11.3857138416
474.0 11.722055472
476.0 12.0670543344
478.0 12.4203184032
480.0 12.781668
482.0 13.1507110992
484.0 13.524311496
486.0 13.8966378096
488.0 14.2674286896
490.0 14.639706
492.0 15.0146458176
494.0 15.3948616464
496.0 15.78638088
498.0 16.189268856
500.0 16.589625
502.0 16.980670536
504.0 17.3699356224
506.0 17.7731176176
508.0 18.1905105408
510.0 18.611007
512.0 19.0285469328
514.0 19.447981656
516.0 19.880353224
518.0 20.3243548848
520.0 20.754897
522.0 21.1595327568
524.0 21.552342408
526.0 21.9633649152
528.0 22.3932209856
530.0 22.817115
532.0 23.2229268336
534.0 23.6220578976
536.0 24.037948056
538.0 24.4698785952
540.0 24.889542
542.0 25.2835767312
544.0 25.6644949392
546.0 26.0574352656
548.0 26.4616789968
550.0 26.870088
552.0 27.2798690928
554.0 27.6811072944
556.0 28.0519961808
558.0 28.3919803824
560.0 28.738335
562.0 29.1089788704
564.0 29.4875285904
566.0 29.8406293152
568.0 30.1691304336
570.0 30.484074
572.0 30.7904910096
574.0 31.0981167648
576.0 31.427875632
578.0 31.7813683824
580.0 32.127723
582.0 32.4519771744
584.0 32.7683091648
586.0 33.1054511808
588.0 33.4617697824
590.0 33.822417
592.0 34.1804017104
594.0 34.5272953632
596.0 34.8454731408
598.0 35.1343470048
600.0 35.42523
602.0 35.7339011568
604.0 36.0494817648
606.0 36.348450288
608.0 36.6314274336
610.0 36.915744
612.0 37.2093385056
614.0 37.505905872
616.0 37.7934239808
618.0 38.0727422208
620.0 38.345004
622.0 38.6111240448
624.0 38.878812192
626.0 39.1630470864
628.0 39.4632733584
630.0 39.774264
632.0 40.0935361824
634.0 40.4067156336
636.0 40.6840737456
638.0 40.9251204864
640.0 41.172897
642.0 41.4484746624
644.0 41.7380345712
646.0 42.0126811728
648.0 42.2726431488
650.0 42.530694
652.0 42.7922404128
654.0 43.0543911984
656.0 43.3129320816
658.0 43.5686471136
660.0 43.817028
662.0 44.0562289536
664.0 44.2945315152
666.0 44.5482210816
668.0 44.8172323152
670.0 45.093153
672.0 45.3716218512
674.0 45.6461214432
676.0 45.9033229056
678.0 46.1405473968
680.0 46.379487
682.0 46.6315594608
684.0 46.8770164896
686.0 47.0744013792
688.0 47.2272096912
690.0 47.390178
692.0 47.5886082912
694.0 47.8180739424
696.0 48.0707017728
698.0 48.3443029728
700.0 48.584631
702.0 48.7637703648
704.0 48.9096692256
706.0 49.0844309712
708.0 49.2905710992
710.0 49.483023
712.0 49.6404539472
714.0 49.7897503632
716.0 49.9843747392
718.0 50.2222036032
720.0 50.442669
722.0 50.6184761472
724.0 50.762251536
726.0 50.8967326512
728.0 51.023683608
730.0 51.187926
732.0 51.412687344
734.0 51.6630446928
736.0 51.8627163984
738.0 52.0085009184
740.0 52.16799
742.0 52.3739831184
744.0 52.5915899952
746.0 52.7499193344
748.0 52.8517153152
750.0 52.974501
752.0 53.1560251872
754.0 53.3722926432
756.0 53.5725360528
758.0 53.7546972816
760.0 53.954565
762.0 54.1904174016
764.0 54.4261064592
766.0 54.586052904
768.0 54.6717595008
770.0 54.812121
772.0 55.0643489893
774.0 55.3717903768
776.0 55.6222878576
778.0 55.7851340101
780.0 55.914693
