380.0 3.0
382.0 3.00001837321
384.0 3.00006430622
386.0 3.00015617225
388.0 3.00015617225
390.0 3.0
392.0 2.99985301435
394.0 2.99983464115
396.0 2.99990813397
398.0 2.99998162679
400.0 3.0
402.0 3.00016
404.0 3.0008
406.0 3.00144
408.0 3.00128
410.0 3.0
412.0 2.99792
414.0 2.99504
416.0 2.99296
418.0 2.99408
420.0 3.0
422.0 3.01088
424.0 3.02736
426.0 3.04864
428.0 3.07312
430.0 3.1
432.0 3.12896
434.0 3.15824
436.0 3.19232
438.0 3.2384
440.0 3.3
442.0 3.37568
444.0 3.46672
446.0 3.56176
448.0 3.6432
450.0 3.7
452.0 3.73424
454.0 3.74576
456.0 3.73888
458.0 3.7216
460.0 3.7
462.0 3.6728
464.0 3.63808
466.0 3.60576
468.0 3.59024
470.0 3.6
472.0 3.63488
474.0 3.69856
476.0 3.77744
478.0 3.84912
480.0 3.9
482.0 3.9344
484.0 3.95344
486.0 3.96368
488.0 3.97632
490.0 4.0
492.0 4.03472
494.0 4.08048
496.0 4.14784
498.0 4.2512
500.0 4.4
502.0 4.59504
504.0 4.83904
506.0 5.12704
508.0 5.44944
510.0 5.8
512.0 6.17776
514.0 6.57744
516.0 7.00672
518.0 7.4792
520.0 8.0
522.0 8.56272
524.0 9.16672
526.0 9.78352
528.0 10.37072
530.0 10.9
532.0 11.3712
534.0 11.77872
536.0 12.12784
538.0 12.43216
540.0 12.7
542.0 12.92624
544.0 13.10864
546.0 13.24784
548.0 13.34464
550.0 13.4
552.0 13.416
554.0 13.39584
556.0 13.33808
558.0 13.23952
560.0 13.1
562.0 12.92256
564.0 12.70768
566.0 12.4696
568.0 12.22912
570.0 12.0
572.0 11.7832
574.0 11.5832
576.0 11.3936
578.0 11.2016
580.0 11.0
582.0 10.79216
584.0 10.5776
586.0 10.36544
588.0 10.17008
590.0 10.0
592.0 9.85344
594.0 9.73184
596.0 9.62544
598.0 9.51824
600.0 9.4
602.0 9.27264
604.0 9.13584
606.0 8.99184
608.0 8.84544
610.0 8.7
612.0 8.55424
614.0 8.40704
616.0 8.26224
618.0 8.12544
620.0 8.0
622.0 7.88592
624.0 7.78464
626.0 7.69136
628.0 7.59808
630.0 7.5
632.0 7.39808
634.0 7.29136
636.0 7.18464
638.0 7.08592
640.0 7.0
642.0 6.9256
644.0 6.86304
646.0 6.80848
648.0 6.75552
650.0 6.7
652.0 6.64256
654.0 6.58288
656.0 6.5216
658.0 6.46032
660.0 6.4
662.0 6.34
664.0 6.28
666.0 6.22
668.0 6.16
670.0 6.1
672.0 6.04
674.0 5.98
676.0 5.92
678.0 5.86
680.0 5.8
682.0 5.74048
684.0 5.6824
686.0 5.62432
688.0 5.56384
690.0 5.5
692.0 5.43328
694.0 5.36272
696.0 5.29456
698.0 5.2384
700.0 5.2
702.0 5.1784
704.0 5.17456
706.0 5.18272
708.0 5.19328
710.0 5.2
712.0 5.20384
714.0 5.20432
716.0 5.2024
718.0 5.20048
720.0 5.2
722.0 5.2
724.0 5.2
726.0 5.2
728.0 5.2
730.0 5.2
732.0 5.2
734.0 5.2
736.0 5.2
738.0 5.2
740.0 5.2
742.0 5.2
744.0 5.2
746.0 5.2
748.0 5.2
750.0 5.2
