380.0 3.0
382.0 3.00765550239
384.0 3.01655425837
386.0 3.02539177033
388.0 3.02155177033
390.0 3.0
392.0 2.97139598086
394.0 2.93942047847
396.0 2.92012248804
398.0 2.93602449761
400.0 3.0
402.0 3.11168
404.0 3.2768
406.0 3.47072
408.0 3.65344
410.0 3.8
412.0 3.91392
414.0 3.99072
416.0 4.04672
418.0 4.11072
420.0 4.2
422.0 4.30928
424.0 4.43952
426.0 4.57776
428.0 4.7024
430.0 4.8
432.0 4.8736
434.0 4.92256
436.0 4.95312
438.0 4.97648
440.0 5.0
442.0 5.02208
444.0 5.04272
446.0 5.06256
448.0 5.0816
450.0 5.1
452.0 5.1184
454.0 5.13696
456.0 5.15632
458.0 5.17728
460.0 5.2
462.0 5.22464
464.0 5.25232
466.0 5.2784
468.0 5.29568
470.0 5.3
472.0 5.29264
474.0 5.2736
476.0 5.24736
478.0 5.22112
480.0 5.2
482.0 5.18416
484.0 5.17456
486.0 5.17296
488.0 5.18096
490.0 5.2
492.0 5.23168
494.0 5.27776
496.0 5.33824
498.0 5.41232
500.0 5.5
502.0 5.6024
504.0 5.71984
506.0 5.85568
508.0 6.01472
510.0 6.2
512.0 6.41008
514.0 6.64288
516.0 6.90048
518.0 7.18608
520.0 7.5
522.0 7.8392
524.0 8.20208
526.0 8.57696
528.0 8.94704
530.0 9.3
532.0 9.63472
534.0 9.94976
536.0 10.2376
538.0 10.48944
540.0 10.7
542.0 10.86816
544.0 10.9912
546.0 11.07824
548.0 11.14448
550.0 11.2
552.0 11.24416
554.0 11.27904
556.0 11.30272
558.0 11.3104
560.0 11.3
562.0 11.27424
564.0 11.23392
566.0 11.1856
568.0 11.13888
570.0 11.1
572.0 11.06848
574.0 11.0448
576.0 11.02752
578.0 11.01344
580.0 11.0
582.0 10.988
584.0 10.97872
586.0 10.96624
588.0 10.94176
590.0 10.9
592.0 10.84144
594.0 10.76464
596.0 10.67584
598.0 10.58544
600.0 10.5
602.0 10.4184
604.0 10.34144
606.0 10.26608
608.0 10.18672
610.0 10.1
612.0 10.00736
614.0 9.90928
616.0 9.8072
618.0 9.70352
620.0 9.6
622.0 9.4968
624.0 9.3944
626.0 9.2936
628.0 9.1952
630.0 9.1
632.0 9.008768
634.0 8.92224
636.0 8.841312
638.0 8.766944
640.0 8.7
642.0 8.641472
644.0 8.592672
646.0 8.553312
648.0 8.522432
650.0 8.5
652.0 8.487056
654.0 8.483792
656.0 8.494448
658.0 8.525184
660.0 8.58
662.0 8.658864
664.0 8.762608
666.0 8.889472
668.0 9.036016
670.0 9.2
672.0 9.382032
674.0 9.582112
676.0 9.800112
678.0 10.036112
680.0 10.29
682.0 10.557744
684.0 10.831872
686.0 11.1224
688.0 11.446288
690.0 11.81
692.0 12.2092
694.0 12.64968
696.0 13.0864
698.0 13.45048
700.0 13.7
702.0 13.840816
704.0 13.8656
706.0 13.811824
708.0 13.742928
710.0 13.7
712.0 13.675808
714.0 13.672784
716.0 13.68488
718.0 13.696976
720.0 13.7
722.0 13.7
724.0 13.7
726.0 13.7
728.0 13.7
730.0 13.7
732.0 13.7
734.0 13.7
736.0 13.7
738.0 13.7
740.0 13.7
742.0 13.7
744.0 13.7
746.0 13.7
748.0 13.7
750.0 13.7
