380.0 260.0
382.0 260.3023311
384.0 260.635758852
386.0 260.933014354
388.0 260.774614354
390.0 260.0
392.0 258.970151196
394.0 257.834220096
396.0 257.153944498
398.0 257.7136689
400.0 260.0
402.0 264.0656
404.0 270.1536
406.0 277.6416
408.0 285.4656
410.0 293.0
412.0 300.3456
414.0 307.2736
416.0 314.6656
418.0 323.9696
420.0 336.0
422.0 350.5056
424.0 367.6096
426.0 386.0816
428.0 403.9616
430.0 420.0
432.0 434.3648
434.0 446.9136
436.0 458.1344
438.0 468.9632
440.0 480.0
442.0 490.9648
444.0 501.6384
446.0 512.304
448.0 523.3696
450.0 535.0
452.0 547.0992
454.0 559.752
456.0 572.0048
458.0 582.4016
460.0 590.0
462.0 594.8528
464.0 596.7888
466.0 596.1808
468.0 593.7648
470.0 590.0
472.0 584.7728
474.0 578.1648
476.0 569.9248
478.0 559.6048
480.0 547.0
482.0 532.3568
484.0 515.8448
486.0 497.8928
488.0 479.1088
490.0 460.0
492.0 440.6976
494.0 421.2928
496.0 402.48
498.0 385.1792
500.0 370.0
502.0 357.0016
504.0 346.336
506.0 337.7584
508.0 330.7648
510.0 325.0
512.0 320.5456
514.0 317.4304
516.0 315.3712
518.0 313.984
520.0 313.0
522.0 312.4272
524.0 312.2912
526.0 312.4432
528.0 312.6992
530.0 313.0
532.0 313.3248
534.0 313.4992
536.0 314.2896
538.0 316.888
540.0 322.0
542.0 329.4496
544.0 339.2736
546.0 350.8096
548.0 362.9696
550.0 375.0
552.0 386.9216
554.0 398.6176
556.0 409.9296
558.0 420.7616
560.0 431.0
562.0 440.4928
564.0 449.1456
566.0 456.7584
568.0 463.0912
570.0 468.0
572.0 471.4624
574.0 473.4144
576.0 474.0864
578.0 473.8624
580.0 473.0
582.0 471.4864
584.0 469.3744
586.0 466.6384
588.0 463.1904
590.0 459.0
592.0 454.1456
594.0 448.6704
596.0 442.7072
598.0 436.44
600.0 430.0
602.0 423.3904
604.0 416.6112
606.0 409.736
608.0 402.8528
610.0 396.0
612.0 389.2384
614.0 382.728
616.0 376.0656
618.0 368.6032
620.0 360.0
622.0 350.3616
624.0 339.5776
626.0 328.4736
628.0 318.3456
630.0 310.0
632.0 303.3152
634.0 298.3936
636.0 294.736
638.0 291.4624
640.0 288.0
642.0 284.4704
644.0 280.864
646.0 277.1936
648.0 273.5552
650.0 270.0
652.0 266.4512
654.0 262.8576
656.0 259.232
658.0 255.6064
660.0 252.0
662.0 248.4
664.0 244.8
666.0 241.2
668.0 237.6
670.0 234.0
672.0 230.4
674.0 226.8
676.0 223.2
678.0 219.6
680.0 216.0
682.0 212.4288
684.0 208.944
686.0 205.4592
688.0 201.8304
690.0 198.0
692.0 193.9968
694.0 189.7632
696.0 185.6736
698.0 182.304
700.0 180.0
702.0 178.704
704.0 178.4736
706.0 178.9632
708.0 179.5968
710.0 180.0
712.0 180.2304
714.0 180.2592
716.0 180.144
718.0 180.0288
720.0 180.0
722.0 180.0
724.0 180.0
726.0 180.0
728.0 180.0
730.0 180.0
732.0 180.0
734.0 180.0
736.0 180.0
738.0 180.0
740.0 180.0
742.0 180.0
744.0 180.0
746.0 180.0
748.0 180.0
750.0 180.0
