380.0 3.4
382.0 3.40173933014
384.0 3.4035276555
386.0 3.40486430622
388.0 3.40390430622
390.0 3.4
392.0 3.39456535885
394.0 3.38802602871
396.0 3.38378334928
398.0 3.38674066986
400.0 3.4
402.0 3.4232
404.0 3.45648
406.0 3.49856
408.0 3.54704
410.0 3.6
412.0 3.6576
414.0 3.72016
416.0 3.78432
418.0 3.84528
420.0 3.9
422.0 3.94864
424.0 3.99072
426.0 4.028
428.0 4.06368
430.0 4.1
432.0 4.13616
434.0 4.1712
436.0 4.20784
438.0 4.25008
440.0 4.3
442.0 4.35728
444.0 4.42304
446.0 4.4912
448.0 4.55216
450.0 4.6
452.0 4.63568
454.0 4.6584
456.0 4.67232
458.0 4.68464
460.0 4.7
462.0 4.71728
464.0 4.73632
466.0 4.75696
468.0 4.7784
470.0 4.8
472.0 4.82224
474.0 4.84576
476.0 4.86848
478.0 4.8872
480.0 4.9
482.0 4.9072
484.0 4.90848
486.0 4.90576
488.0 4.90224
490.0 4.9
492.0 4.89872
494.0 4.89856
496.0 4.8992
498.0 4.89984
500.0 4.9
502.0 4.89984
504.0 4.8992
506.0 4.89856
508.0 4.89872
510.0 4.9
512.0 4.90272
514.0 4.90816
516.0 4.9128
518.0 4.91104
520.0 4.9
522.0 4.88032
524.0 4.8504
526.0 4.81888
528.0 4.79936
530.0 4.8
532.0 4.81952
534.0 4.85968
536.0 4.91184
538.0 4.9616
540.0 5.0
542.0 5.02928
544.0 5.04944
546.0 5.064
548.0 5.07936
550.0 5.1
552.0 5.12432
554.0 5.1504
556.0 5.18368
558.0 5.23216
560.0 5.3
562.0 5.38624
564.0 5.49248
566.0 5.60752
568.0 5.71376
570.0 5.8
572.0 5.86784
574.0 5.91632
576.0 5.9496
578.0 5.97568
580.0 6.0
582.0 6.02096
584.0 6.0376
586.0 6.05344
588.0 6.07328
590.0 6.1
592.0 6.13392
594.0 6.17664
596.0 6.22336
598.0 6.26608
600.0 6.3
602.0 6.32624
604.0 6.34416
606.0 6.35808
608.0 6.3752
610.0 6.4
612.0 6.43152
614.0 6.47008
616.0 6.51344
618.0 6.5576
620.0 6.6
622.0 6.64112
624.0 6.68064
626.0 6.71936
628.0 6.75888
630.0 6.8
632.0 6.84224
634.0 6.88576
636.0 6.92848
638.0 6.9672
640.0 7.0
642.0 7.0272
644.0 7.04848
646.0 7.06576
648.0 7.08224
650.0 7.1
652.0 7.11872
654.0 7.13856
656.0 7.1592
658.0 7.17984
660.0 7.2
662.0 7.22
664.0 7.24
666.0 7.26
668.0 7.28
670.0 7.3
672.0 7.32
674.0 7.34
676.0 7.36
678.0 7.38
680.0 7.4
682.0 7.41984
684.0 7.4392
686.0 7.45856
688.0 7.47872
690.0 7.5
692.0 7.52224
694.0 7.54576
696.0 7.56848
698.0 7.5872
700.0 7.6
702.0 7.6072
704.0 7.60848
706.0 7.60576
708.0 7.60224
710.0 7.6
712.0 7.59872
714.0 7.59856
716.0 7.5992
718.0 7.59984
720.0 7.6
722.0 7.6
724.0 7.6
726.0 7.6
728.0 7.6
730.0 7.6
732.0 7.6
734.0 7.6
736.0 7.6
738.0 7.6
740.0 7.6
742.0 7.6
744.0 7.6
746.0 7.6
748.0 7.6
750.0 7.6
