380.0 5.6
382.0 5.60084210526
384.0 5.60166736842
386.0 5.60219789474
388.0 5.60171789474
390.0 5.6
392.0 5.59758315789
394.0 5.59466105263
396.0 5.59274947368
398.0 5.59403789474
400.0 5.6
402.0 5.61056
404.0 5.62576
406.0 5.64576
408.0 5.67056
410.0 5.7
412.0 5.73392
414.0 5.77216
416.0 5.8136
418.0 5.85664
420.0 5.9
422.0 5.94352
424.0 5.9872
426.0 6.02928
428.0 6.06736
430.0 6.1
432.0 6.12736
434.0 6.14928
436.0 6.1672
438.0 6.18352
440.0 6.2
442.0 6.21664
444.0 6.2336
446.0 6.25216
448.0 6.27392
450.0 6.3
452.0 6.3304
454.0 6.36496
456.0 6.40432
458.0 6.44928
460.0 6.5
462.0 6.55616
464.0 6.61792
466.0 6.68208
468.0 6.74384
470.0 6.8
472.0 6.85072
474.0 6.89568
476.0 6.93504
478.0 6.9696
480.0 7.0
482.0 7.02608
484.0 7.04784
486.0 7.0664
488.0 7.08336
490.0 7.1
492.0 7.11648
494.0 7.1328
496.0 7.15072
498.0 7.17264
500.0 7.2
502.0 7.23296
504.0 7.27232
506.0 7.31568
508.0 7.35904
510.0 7.4
512.0 7.43888
514.0 7.47488
516.0 7.51088
518.0 7.55168
520.0 7.6
522.0 7.65488
524.0 7.71648
526.0 7.78128
528.0 7.84368
530.0 7.9
532.0 7.95088
534.0 7.99648
536.0 8.03648
538.0 8.07088
540.0 8.1
542.0 8.12352
544.0 8.14048
546.0 8.15504
548.0 8.1736
550.0 8.2
552.0 8.23392
554.0 8.27664
556.0 8.32336
558.0 8.36608
560.0 8.4
562.0 8.42624
564.0 8.44416
566.0 8.45808
568.0 8.4752
570.0 8.5
572.0 8.53136
574.0 8.56928
576.0 8.612
578.0 8.65632
580.0 8.7
582.0 8.74336
584.0 8.7864
586.0 8.82784
588.0 8.86608
590.0 8.9
592.0 8.92944
594.0 8.95424
596.0 8.97424
598.0 8.98944
600.0 9.0
602.0 9.00592
604.0 9.00704
606.0 9.00496
608.0 9.00208
610.0 9.0
612.0 8.99888
614.0 8.99936
616.0 9.00064
618.0 9.00112
620.0 9.0
622.0 8.9976
624.0 8.99344
626.0 8.99008
628.0 8.99152
630.0 9.0
632.0 9.01504
634.0 9.03728
636.0 9.06272
638.0 9.08496
640.0 9.1
642.0 9.10848
644.0 9.10992
646.0 9.10656
648.0 9.1024
650.0 9.1
652.0 9.09872
654.0 9.09856
656.0 9.0992
658.0 9.09984
660.0 9.1
662.0 9.1
664.0 9.1
666.0 9.1
668.0 9.1
670.0 9.1
672.0 9.1
674.0 9.1
676.0 9.1
678.0 9.1
680.0 9.1
682.0 9.1
684.0 9.1
686.0 9.1
688.0 9.1
690.0 9.1
692.0 9.1
694.0 9.1
696.0 9.1
698.0 9.1
700.0 9.1
702.0 9.1
704.0 9.1
706.0 9.1
708.0 9.1
710.0 9.1
712.0 9.1
714.0 9.1
716.0 9.1
718.0 9.1
720.0 9.1
722.0 9.1
724.0 9.1
726.0 9.1
728.0 9.1
730.0 9.1
732.0 9.1
734.0 9.1
736.0 9.1
738.0 9.1
740.0 9.1
742.0 9.1
744.0 9.1
746.0 9.1
748.0 9.1
750.0 9.1
