380.0 1.6
382.0 1.6
384.0 1.6
386.0 1.6
388.0 1.6
390.0 1.6
392.0 1.6
394.0 1.6
396.0 1.6
398.0 1.6
400.0 1.6
402.0 1.6
404.0 1.6
406.0 1.6
408.0 1.6
410.0 1.6
412.0 1.60016
414.0 1.6008
416.0 1.60144
418.0 1.60128
420.0 1.6
422.0 1.59776
424.0 1.59424
426.0 1.59152
428.0 1.5928
430.0 1.6
432.0 1.6128
434.0 1.63152
436.0 1.65424
438.0 1.67776
440.0 1.7
442.0 1.72128
444.0 1.74144
446.0 1.7608
448.0 1.78016
450.0 1.8
452.0 1.81984
454.0 1.8392
456.0 1.85856
458.0 1.87872
460.0 1.9
462.0 1.92224
464.0 1.94576
466.0 1.96848
468.0 1.9872
470.0 2.0
472.0 2.0072
474.0 2.00848
476.0 2.00576
478.0 2.00224
480.0 2.0
482.0 1.99872
484.0 1.99856
486.0 1.9992
488.0 1.99984
490.0 2.0
492.0 2.0
494.0 2.0
496.0 2.0
498.0 2.0
500.0 2.0
502.0 2.0
504.0 2.0
506.0 2.0
508.0 2.0
510.0 2.0
512.0 2.0
514.0 2.0
516.0 2.0
518.0 2.0
520.0 2.0
522.0 2.0
524.0 2.0
526.0 2.0
528.0 2.0
530.0 2.0
532.0 2.0
534.0 2.0
536.0 2.0
538.0 2.0
540.0 2.0
542.0 2.0
544.0 2.0
546.0 2.0
548.0 2.0
550.0 2.0
552.0 2.0
554.0 2.0
556.0 2.0
558.0 2.0
560.0 2.0
562.0 2.00016
564.0 2.0008
566.0 2.00144
568.0 2.00128
570.0 2.0
572.0 1.9976
574.0 1.99344
576.0 1.99008
578.0 1.99152
580.0 2.0
582.0 2.01504
584.0 2.03728
586.0 2.06272
588.0 2.08496
590.0 2.1
592.0 2.10864
594.0 2.11072
596.0 2.108
598.0 2.10368
600.0 2.1
602.0 2.09648
604.0 2.0928
606.0 2.09072
608.0 2.09264
610.0 2.1
612.0 2.1128
614.0 2.13152
616.0 2.15424
618.0 2.17776
620.0 2.2
622.0 2.22128
624.0 2.24144
626.0 2.2608
628.0 2.28016
630.0 2.3
632.0 2.32
634.0 2.34
636.0 2.36
638.0 2.38
640.0 2.4
642.0 2.42
644.0 2.44
646.0 2.46
648.0 2.48
650.0 2.5
652.0 2.52
654.0 2.54
656.0 2.56
658.0 2.58
660.0 2.6
662.0 2.62
664.0 2.64
666.0 2.66
668.0 2.68
670.0 2.7
672.0 2.72
674.0 2.74
676.0 2.76
678.0 2.78
680.0 2.8
682.0 2.81984
684.0 2.8392
686.0 2.85856
688.0 2.87872
690.0 2.9
692.0 2.92224
694.0 2.94576
696.0 2.96848
698.0 2.9872
700.0 3.0
702.0 3.0072
704.0 3.00848
706.0 3.00576
708.0 3.00224
710.0 3.0
712.0 2.99872
714.0 2.99856
716.0 2.9992
718.0 2.99984
720.0 3.0
722.0 3.0
724.0 3.0
726.0 3.0
728.0 3.0
730.0 3.0
732.0 3.0
734.0 3.0
736.0 3.0
738.0 3.0
740.0 3.0
742.0 3.0
744.0 3.0
746.0 3.0
748.0 3.0
750.0 3.0
