380.0 3.1
382.0 3.10886507177
384.0 3.1195077512
386.0 3.13071311005
388.0 3.12639311005
390.0 3.1
392.0 3.06523942584
394.0 3.02677435407
396.0 3.00383464115
398.0 3.02329492823
400.0 3.1
402.0 3.23344
404.0 3.43136
406.0 3.65888
408.0 3.86
410.0 4.0
412.0 4.08496
414.0 4.11088
416.0 4.0992
418.0 4.08752
420.0 4.1
422.0 4.1304
424.0 4.1776
426.0 4.2408
428.0 4.316
430.0 4.4
432.0 4.49472
434.0 4.6024
436.0 4.71408
438.0 4.81616
440.0 4.9
442.0 4.96624
444.0 5.01328
446.0 5.04592
448.0 5.07296
450.0 5.1
452.0 5.12544
454.0 5.14912
456.0 5.1704
458.0 5.18768
460.0 5.2
462.0 5.208
464.0 5.212
466.0 5.212
468.0 5.208
470.0 5.2
472.0 5.188
474.0 5.172
476.0 5.152
478.0 5.128
480.0 5.1
482.0 5.06864
484.0 5.0352
486.0 4.99776
488.0 4.95312
490.0 4.9
492.0 4.84144
494.0 4.78096
496.0 4.71968
498.0 4.6584
500.0 4.6
502.0 4.54688
504.0 4.49808
506.0 4.47328
508.0 4.50128
510.0 4.6
512.0 4.76704
514.0 5.00368
516.0 5.29952
518.0 5.63616
520.0 6.0
522.0 6.392
524.0 6.81232
526.0 7.24784
528.0 7.68096
530.0 8.1
532.0 8.50048
534.0 8.87264
536.0 9.2312
538.0 9.60256
540.0 10.0
542.0 10.41616
544.0 10.8528
546.0 11.27664
548.0 11.63648
550.0 11.9
552.0 12.0712
554.0 12.14624
556.0 12.14128
558.0 12.08592
560.0 12.0
562.0 11.88224
564.0 11.73808
566.0 11.56432
568.0 11.35216
570.0 11.1
572.0 10.81344
574.0 10.48992
576.0 10.1648
578.0 9.89088
580.0 9.7
582.0 9.588
584.0 9.5608
586.0 9.5864
588.0 9.6112
590.0 9.6
592.0 9.5592
594.0 9.4888
596.0 9.3872
598.0 9.2568
600.0 9.1
602.0 8.91424
604.0 8.6968
606.0 8.46016
608.0 8.22352
610.0 8.0
612.0 7.78944
614.0 7.59376
616.0 7.41408
618.0 7.2496
620.0 7.1
622.0 6.96832
624.0 6.85808
626.0 6.76464
628.0 6.68
630.0 6.6
632.0 6.5256
634.0 6.45424
636.0 6.39808
638.0 6.37632
640.0 6.4
642.0 6.46624
644.0 6.57648
646.0 6.71632
648.0 6.86256
650.0 7.0
652.0 7.13024
654.0 7.25152
656.0 7.3664
658.0 7.48128
660.0 7.6
662.0 7.72
664.0 7.84
666.0 7.96
668.0 8.08
670.0 8.2
672.0 8.32
674.0 8.44
676.0 8.56
678.0 8.68
680.0 8.8
682.0 8.91904
684.0 9.0352
686.0 9.15136
688.0 9.27232
690.0 9.4
692.0 9.53344
694.0 9.67456
696.0 9.81088
698.0 9.9232
700.0 10.0
702.0 10.0432
704.0 10.05088
706.0 10.03456
708.0 10.01344
710.0 10.0
712.0 9.99232
714.0 9.99136
716.0 9.9952
718.0 9.99904
720.0 10.0
722.0 10.0
724.0 10.0
726.0 10.0
728.0 10.0
730.0 10.0
732.0 10.0
734.0 10.0
736.0 10.0
738.0 10.0
740.0 10.0
742.0 10.0
744.0 10.0
746.0 10.0
748.0 10.0
750.0 10.0
