380.0 10.9
382.0 10.8972899522
384.0 10.8943548325
386.0 10.8918445933
388.0 10.8932845933
390.0 10.9
392.0 10.9093603828
394.0 10.9208704306
396.0 10.9284302392
398.0 10.9231900478
400.0 10.9
402.0 10.86032
404.0 10.80448
406.0 10.73744
408.0 10.6672
410.0 10.6
412.0 10.53568
414.0 10.47344
416.0 10.4224
418.0 10.39536
420.0 10.4
422.0 10.43648
424.0 10.508
426.0 10.60352
428.0 10.70464
430.0 10.8
432.0 10.89136
434.0 10.97632
436.0 11.06368
438.0 11.16864
440.0 11.3
442.0 11.45456
444.0 11.63248
446.0 11.8248
448.0 12.01712
450.0 12.2
452.0 12.37392
454.0 12.5368
456.0 12.69168
458.0 12.84496
460.0 13.0
462.0 13.15456
464.0 13.30848
466.0 13.456
468.0 13.58832
470.0 13.7
472.0 13.792
474.0 13.864
476.0 13.9192
478.0 13.9632
480.0 14.0
482.0 14.02976
484.0 14.0536
486.0 14.07264
488.0 14.08768
490.0 14.1
492.0 14.1104
494.0 14.11824
496.0 14.13008
498.0 14.15552
500.0 14.2
502.0 14.26272
504.0 14.34528
506.0 14.43824
508.0 14.5264
510.0 14.6
512.0 14.66048
514.0 14.70704
516.0 14.7424
518.0 14.77216
520.0 14.8
522.0 14.82464
524.0 14.8456
526.0 14.86416
528.0 14.88192
530.0 14.9
532.0 14.9184
534.0 14.93696
536.0 14.95632
538.0 14.97728
540.0 15.0
542.0 15.02464
544.0 15.05232
546.0 15.0784
548.0 15.09568
550.0 15.1
552.0 15.09232
554.0 15.072
556.0 15.04448
558.0 15.01856
560.0 15.0
562.0 14.9888
564.0 14.98688
566.0 14.99136
568.0 14.99664
570.0 15.0
572.0 15.00256
574.0 15.00256
576.0 15.00976
578.0 15.03936
580.0 15.1
582.0 15.18992
584.0 15.31136
586.0 15.4504
588.0 15.58464
590.0 15.7
592.0 15.79824
594.0 15.8768
596.0 15.94416
598.0 16.01552
600.0 16.1
602.0 16.19456
604.0 16.29936
606.0 16.40816
608.0 16.51056
610.0 16.6
612.0 16.67808
614.0 16.74496
616.0 16.80224
618.0 16.85312
620.0 16.9
622.0 16.94224
624.0 16.97904
626.0 17.01424
628.0 17.05344
630.0 17.1
632.0 17.15376
634.0 17.21584
636.0 17.28192
638.0 17.3448
640.0 17.4
642.0 17.44848
644.0 17.48992
646.0 17.52656
648.0 17.5624
650.0 17.6
652.0 17.63872
654.0 17.67856
656.0 17.7192
658.0 17.75984
660.0 17.8
662.0 17.84
664.0 17.88
666.0 17.92
668.0 17.96
670.0 18.0
672.0 18.04
674.0 18.08
676.0 18.12
678.0 18.16
680.0 18.2
682.0 18.23968
684.0 18.2784
686.0 18.31712
688.0 18.35744
690.0 18.4
692.0 18.44448
694.0 18.49152
696.0 18.53696
698.0 18.5744
700.0 18.6
702.0 18.6144
704.0 18.61696
706.0 18.61152
708.0 18.60448
710.0 18.6
712.0 18.59744
714.0 18.59712
716.0 18.5984
718.0 18.59968
720.0 18.6
722.0 18.6
724.0 18.6
726.0 18.6
728.0 18.6
730.0 18.6
732.0 18.6
734.0 18.6
736.0 18.6
738.0 18.6
740.0 18.6
742.0 18.6
744.0 18.6
746.0 18.6
748.0 18.6
750.0 18.6
