380.0 16.1
382.0 16.1117190431
384.0 16.1243766507
386.0 16.135131866
388.0 16.128891866
390.0 16.1
392.0 16.0606476555
394.0 16.0148486124
396.0 15.9860447847
398.0 16.0076409569
400.0 16.1
402.0 16.2616
404.0 16.49664
406.0 16.78528
408.0 17.09392
410.0 17.4
412.0 17.70672
414.0 18.01328
416.0 18.31584
418.0 18.612
420.0 18.9
422.0 19.17712
424.0 19.44064
426.0 19.69456
428.0 19.94608
430.0 20.2
432.0 20.45456
434.0 20.70816
436.0 20.96416
438.0 21.22736
440.0 21.5
442.0 21.78096
444.0 22.07056
446.0 22.36096
448.0 22.64016
450.0 22.9
452.0 23.14144
454.0 23.36496
456.0 23.56768
458.0 23.7464
460.0 23.9
462.0 24.0288
464.0 24.13168
466.0 24.21856
468.0 24.30464
470.0 24.4
472.0 24.50512
474.0 24.62336
476.0 24.7504
478.0 24.87744
480.0 25.0
482.0 25.12128
484.0 25.2416
486.0 25.36992
488.0 25.51984
490.0 25.7
492.0 25.90976
494.0 26.15072
496.0 26.41808
498.0 26.70304
500.0 27.0
502.0 27.30912
504.0 27.62768
506.0 27.96064
508.0 28.3168
510.0 28.7
512.0 29.10752
514.0 29.54064
516.0 29.98256
518.0 30.40768
520.0 30.8
522.0 31.16064
524.0 31.48576
526.0 31.78768
528.0 32.088
530.0 32.4
532.0 32.72016
534.0 33.04928
536.0 33.38
538.0 33.69952
540.0 34.0
542.0 34.28352
544.0 34.5496
546.0 34.80288
548.0 35.05136
550.0 35.3
552.0 35.54768
554.0 35.79488
556.0 36.03888
558.0 36.27488
560.0 36.5
562.0 36.71536
564.0 36.92128
566.0 37.1192
568.0 37.31152
570.0 37.5
572.0 37.68448
574.0 37.8648
576.0 38.04272
578.0 38.22064
580.0 38.4
582.0 38.58112
584.0 38.76512
586.0 38.94912
588.0 39.12832
590.0 39.3
592.0 39.46448
594.0 39.62032
596.0 39.77296
598.0 39.9312
600.0 40.1
602.0 40.27824
604.0 40.46736
606.0 40.65888
608.0 40.8392
610.0 41.0
612.0 41.14288
614.0 41.26688
616.0 41.37808
618.0 41.48688
620.0 41.6
622.0 41.71568
624.0 41.83328
626.0 41.95328
628.0 42.07568
630.0 42.2
632.0 42.32672
634.0 42.45728
636.0 42.58544
638.0 42.7016
640.0 42.8
642.0 42.88144
644.0 42.94464
646.0 42.99584
648.0 43.04544
650.0 43.1
652.0 43.15856
654.0 43.22224
656.0 43.28752
658.0 43.348
660.0 43.4
662.0 43.44464
664.0 43.48112
666.0 43.5144
668.0 43.55248
670.0 43.6
672.0 43.65616
674.0 43.7224
676.0 43.79184
678.0 43.85328
680.0 43.9
682.0 43.93312
684.0 43.95104
686.0 43.96096
688.0 43.97488
690.0 44.0
692.0 44.03472
694.0 44.08016
696.0 44.1296
698.0 44.17184
700.0 44.2
702.0 44.21568
704.0 44.2184
706.0 44.21232
708.0 44.20464
710.0 44.2
712.0 44.19744
714.0 44.19712
716.0 44.1984
718.0 44.19968
720.0 44.2
722.0 44.2
724.0 44.2
726.0 44.2
728.0 44.2
730.0 44.2
732.0 44.2
734.0 44.2
736.0 44.2
738.0 44.2
740.0 44.2
742.0 44.2
744.0 44.2
746.0 44.2
748.0 44.2
750.0 44.2
