380.0 12.207844
382.0 12.2080040762
384.0 12.2082327565
386.0 12.2074781116
388.0 12.2076153197
390.0 12.207844
392.0 12.209835424
394.0 12.2110302784
396.0 12.2022514176
398.0 12.1865855488
400.0 12.207844
402.0 12.2869035328
404.0 12.4021571968
406.0 12.5083996672
408.0 12.6023450944
410.0 12.695328
412.0 12.7931069184
414.0 12.8899565056
416.0 12.9749239296
418.0 13.0511622784
420.0 13.162068
422.0 13.3314552064
424.0 13.5350119296
426.0 13.7166132032
428.0 13.8782172608
430.0 14.095548
432.0 14.4035383168
434.0 14.7678859328
436.0 15.120135648
438.0 15.4559063296
440.0 15.796556
442.0 16.1485899776
444.0 16.5072288448
446.0 16.8709624384
448.0 17.237268288
450.0 17.58054
452.0 17.887219296
454.0 18.1714286912
456.0 18.4652633024
458.0 18.7689886528
460.0 19.053364
462.0 19.3048476608
464.0 19.5367157952
466.0 19.7751390336
468.0 20.0208143744
470.0 20.256516
472.0 20.4757717824
474.0 20.6835270912
476.0 20.8864863872
478.0 21.0871389504
480.0 21.304088
482.0 21.5479876544
484.0 21.808913984
486.0 22.0626214016
488.0 22.3097405248
490.0 22.579844
492.0 22.8854280128
494.0 23.2139631872
496.0 23.5425149568
498.0 23.8675651392
500.0 24.177132
502.0 24.4607605632
504.0 24.73016704
506.0 25.018840544
508.0 25.3221344192
510.0 25.556608
512.0 25.6803418112
514.0 25.7367820864
516.0 25.819890848
518.0 25.9311284736
520.0 25.992232
522.0 25.9696293376
524.0 25.8943369152
526.0 25.8222473664
528.0 25.7591026304
530.0 25.712188
532.0 25.6893198144
534.0 25.6807235008
536.0 25.65659408
538.0 25.6190225472
540.0 25.61884
542.0 25.6807566912
544.0 25.7806929856
546.0 25.8680501184
548.0 25.9412349504
550.0 26.03372
552.0 26.1591299264
554.0 26.3042051648
556.0 26.446691552
558.0 26.5837015232
560.0 26.7079
562.0 26.8192703872
564.0 26.9165348544
566.0 26.9921425856
568.0 27.054158848
570.0 27.195384
572.0 27.474349312
574.0 27.8275117632
576.0 28.097416096
578.0 28.2990643712
580.0 28.751184
582.0 29.6049406592
584.0 30.7091354816
586.0 31.751679136
588.0 32.7146819968
590.0 33.719372
592.0 34.8066729088
594.0 35.9435602752
596.0 37.0996316928
598.0 38.2610799552
600.0 39.30988
602.0 40.1819743552
604.0 40.9447395328
606.0 41.7543695552
608.0 42.6113954688
610.0 43.365332
612.0 43.9454006208
614.0 44.4214837184
616.0 44.933744352
618.0 45.4851364672
620.0 45.968704
622.0 46.3368021312
624.0 46.6345200192
626.0 46.9464433984
628.0 47.27682064
630.0 47.586736
632.0 47.860307872
634.0 48.1127872448
636.0 48.3688345856
638.0 48.6298438912
640.0 48.883236
642.0 49.1228043072
644.0 49.3554856064
646.0 49.595253056
648.0 49.8409118016
650.0 50.065644
652.0 50.2573683456
654.0 50.4271040512
656.0 50.5964912576
658.0 50.7680524352
660.0 50.947264
662.0 51.1380424192
664.0 51.3366039872
666.0 51.5319792768
668.0 51.7241350976
670.0 51.922232
672.0 52.1298877376
674.0 52.3438164608
676.0 52.5586911104
678.0 52.773316832
680.0 52.980176
682.0 53.174588768
684.0 53.361699648
686.0 53.5543533248
688.0 53.7517864192
690.0 53.9344
692.0 54.0902455232
694.0 54.231537056
696.0 54.387946816
698.0 54.5561557632
700.0 54.670812
702.0 54.7014467392
704.0 54.6789270528
706.0 54.666165344
708.0 54.66790784
710.0 54.670812
712.0 54.670812
714.0 54.670812
716.0 54.670812
718.0 54.670812
720.0 54.670812
722.0 54.670812
724.0 54.670812
726.0 54.670812
728.0 54.670812
730.0 54.670812
732.0 54.670812
734.0 54.670812
736.0 54.670812
738.0 54.670812
740.0 54.670812
742.0 54.670812
744.0 54.670812
746.0 54.670812
748.0 54.670812
750.0 54.670812
