380.0 12.923512
382.0 12.9237321048
384.0 12.9240465401
386.0 12.9230089034
388.0 12.9231975646
390.0 12.923512
392.0 12.926250208
394.0 12.9278931328
396.0 12.9158450176
398.0 12.8944869952
400.0 12.923512
402.0 13.0310654912
404.0 13.1891347712
406.0 13.339553664
408.0 13.4774099904
410.0 13.608064
412.0 13.7334739264
414.0 13.8521462016
416.0 13.9640476352
418.0 14.0721321728
420.0 14.20964
422.0 14.3954896448
424.0 14.6087711552
426.0 14.800346144
428.0 14.972106464
430.0 15.19498
432.0 15.501493344
434.0 15.859783712
436.0 16.2065570112
438.0 16.5372661568
440.0 16.864872
442.0 17.1920297728
444.0 17.518473952
446.0 17.851705568
448.0 18.1897331968
450.0 18.503648
452.0 18.7789457728
454.0 19.0296660544
456.0 19.2864103936
458.0 19.5501081216
460.0 19.800148
462.0 20.0270541696
464.0 20.2408003456
466.0 20.4607033408
468.0 20.6868627264
470.0 20.89958
472.0 21.0905409664
474.0 21.2675619648
476.0 21.4446161536
478.0 21.6235953856
480.0 21.812316
482.0 22.0163207936
484.0 22.2285402112
486.0 22.4306033664
488.0 22.6236055424
490.0 22.839144
492.0 23.0919220864
494.0 23.3674355968
496.0 23.6363608128
498.0 23.8967063104
500.0 24.156388
502.0 24.4153063104
504.0 24.6752203328
506.0 24.9472820416
508.0 25.2267452096
510.0 25.452888
512.0 25.5939140096
514.0 25.6820179264
516.0 25.7895382272
518.0 25.9167072448
520.0 25.992232
522.0 25.9847475648
524.0 25.9258180096
526.0 25.8750201024
528.0 25.837564736
530.0 25.805536
532.0 25.780145344
534.0 25.7586877504
536.0 25.7249165184
538.0 25.682814496
540.0 25.691444
542.0 25.779315584
544.0 25.917055744
546.0 26.0426980032
548.0 26.1526909888
550.0 26.272276
552.0 26.4093357568
554.0 26.557879392
556.0 26.7144053184
558.0 26.8747979264
560.0 26.998316
562.0 27.0688787904
564.0 27.1012726208
566.0 27.1213528128
568.0 27.1384126784
570.0 27.2265
572.0 27.4344710464
574.0 27.7078935616
576.0 27.9085959104
578.0 28.0495887296
580.0 28.408908
582.0 29.1178217536
584.0 30.0459249088
586.0 30.9251054144
588.0 31.738900832
590.0 32.578452
592.0 33.471771616
594.0 34.3980161088
596.0 35.3484729984
598.0 36.3108286464
600.0 37.162876
602.0 37.8403252544
604.0 38.409258496
606.0 39.0194805952
608.0 39.6729165952
610.0 40.24336
612.0 40.6730263232
614.0 41.0175094848
616.0 41.3848442368
618.0 41.7788474752
620.0 42.131064
622.0 42.4119543552
624.0 42.6509252352
626.0 42.9008821376
628.0 43.1646794368
630.0 43.417192
632.0 43.6479316608
634.0 43.866590016
636.0 44.089131648
638.0 44.3158884608
640.0 44.537368
642.0 44.7486912768
644.0 44.9533432832
646.0 45.1588250496
648.0 45.3643400064
650.0 45.553824
652.0 45.7198921664
654.0 45.871290176
656.0 46.025708512
658.0 46.1846407424
660.0 46.342096
662.0 46.4959666944
664.0 46.6487255104
666.0 46.8035753216
668.0 46.9607816512
670.0 47.119996
672.0 47.2810690112
674.0 47.4433866624
676.0 47.6055383616
678.0 47.767291776
680.0 47.929012
682.0 48.089736512
684.0 48.2508924992
686.0 48.4174253312
688.0 48.587509536
690.0 48.738028
692.0 48.85585392
694.0 48.9542136704
696.0 49.0643892032
698.0 49.1847873792
700.0 49.267
702.0 49.2888392832
704.0 49.2727917248
706.0 49.26368096
708.0 49.2649256
710.0 49.267
712.0 49.267
714.0 49.267
716.0 49.267
718.0 49.267
720.0 49.267
722.0 49.267
724.0 49.267
726.0 49.267
728.0 49.267
730.0 49.267
732.0 49.267
734.0 49.267
736.0 49.267
738.0 49.267
740.0 49.267
742.0 49.267
744.0 49.267
746.0 49.267
748.0 49.267
750.0 49.267
