380.0 9.303684
382.0 9.30385741587
384.0 9.30410515283
386.0 9.30328762087
388.0 9.30343626304
390.0 9.303684
392.0 9.305841376
394.0 9.3071358016
396.0 9.297626752
398.0 9.2806664576
400.0 9.303684
402.0 9.3892820416
404.0 9.5141277312
406.0 9.6293979904
408.0 9.7315414464
410.0 9.832656
412.0 9.9382346624
414.0 10.043083136
416.0 10.1385221312
418.0 10.2268085952
420.0 10.340884
422.0 10.4988039232
424.0 10.681583456
426.0 10.8456104128
428.0 10.9924447424
430.0 11.181016
432.0 11.4384407424
434.0 11.738863648
436.0 12.030856192
438.0 12.3109333824
440.0 12.591608
442.0 12.8761658944
444.0 13.1625824512
446.0 13.4528490944
448.0 13.7454058752
450.0 14.022944
452.0 14.2765352512
454.0 14.5146431808
456.0 14.7562361024
458.0 15.0016127296
460.0 15.236468
462.0 15.4541638336
464.0 15.6612055488
466.0 15.8703548544
468.0 16.081744512
470.0 16.28404
472.0 16.472976352
474.0 16.6523206784
476.0 16.8277153472
478.0 17.0012181632
480.0 17.186404
482.0 17.3910394112
484.0 17.6082871744
486.0 17.8212201856
488.0 18.030103968
490.0 18.25472
492.0 18.503565024
494.0 18.7670802048
496.0 19.0273261312
498.0 19.2823445696
500.0 19.530476
502.0 19.7678371456
504.0 20.000369088
506.0 20.2463431424
508.0 20.5023075072
510.0 20.712884
512.0 20.8499769472
514.0 20.9415824512
516.0 21.0489533952
518.0 21.1729195392
520.0 21.2626
522.0 21.2961388992
524.0 21.2942304512
526.0 21.2943964032
528.0 21.3004536512
530.0 21.31446
532.0 21.3410289152
534.0 21.3746839808
536.0 21.3964236928
538.0 21.4089032832
540.0 21.459668
542.0 21.5716192192
544.0 21.7210589952
546.0 21.8583344896
548.0 21.9811555648
550.0 22.113104
552.0 22.2628590848
554.0 22.424429952
556.0 22.5911121408
558.0 22.760482752
560.0 22.911748
562.0 23.037622592
564.0 23.1436327296
566.0 23.2373624192
568.0 23.3252505984
570.0 23.471836
572.0 23.7190546944
574.0 24.0196933376
576.0 24.2555111296
578.0 24.4379587584
580.0 24.809824
582.0 25.4863605184
584.0 26.3528125056
586.0 27.1721009344
588.0 27.9306841216
590.0 28.720068
592.0 29.5714515456
594.0 30.4594772928
596.0 31.3598332736
598.0 32.2627947008
600.0 33.08668
602.0 33.7870638208
604.0 34.4114582208
606.0 35.0700387328
608.0 35.7633032128
610.0 36.384976
612.0 36.8848898048
614.0 37.31264768
616.0 37.7680365632
618.0 38.2528155456
620.0 38.68756
622.0 39.0368557696
624.0 39.3340592064
626.0 39.6419333568
628.0 39.9638304512
630.0 40.274476
632.0 40.5636639552
634.0 40.8406378432
636.0 41.11958656
638.0 41.4009083904
640.0 41.674696
642.0 41.9356057344
644.0 42.1891803904
646.0 42.44761744
648.0 42.7097220288
650.0 42.950452
652.0 43.1586221888
654.0 43.345085856
656.0 43.5310682624
658.0 43.7190918784
660.0 43.915048
662.0 44.1230190464
664.0 44.3383251712
666.0 44.5482046656
668.0 44.752524768
670.0 44.96262
672.0 45.183253184
674.0 45.4099602112
676.0 45.6348583616
678.0 45.8569851136
680.0 46.072424
682.0 46.2781712896
684.0 46.4784587584
686.0 46.6843222144
688.0 46.8949318976
690.0 47.08888
692.0 47.2530563136
694.0 47.40169952
696.0 47.5692114688
698.0 47.7520075968
700.0 47.877152
702.0 47.9105747328
704.0 47.8859806464
706.0 47.8721070592
708.0 47.873998912
710.0 47.877152
712.0 47.877152
714.0 47.877152
716.0 47.877152
718.0 47.877152
720.0 47.877152
722.0 47.877152
724.0 47.877152
726.0 47.877152
728.0 47.877152
730.0 47.877152
732.0 47.877152
734.0 47.877152
736.0 47.877152
738.0 47.877152
740.0 47.877152
742.0 47.877152
744.0 47.877152
746.0 47.877152
748.0 47.877152
750.0 47.877152
