380.0 10.973576
382.0 10.9738027746
384.0 10.9741267383
386.0 10.9730576581
388.0 10.9732520363
390.0 10.973576
392.0 10.976397184
394.0 10.9780898944
396.0 10.96569328
398.0 10.9438208064
400.0 10.973576
402.0 11.0838013184
404.0 11.2465172544
406.0 11.4035078464
408.0 11.5496285824
410.0 11.689244
412.0 11.8233664064
414.0 11.9501537344
416.0 12.0697221504
418.0 12.1843949824
420.0 12.321936
422.0 12.4979612864
424.0 12.6958922368
426.0 12.8768628928
428.0 13.0422008704
430.0 13.245044
432.0 13.5094387264
434.0 13.8119692224
436.0 14.10674976
438.0 14.3899302528
440.0 14.666008
442.0 14.9345017408
444.0 15.1971207808
446.0 15.4635069312
448.0 15.7326976704
450.0 15.983252
452.0 16.2052459904
454.0 16.4092009984
456.0 16.6164086656
458.0 16.8284621312
460.0 17.041196
462.0 17.2528843712
464.0 17.4643238144
466.0 17.6760287808
468.0 17.8872027008
470.0 18.088768
472.0 18.2771899008
474.0 18.456434656
476.0 18.6335220352
478.0 18.8105430336
480.0 19.001504
482.0 19.2162956736
484.0 19.4436996992
486.0 19.6544587392
488.0 19.8518918336
490.0 20.100936
492.0 20.4339684736
494.0 20.8181141632
496.0 21.1827107072
498.0 21.5264304896
500.0 21.905664
502.0 22.3429973056
504.0 22.8178025728
506.0 23.2962089984
508.0 23.771711264
510.0 24.208248
512.0 24.583880352
514.0 24.9226049792
516.0 25.2841314112
518.0 25.666634176
520.0 25.992232
522.0 26.224232896
524.0 26.398233568
526.0 26.5865558976
528.0 26.7924857344
530.0 26.977572
532.0 27.1269619904
534.0 27.2553424576
536.0 27.3851998976
538.0 27.5198533504
540.0 27.672496
542.0 27.8508446144
544.0 28.0450250496
546.0 28.2310738368
548.0 28.4082607872
550.0 28.595604
552.0 28.8010691712
554.0 29.0172216512
556.0 29.2311337792
558.0 29.4413119872
560.0 29.643176
562.0 29.8365266752
564.0 30.0215631552
566.0 30.1958625408
568.0 30.3640382976
570.0 30.576656
572.0 30.8659601216
574.0 31.1964203392
576.0 31.479683808
578.0 31.7242804608
580.0 32.111712
582.0 32.7272943488
584.0 33.4856783936
586.0 34.212000512
588.0 34.8948432064
590.0 35.586332
592.0 36.3018672384
594.0 37.0312262784
596.0 37.7748074048
598.0 38.526337632
600.0 39.216532
602.0 39.808814688
604.0 40.3412218944
606.0 40.8998495168
608.0 41.4852286016
610.0 42.016972
612.0 42.4571264896
614.0 42.8432138176
616.0 43.250659168
618.0 43.6806573952
620.0 44.070628
622.0 44.3925084992
624.0 44.6733988544
626.0 44.9648105664
628.0 45.2693988672
630.0 45.564196
632.0 45.8396099392
634.0 46.1045025216
636.0 46.3734277376
638.0 46.6465515392
640.0 46.912556
642.0 47.1654834432
644.0 47.4107273088
646.0 47.6601365696
648.0 47.9127818944
650.0 48.146824
652.0 48.3523887424
654.0 48.5398481216
656.0 48.7297469952
658.0 48.9240435968
660.0 49.121792
662.0 49.3234070848
664.0 49.528042496
666.0 49.7316987904
668.0 49.9342432064
670.0 50.138248
672.0 50.3445595264
674.0 50.5524973824
676.0 50.76139776
678.0 50.9707296128
680.0 51.175448
682.0 51.3720845248
684.0 51.5645390592
686.0 51.7628185088
688.0 51.9657280192
690.0 52.150416
692.0 52.3032743872
694.0 52.4389733376
696.0 52.5925785088
698.0 52.761036384
700.0 52.876456
702.0 52.907240096
704.0 52.884587648
706.0 52.871809344
708.0 52.87355184
710.0 52.876456
712.0 52.876456
714.0 52.876456
716.0 52.876456
718.0 52.876456
720.0 52.876456
722.0 52.876456
724.0 52.876456
726.0 52.876456
728.0 52.876456
730.0 52.876456
732.0 52.876456
734.0 52.876456
736.0 52.876456
738.0 52.876456
740.0 52.876456
742.0 52.876456
744.0 52.876456
746.0 52.876456
748.0 52.876456
750.0 52.876456
