380.0 10.019352
382.0 10.0194920667
384.0 10.0196921619
386.0 10.0190318476
388.0 10.0191519048
390.0 10.019352
392.0 10.021094496
394.0 10.0221399936
396.0 10.014456416
398.0 10.0007321856
400.0 10.019352
402.0 10.0889356736
404.0 10.1900004416
406.0 10.2812408512
408.0 10.360300384
410.0 10.444604
412.0 10.542681632
414.0 10.646069728
416.0 10.738090112
418.0 10.820734208
420.0 10.932088
422.0 11.092065728
424.0 11.280089344
426.0 11.450439072
428.0 11.60377872
430.0 11.792964
432.0 12.04230688
434.0 12.327993248
436.0 12.602892736
438.0 12.864350112
440.0 13.130952
442.0 13.409087552
444.0 13.69352928
446.0 13.979049696
448.0 14.263657376
450.0 14.531172
452.0 14.772715136
454.0 14.997663072
456.0 15.2279380672
458.0 15.4636396928
460.0 15.682464
462.0 15.8746198208
464.0 16.0502302272
466.0 16.2284128896
468.0 16.4108605184
470.0 16.5952
472.0 16.7816802624
474.0 16.96942176
476.0 17.1535620992
478.0 17.3350306112
480.0 17.52868
482.0 17.7417789632
484.0 17.9669924224
486.0 18.188671104
488.0 18.4059520576
490.0 18.628112
492.0 18.8585861376
494.0 19.0929103616
496.0 19.3239985216
498.0 19.5506889536
500.0 19.769032
502.0 19.9748622656
504.0 20.174037856
506.0 20.3829382336
508.0 20.598874976
510.0 20.775116
512.0 20.887631456
514.0 20.9611150016
516.0 21.0499822976
518.0 21.154565248
520.0 21.221112
522.0 21.22609056
524.0 21.1934975872
526.0 21.1683890496
528.0 21.1546150336
530.0 21.148508
532.0 21.1527895616
534.0 21.161286304
536.0 21.1520095872
538.0 21.1288758784
540.0 21.15888
542.0 21.2739179264
544.0 21.442160064
546.0 21.5973417792
548.0 21.7350819392
550.0 21.874548
552.0 22.0211831872
554.0 22.171270176
556.0 22.3255059648
558.0 22.4814676544
560.0 22.61096
562.0 22.7050879744
564.0 22.771684512
566.0 22.8197110208
568.0 22.8588590976
570.0 22.984352
572.0 23.2511696256
574.0 23.5996522304
576.0 23.8877780928
578.0 24.1215546752
580.0 24.509036
582.0 25.1481337472
584.0 25.941865568
586.0 26.6928481536
588.0 27.3912571456
590.0 28.128864
592.0 28.9384276416
594.0 29.7923004672
596.0 30.6575078144
598.0 31.5235283264
600.0 32.30878
602.0 32.9680575104
604.0 33.550017984
606.0 34.168935968
608.0 34.8246455104
610.0 35.399636
612.0 35.8392760384
614.0 36.1972676928
616.0 36.5804508608
618.0 36.9928083904
620.0 37.370316
622.0 37.6857409664
624.0 37.9646233024
626.0 38.2515377152
628.0 38.5493717696
630.0 38.84314
632.0 39.1258890176
634.0 39.4050700672
636.0 39.694390784
638.0 39.9920920768
640.0 40.264104
642.0 40.4935990208
644.0 40.6976038144
646.0 40.9124618688
648.0 41.1390361344
650.0 41.353164
652.0 41.5452036544
654.0 41.7224403904
656.0 41.8959598016
658.0 42.0681847872
660.0 42.255528
662.0 42.4663036352
664.0 42.6926953536
666.0 42.9169960768
668.0 43.137811808
670.0 43.35496
672.0 43.566631776
674.0 43.7761295808
676.0 43.993792224
678.0 44.2180597568
680.0 44.423276
682.0 44.5973430528
684.0 44.7507988672
686.0 44.9053831552
688.0 45.0627554368
690.0 45.22192
692.0 45.3801386368
694.0 45.5409793152
696.0 45.714963392
698.0 45.897012736
700.0 46.020564
702.0 46.053837376
704.0 46.0293760512
706.0 46.0155190592
708.0 46.017410912
710.0 46.020564
712.0 46.020564
714.0 46.020564
716.0 46.020564
718.0 46.020564
720.0 46.020564
722.0 46.020564
724.0 46.020564
726.0 46.020564
728.0 46.020564
730.0 46.020564
732.0 46.020564
734.0 46.020564
736.0 46.020564
738.0 46.020564
740.0 46.020564
742.0 46.020564
744.0 46.020564
746.0 46.020564
748.0 46.020564
750.0 46.020564
