380.0 18.82518
382.0 18.8255535111
384.0 18.8260870984
386.0 18.8243262603
388.0 18.8246464127
390.0 18.82518
392.0 18.829826656
394.0 18.8326146496
396.0 18.8121693632
398.0 18.7759254464
400.0 18.82518
402.0 19.0065157504
404.0 19.2740469696
406.0 19.5344920384
408.0 19.7776283136
410.0 19.986844
412.0 20.1528457856
414.0 20.2858563136
416.0 20.4131912832
418.0 20.541455584
420.0 20.712884
422.0 20.95185488
424.0 21.232894592
426.0 21.4941362304
428.0 21.7362767936
430.0 22.030128
432.0 22.4068888256
434.0 22.8350947712
436.0 23.2549201408
438.0 23.660689376
440.0 24.052668
442.0 24.426640832
444.0 24.7895446656
446.0 25.1653595648
448.0 25.5516958208
450.0 25.898884
452.0 26.1826453248
454.0 26.426694336
456.0 26.6812315136
458.0 26.9478831872
460.0 27.195384
462.0 27.4103084352
464.0 27.6053186304
466.0 27.8029010816
468.0 28.004482976
470.0 28.201468
472.0 28.391151136
474.0 28.5763369728
476.0 28.7597637184
478.0 28.9427257984
480.0 29.134948
482.0 29.3438317824
484.0 29.5608472128
486.0 29.7633086528
488.0 29.9545351424
490.0 30.192892
492.0 30.5059936384
494.0 30.8663584064
496.0 31.217147744
498.0 31.5545115648
500.0 31.8939
502.0 32.2381508288
504.0 32.5864508864
506.0 32.946616512
508.0 33.3142997632
510.0 33.636396
512.0 33.8849257152
514.0 34.08820032
516.0 34.3101445248
518.0 34.5506587584
520.0 34.7462
522.0 34.8681249344
524.0 34.9442139264
526.0 35.0281026624
528.0 35.1234420864
530.0 35.21294
532.0 35.2920493184
534.0 35.365117984
536.0 35.4331085184
538.0 35.4992072
540.0 35.596704
542.0 35.742492832
544.0 35.9177547392
546.0 36.081117888
548.0 36.2311550912
550.0 36.395348
552.0 36.5850477312
554.0 36.7904963072
556.0 36.9954968128
558.0 37.1980246336
560.0 37.39106
562.0 37.5749846016
564.0 37.7479895616
566.0 37.900698592
568.0 38.0409446272
570.0 38.262308
572.0 38.6173788992
574.0 39.0503476672
576.0 39.43061008
578.0 39.7632110784
580.0 40.232988
582.0 40.9252069824
584.0 41.7561286464
586.0 42.558473376
588.0 43.3210891968
590.0 44.091372
592.0 44.8806231168
594.0 45.682685728
596.0 46.5093258304
598.0 47.3511173504
600.0 48.094964
602.0 48.6824672704
604.0 49.1738511424
606.0 49.703204832
608.0 50.2726525248
610.0 50.77094
612.0 51.1467217088
614.0 51.4502147264
616.0 51.7796958272
618.0 52.13755472
620.0 52.451204
622.0 52.688681312
624.0 52.8805550144
626.0 53.0833483584
628.0 53.30004848
630.0 53.509148
632.0 53.701818272
634.0 53.8846309952
636.0 54.0671781952
638.0 54.249459872
640.0 54.421884
642.0 54.579455424
644.0 54.7287956288
646.0 54.8841598912
648.0 55.0450835456
650.0 55.189412
652.0 55.3073706816
654.0 55.4083690688
656.0 55.5103797632
658.0 55.6154273792
660.0 55.728756
662.0 55.8539833792
664.0 55.986230528
666.0 56.1127523328
668.0 56.2334492224
670.0 56.361448
672.0 56.5021255104
674.0 56.6505031936
676.0 56.7980179264
678.0 56.9430765696
680.0 57.077116
682.0 57.1950746816
684.0 57.3024456256
686.0 57.4127705152
688.0 57.52601616
690.0 57.626832
692.0 57.70690384
694.0 57.7756411584
696.0 57.8539870976
698.0 57.9407136128
700.0 58.000224
702.0 58.0160558208
704.0 58.0044059904
706.0 57.9978342912
708.0 57.998730432
710.0 58.000224
712.0 58.000224
714.0 58.000224
716.0 58.000224
718.0 58.000224
720.0 58.000224
722.0 58.000224
724.0 58.000224
726.0 58.000224
728.0 58.000224
730.0 58.000224
732.0 58.000224
734.0 58.000224
736.0 58.000224
738.0 58.000224
740.0 58.000224
742.0 58.000224
744.0 58.000224
746.0 58.000224
748.0 58.000224
750.0 58.000224
