380.0 16.54334
382.0 16.5437335206
384.0 16.544295693
386.0 16.5424405243
388.0 16.5427778277
390.0 16.54334
392.0 16.548235584
394.0 16.5511729344
396.0 16.5296323648
398.0 16.4914468096
400.0 16.54334
402.0 16.7343175616
404.0 17.016137248
406.0 17.2908541888
408.0 17.5475819328
410.0 17.767236
412.0 17.9383988928
414.0 18.0738157248
416.0 18.20783856
418.0 18.3460433856
420.0 18.51402
422.0 18.7278159616
424.0 18.9696910016
426.0 19.194589152
428.0 19.4037052672
430.0 19.65494
432.0 19.9742482432
434.0 20.3364716736
436.0 20.6928369984
438.0 21.0387639424
440.0 21.376692
442.0 21.7037336064
444.0 22.0231082304
446.0 22.3501996224
448.0 22.6820206464
450.0 22.97398
452.0 23.2041886144
454.0 23.3947678912
456.0 23.5929643648
458.0 23.8007362688
460.0 23.990436
462.0 24.1508120128
464.0 24.2929167104
466.0 24.4351209792
468.0 24.579482624
470.0 24.726848
472.0 24.879191936
474.0 25.0345727936
476.0 25.185539328
478.0 25.3331204416
480.0 25.494376
482.0 25.6792133376
484.0 25.8770281216
486.0 26.0627450048
488.0 26.2381230784
490.0 26.4486
492.0 26.7156499584
494.0 27.0172013376
496.0 27.3079492416
498.0 27.5854043904
500.0 27.869564
502.0 28.1668172224
504.0 28.4722020928
506.0 28.7821174528
508.0 29.0932442624
510.0 29.373504
512.0 29.6052891584
514.0 29.8071697664
516.0 30.0223099392
518.0 30.2502782016
520.0 30.44182
522.0 30.5743824576
524.0 30.670750784
526.0 30.7758481856
528.0 30.892296704
530.0 31.001908
532.0 31.0994048
534.0 31.1885376192
536.0 31.2699536704
538.0 31.3472375168
540.0 31.458276
542.0 31.6226348608
544.0 31.8201177408
546.0 32.005585696
548.0 32.1779766336
550.0 32.371012
552.0 32.5995776896
554.0 32.8494184256
556.0 33.0940482688
558.0 33.3319072704
560.0 33.574164
562.0 33.8290164864
564.0 34.0864744192
566.0 34.32177776
568.0 34.5406352576
570.0 34.829176
572.0 35.2360571136
574.0 35.7103645248
576.0 36.132977888
578.0 36.5101369984
580.0 37.02804
582.0 37.7750231424
584.0 38.6625178432
586.0 39.508690496
588.0 40.3053098816
590.0 41.145724
592.0 42.0635713216
594.0 43.0309553152
596.0 44.0135239168
598.0 44.999461344
600.0 45.8961
602.0 46.651347552
604.0 47.3199183744
606.0 48.0316699072
608.0 48.7850090112
610.0 49.432952
612.0 49.9058488192
614.0 50.2735154752
616.0 50.6778243328
618.0 51.1227250496
620.0 51.507352
622.0 51.7874457856
624.0 52.0052411904
626.0 52.2383207744
628.0 52.4908333376
630.0 52.731248
632.0 52.9466205056
634.0 53.148036448
636.0 53.352655264
638.0 53.5606429056
640.0 53.758076
642.0 53.9381007296
644.0 54.1076041024
646.0 54.2808911808
648.0 54.4576632512
650.0 54.618952
652.0 54.7568747072
654.0 54.8795464256
656.0 55.0016041216
658.0 55.1255370752
660.0 55.262016
662.0 55.4173636672
664.0 55.5846930688
666.0 55.7468613632
668.0 55.9037357888
670.0 56.071032
672.0 56.2550561728
674.0 56.4500331776
676.0 56.6463543936
678.0 56.8420283968
680.0 57.025256
682.0 57.1889510528
684.0 57.3408303232
686.0 57.4999451008
688.0 57.6657643392
690.0 57.813528
692.0 57.9297939712
694.0 58.028601792
696.0 58.1415819136
698.0 58.2668756736
700.0 58.352872
702.0 58.3757401856
704.0 58.3589126528
706.0 58.3494201984
708.0 58.350714624
710.0 58.352872
712.0 58.352872
714.0 58.352872
716.0 58.352872
718.0 58.352872
720.0 58.352872
722.0 58.352872
724.0 58.352872
726.0 58.352872
728.0 58.352872
730.0 58.352872
732.0 58.352872
734.0 58.352872
736.0 58.352872
738.0 58.352872
740.0 58.352872
742.0 58.352872
744.0 58.352872
746.0 58.352872
748.0 58.352872
750.0 58.352872
