380.0 17.725748
382.0 17.7261348508
384.0 17.7266874948
386.0 17.7248637696
388.0 17.725195356
390.0 17.725748
392.0 17.730560608
394.0 17.7334481728
396.0 17.7122561024
398.0 17.6745849984
400.0 17.725748
402.0 17.9140537344
404.0 18.1912267648
406.0 18.4593720064
408.0 18.7078353408
410.0 18.918528
412.0 19.0812273408
414.0 19.2086784768
416.0 19.3339224512
418.0 19.4634645824
420.0 19.634196
422.0 19.8682215104
424.0 20.1399845056
426.0 20.3869376768
428.0 20.6103422592
430.0 20.889208
432.0 21.2591316032
434.0 21.6855452672
436.0 22.1012550272
438.0 22.5007844672
440.0 22.891004
442.0 23.2704698432
444.0 23.643513344
446.0 24.0294845056
448.0 24.4255289536
450.0 24.778708
452.0 25.0627846336
454.0 25.3050911488
456.0 25.5641754112
458.0 25.8417301312
460.0 26.095952
462.0 26.3082212032
464.0 26.4964273664
466.0 26.693960032
468.0 26.9019476736
470.0 27.102036
472.0 27.2875371456
474.0 27.4627160768
476.0 27.632086688
478.0 27.7980718784
480.0 27.983656
482.0 28.2033266624
484.0 28.4418992576
486.0 28.6613375872
488.0 28.8649275008
490.0 29.124576
492.0 29.4741372928
494.0 29.8800226944
496.0 30.2733953152
498.0 30.650006784
500.0 31.033024
502.0 31.428321664
504.0 31.8323484032
506.0 32.2486224
508.0 32.6718995712
510.0 33.045192
512.0 33.3382798272
514.0 33.5811505792
516.0 33.8421598848
518.0 34.1214405056
520.0 34.352064
522.0 34.5038768896
524.0 34.6075968896
526.0 34.7225850304
528.0 34.8523926848
530.0 34.974384
532.0 35.0816553728
534.0 35.178587936
536.0 35.2658454976
538.0 35.3470458112
540.0 35.461868
542.0 35.6308237312
544.0 35.8327375296
546.0 36.02029648
548.0 36.1925380608
550.0 36.384976
552.0 36.6129774528
554.0 36.8627020224
556.0 37.109190528
558.0 37.3504183552
560.0 37.588128
562.0 37.8269495232
564.0 38.0608256768
566.0 38.2716179072
568.0 38.4671591488
570.0 38.749792
572.0 39.1767699008
574.0 39.6874539904
576.0 40.1405693312
578.0 40.541824672
580.0 41.093864
582.0 41.890267648
584.0 42.8390816128
586.0 43.7563812928
588.0 44.630052192
590.0 45.512336
592.0 46.415363808
594.0 47.3335430336
596.0 48.2827884736
598.0 49.251981344
600.0 50.107132
602.0 50.778739744
604.0 51.3371018432
606.0 51.939408032
608.0 52.5875501632
610.0 53.146128
612.0 53.5526440192
614.0 53.8689983168
616.0 54.216684352
618.0 54.599120736
620.0 54.930112
622.0 55.171821088
624.0 55.3603591552
626.0 55.5620738112
628.0 55.780450048
630.0 55.988056
632.0 56.173590336
634.0 56.3466616768
636.0 56.5222388928
638.0 56.700487936
640.0 56.869676
642.0 57.023928384
644.0 57.1691861696
646.0 57.3179455424
648.0 57.4697750272
650.0 57.606088
652.0 57.7188689792
654.0 57.8164985408
656.0 57.91475872
658.0 58.015740512
660.0 58.124688
662.0 58.245252128
664.0 58.3732509056
666.0 58.497333216
668.0 58.6175322496
670.0 58.747008
672.0 58.8910211456
674.0 59.0440122944
676.0 59.196406016
678.0 59.346343648
680.0 59.48342
682.0 59.601494848
684.0 59.7079696512
686.0 59.8207340352
688.0 59.939622048
690.0 60.043508
692.0 60.121422464
694.0 60.1846335808
696.0 60.2577188416
698.0 60.3397489152
700.0 60.396156
702.0 60.4111082752
704.0 60.4001056576
706.0 60.3938990528
708.0 60.394745408
710.0 60.396156
712.0 60.396156
714.0 60.396156
716.0 60.396156
718.0 60.396156
720.0 60.396156
722.0 60.396156
724.0 60.396156
726.0 60.396156
728.0 60.396156
730.0 60.396156
732.0 60.396156
734.0 60.396156
736.0 60.396156
738.0 60.396156
740.0 60.396156
742.0 60.396156
744.0 60.396156
746.0 60.396156
748.0 60.396156
750.0 60.396156
