380.0 17.850212
382.0 17.8505588317
384.0 17.8510543057
386.0 17.8494192417
388.0 17.8497165261
390.0 17.850212
392.0 17.854526752
394.0 17.8571156032
396.0 17.8381306944
398.0 17.8044756288
400.0 17.850212
402.0 18.0184707328
404.0 18.2668179008
406.0 18.5091742016
408.0 18.735648896
410.0 18.9289
412.0 19.078920608
414.0 19.1952861504
416.0 19.3043995904
418.0 19.411737344
420.0 19.55122
422.0 19.742230752
424.0 19.9647225984
426.0 20.1701047936
428.0 20.3584769088
430.0 20.578048
432.0 20.8498607808
434.0 21.1538018688
436.0 21.4523827072
438.0 21.7419855424
440.0 22.019756
442.0 22.2813295424
444.0 22.5331617024
446.0 22.7951335296
448.0 23.0655191232
450.0 23.305884
452.0 23.4976581312
454.0 23.6587145472
456.0 23.8264920192
458.0 24.0024841152
460.0 24.16676
462.0 24.3114037632
464.0 24.443567936
466.0 24.5743878976
468.0 24.7053240256
470.0 24.84094
472.0 24.9845382656
474.0 25.1323185216
476.0 25.273991744
478.0 25.4100889792
480.0 25.556608
482.0 25.7229084992
484.0 25.898966976
486.0 26.0611684608
488.0 26.2117367104
490.0 26.39674
492.0 26.6378184704
494.0 26.914261312
496.0 27.183684384
498.0 27.4432665024
500.0 27.703612
502.0 27.9666791104
504.0 28.2319035968
506.0 28.5047120896
508.0 28.7823497856
510.0 29.031228
512.0 29.2336562496
514.0 29.4072586368
516.0 29.5918636416
518.0 29.7873716928
520.0 29.954336
522.0 30.0752984128
524.0 30.1670532736
526.0 30.2614135808
528.0 30.3611341376
530.0 30.462564
532.0 30.5670805696
534.0 30.6726758272
536.0 30.76874544
538.0 30.8581769728
540.0 30.981164
542.0 31.1574714048
544.0 31.3671019712
546.0 31.5672068928
548.0 31.7559275072
550.0 31.956132
552.0 32.1768647552
554.0 32.4099775296
556.0 32.6428745664
558.0 32.8736308224
560.0 33.097052
562.0 33.3143163584
564.0 33.5213580736
566.0 33.704187392
568.0 33.870139392
570.0 34.113508
572.0 34.486982976
574.0 34.9355180416
576.0 35.330682944
578.0 35.6774894336
580.0 36.156792
582.0 36.8524295936
584.0 37.68189088
586.0 38.4796055488
588.0 39.2353509568
590.0 40.004804
592.0 40.8037633088
594.0 41.621342432
596.0 42.4583545344
598.0 43.3053735424
600.0 44.060256
602.0 44.6695819584
604.0 45.1887296
606.0 45.7423620672
608.0 46.3320724992
610.0 46.850324
612.0 47.2474637312
614.0 47.5720824384
616.0 47.9195029504
618.0 48.2923804992
620.0 48.623936
622.0 48.8850780672
624.0 49.1034708992
626.0 49.329480928
628.0 49.5661616704
630.0 49.795972
632.0 50.0118257664
634.0 50.2201121216
636.0 50.4303733056
638.0 50.6424433664
640.0 50.843544
642.0 51.0270371264
644.0 51.2004901568
646.0 51.3803655296
648.0 51.5662317696
650.0 51.735536
652.0 51.8786364096
654.0 52.0046769536
656.0 52.1304851648
658.0 52.2584839424
660.0 52.399344
662.0 52.5591059904
664.0 52.7305344064
666.0 52.8962208832
668.0 53.0554020416
670.0 53.218732
672.0 53.3902102016
674.0 53.5663350592
676.0 53.7421612032
678.0 53.9163610176
680.0 54.079608
682.0 54.2265253056
684.0 54.362888064
686.0 54.5026030528
688.0 54.6454047488
690.0 54.774532
692.0 54.8805587328
694.0 54.9734420672
696.0 55.076066784
698.0 55.186673792
700.0 55.262016
702.0 55.282096192
704.0 55.2673430592
706.0 55.2589624832
708.0 55.260107552
710.0 55.262016
712.0 55.262016
714.0 55.262016
716.0 55.262016
718.0 55.262016
720.0 55.262016
722.0 55.262016
724.0 55.262016
726.0 55.262016
728.0 55.262016
730.0 55.262016
732.0 55.262016
734.0 55.262016
736.0 55.262016
738.0 55.262016
740.0 55.262016
742.0 55.262016
744.0 55.262016
746.0 55.262016
748.0 55.262016
750.0 55.262016
