380.0 12.975372
382.0 12.9756921524
384.0 12.9761495129
386.0 12.9746402231
388.0 12.9749146395
390.0 12.975372
392.0 12.979354848
394.0 12.9817445568
396.0 12.9642034304
398.0 12.9330044544
400.0 12.975372
402.0 13.1319809024
404.0 13.361791232
406.0 13.5804163968
408.0 13.7801230336
410.0 13.960712
412.0 14.1202416576
414.0 14.2632093056
416.0 14.4051646464
418.0 14.5496590528
420.0 14.717868
422.0 14.9229680768
424.0 15.1497248896
426.0 15.360351168
428.0 15.5567055744
430.0 15.796556
432.0 16.1066705024
434.0 16.461442688
436.0 16.8094108416
438.0 17.1468908288
440.0 17.487192
442.0 17.8331023488
444.0 18.1819666432
446.0 18.5360418304
448.0 18.8924403456
450.0 19.219316
452.0 19.4999906176
454.0 19.7525031808
456.0 20.017296192
458.0 20.2946351744
460.0 20.546932
462.0 20.7574753024
464.0 20.9416156416
466.0 21.1283282368
468.0 21.3198700352
470.0 21.511528
472.0 21.7032191552
474.0 21.894794144
476.0 22.0812744064
478.0 22.2643526528
480.0 22.465752
482.0 22.6966576128
484.0 22.9455524224
486.0 23.1869130112
488.0 23.420473856
490.0 23.668904
492.0 23.941812064
494.0 24.230153664
496.0 24.51774848
498.0 24.802605088
500.0 25.079496
502.0 25.343110752
504.0 25.5999546624
506.0 25.86901264
508.0 26.1475962624
510.0 26.386368
512.0 26.5599869824
514.0 26.6952212672
516.0 26.8508178624
518.0 27.0268763392
520.0 27.164268
522.0 27.2368056192
524.0 27.2696807104
526.0 27.310554688
528.0 27.3632112576
530.0 27.423568
532.0 27.4941473856
534.0 27.5689751424
536.0 27.62644432
538.0 27.670338624
540.0 27.765844
542.0 27.943910496
544.0 28.1736876352
546.0 28.3911013504
548.0 28.5917705088
550.0 28.792672
552.0 28.9988507648
554.0 29.20672224
556.0 29.4161038784
558.0 29.6255353024
560.0 29.8195
562.0 29.9960231424
564.0 30.1549221824
566.0 30.2869204032
568.0 30.4022072576
570.0 30.618144
572.0 30.9996344576
574.0 31.4788872384
576.0 31.8983309184
578.0 32.2624462016
580.0 32.77552
582.0 33.5317300736
584.0 34.4386577536
586.0 35.312262272
588.0 36.1411261312
590.0 36.986552
592.0 37.8656993152
594.0 38.7669182464
596.0 39.6922665984
598.0 40.6311234432
600.0 41.467256
602.0 42.1390462912
604.0 42.7106679552
606.0 43.327743872
608.0 43.9906723264
610.0 44.558112
612.0 44.9650594944
614.0 45.2750910208
616.0 45.6131020544
618.0 45.9842039168
620.0 46.321352
622.0 46.5969816768
624.0 46.83497344
626.0 47.074027296
628.0 47.3176282368
630.0 47.565992
632.0 47.8197160128
634.0 48.0786011328
636.0 48.339992128
638.0 48.6018311936
640.0 48.841748
642.0 49.0484910016
644.0 49.234307456
646.0 49.4260152064
648.0 49.6248091072
650.0 49.816716
652.0 49.9966245632
654.0 50.1681857408
656.0 50.3355981184
658.0 50.5004880256
660.0 50.677592
662.0 50.8739630016
664.0 51.08251488
666.0 51.288129408
668.0 51.4893130176
670.0 51.683676
672.0 51.8690111936
674.0 52.0487538048
676.0 52.2324128832
678.0 52.4196897152
680.0 52.596412
682.0 52.7558254912
684.0 52.9046512448
686.0 53.056679872
688.0 53.212342848
690.0 53.36394
692.0 53.505497056
694.0 53.6431210496
696.0 53.7930586816
698.0 53.951327104
700.0 54.058864
702.0 54.087739648
704.0 54.0665143872
706.0 54.0544828672
708.0 54.056125792
710.0 54.058864
712.0 54.058864
714.0 54.058864
716.0 54.058864
718.0 54.058864
720.0 54.058864
722.0 54.058864
724.0 54.058864
726.0 54.058864
728.0 54.058864
730.0 54.058864
732.0 54.058864
734.0 54.058864
736.0 54.058864
738.0 54.058864
740.0 54.058864
742.0 54.058864
744.0 54.058864
746.0 54.058864
748.0 54.058864
750.0 54.058864
