380.0 12.301192
382.0 12.3015988603
384.0 12.3021800893
386.0 12.3002620336
388.0 12.300610771
390.0 12.301192
392.0 12.306253536
394.0 12.3092904576
396.0 12.287003104
398.0 12.2473903616
400.0 12.301192
402.0 12.5004671616
404.0 12.7927252288
406.0 13.0692510464
408.0 13.32055216
410.0 13.556204
412.0 13.777832896
414.0 13.9846754688
416.0 14.1840999872
418.0 14.3791267776
420.0 14.593404
422.0 14.8408882176
424.0 15.1079879616
426.0 15.3612141184
428.0 15.6021266368
430.0 15.879532
432.0 16.2154852288
434.0 16.5877653504
436.0 16.9526937984
438.0 17.3064536768
440.0 17.653144
442.0 17.9921673408
444.0 18.3253159808
446.0 18.662215136
448.0 19.0018027136
450.0 19.323036
452.0 19.6154932096
454.0 19.8897288896
456.0 20.168312512
458.0 20.4517751232
460.0 20.723256
462.0 20.9755196352
464.0 21.2154032512
466.0 21.4552038912
468.0 21.6960832192
470.0 21.93678
472.0 22.1778418752
474.0 22.418953536
476.0 22.6570448704
478.0 22.8931447808
480.0 23.139932
482.0 23.4036131328
484.0 23.6779151936
486.0 23.9493960704
488.0 24.217292384
490.0 24.488292
492.0 24.764519104
494.0 25.0435839872
496.0 25.3227650368
498.0 25.6008673984
500.0 25.867768
502.0 26.1156505024
504.0 26.3542894784
506.0 26.6093079168
508.0 26.877088064
510.0 27.091664
512.0 27.219364064
514.0 27.2946896768
516.0 27.3931489984
518.0 27.5150407424
520.0 27.58952
522.0 27.5863171264
524.0 27.5333120576
526.0 27.4808878208
528.0 27.4352842112
530.0 27.413196
532.0 27.4279823232
534.0 27.4646577152
536.0 27.4807882496
538.0 27.4795602048
540.0 27.53766
542.0 27.6904851968
544.0 27.9024722816
546.0 28.1020461568
548.0 28.2836640256
550.0 28.460768
552.0 28.6344865536
554.0 28.8060809216
556.0 28.9895906432
558.0 29.18099968
560.0 29.321644
562.0 29.388771584
564.0 29.4037736448
566.0 29.4026617664
568.0 29.3980151104
570.0 29.487596
572.0 29.7339849344
574.0 30.0679965248
576.0 30.3159288128
578.0 30.4917217664
580.0 30.918932
582.0 31.7495549504
584.0 32.8329559872
586.0 33.8612111744
588.0 34.8148377472
590.0 35.793772
592.0 36.8274206272
594.0 37.8940771072
596.0 38.9893603072
598.0 40.0988324032
600.0 41.07312
602.0 41.8335286592
604.0 42.4618727168
606.0 43.1433877952
608.0 43.8799325568
610.0 44.506252
612.0 44.9474187968
614.0 45.2762028992
616.0 45.6330494848
618.0 46.0247293952
620.0 46.383584
622.0 46.6818993152
624.0 46.9450659968
626.0 47.2140244032
628.0 47.4912970048
630.0 47.76306
632.0 48.0237539968
634.0 48.2783741504
636.0 48.5342721344
638.0 48.7912819968
640.0 49.038816
642.0 49.2710492288
644.0 49.4948355008
646.0 49.7255751616
648.0 49.96233888
650.0 50.179736
652.0 50.366100096
654.0 50.532135072
656.0 50.6991823552
658.0 50.8690010368
660.0 51.040612
662.0 51.2145131008
664.0 51.3897418176
666.0 51.5619336128
668.0 51.7311880576
670.0 51.901488
672.0 52.0742108416
674.0 52.2489417024
676.0 52.4257469632
678.0 52.6036972928
680.0 52.772736
682.0 52.9273866688
684.0 53.0726610496
686.0 53.2202919488
688.0 53.3700470336
690.0 53.509148
692.0 53.6296789376
694.0 53.7402527552
696.0 53.8616632384
698.0 53.9913547264
700.0 54.079608
702.0 54.1032063744
704.0 54.0858643904
706.0 54.0760234368
708.0 54.077367648
710.0 54.079608
712.0 54.079608
714.0 54.079608
716.0 54.079608
718.0 54.079608
720.0 54.079608
722.0 54.079608
724.0 54.079608
726.0 54.079608
728.0 54.079608
730.0 54.079608
732.0 54.079608
734.0 54.079608
736.0 54.079608
738.0 54.079608
740.0 54.079608
742.0 54.079608
744.0 54.079608
746.0 54.079608
748.0 54.079608
750.0 54.079608
