380.0 17.497564
382.0 17.4977374159
384.0 17.4979851528
386.0 17.4971676209
388.0 17.497316263
390.0 17.497564
392.0 17.499721376
394.0 17.5010158016
396.0 17.491506752
398.0 17.4745464576
400.0 17.497564
402.0 17.5828301376
404.0 17.7074766848
406.0 17.8242073216
408.0 17.9289396288
410.0 18.026536
412.0 18.1208631168
414.0 18.2076228224
416.0 18.2769741632
418.0 18.334625888
420.0 18.451788
422.0 18.666529888
424.0 18.9391226432
426.0 19.1792717824
428.0 19.3879066368
430.0 19.665312
432.0 20.0561953408
434.0 20.5173759488
436.0 20.9661101568
438.0 21.3952620288
440.0 21.812316
442.0 22.2153968128
444.0 22.608138816
446.0 23.010323488
448.0 23.4191296448
450.0 23.782996
452.0 24.0764655168
454.0 24.3267875136
456.0 24.592094976
458.0 24.8740806144
460.0 25.131356
462.0 25.3460481024
464.0 25.5343372416
466.0 25.7251820416
468.0 25.9207398784
470.0 26.116696
472.0 26.3137971904
474.0 26.5100686208
476.0 26.695702528
478.0 26.8734537152
480.0 27.081292
482.0 27.3387831232
484.0 27.626527296
486.0 27.9014433792
488.0 28.163133088
490.0 28.450396
492.0 28.780474528
494.0 29.136026688
496.0 29.4841441984
498.0 29.8227028736
500.0 30.161776
502.0 30.5017784576
504.0 30.844917408
506.0 31.2042532736
508.0 31.5744424
510.0 31.883528
512.0 32.093706208
514.0 32.2441748864
516.0 32.4229217856
518.0 32.6297145728
520.0 32.77552
522.0 32.8212231808
524.0 32.8035824832
526.0 32.791534368
528.0 32.791617344
530.0 32.806636
532.0 32.844141152
534.0 32.8938271808
536.0 32.9211926656
538.0 32.9306187392
540.0 33.003704
542.0 33.1795467392
544.0 33.4190486656
546.0 33.640627776
548.0 33.8400025088
550.0 34.051276
552.0 34.2856666048
554.0 34.5350094848
556.0 34.7932971776
558.0 35.055617504
560.0 35.275172
562.0 35.434402944
564.0 35.5482792064
566.0 35.6408638272
568.0 35.7245036352
570.0 35.907864
572.0 36.2594499072
574.0 36.7046493376
576.0 37.0575296704
578.0 37.3330929664
580.0 37.878544
582.0 38.8556195904
584.0 40.1038441536
586.0 41.2975202944
588.0 42.4134811136
590.0 43.531284
592.0 44.6686028416
594.0 45.816360064
596.0 47.0008756544
598.0 48.2079109312
600.0 49.256628
602.0 50.0531312192
604.0 50.6958965056
606.0 51.4044119744
608.0 52.1807354304
610.0 52.824596
612.0 53.2444877504
614.0 53.5295932864
616.0 53.8534818048
618.0 54.223488384
620.0 54.546348
622.0 54.782580672
624.0 54.9683141504
626.0 55.1652825792
628.0 55.3765394752
630.0 55.573176
632.0 55.7430444672
634.0 55.8981598016
636.0 56.0588677184
638.0 56.2255665024
640.0 56.382192
642.0 56.5212929664
644.0 56.6494245056
646.0 56.7793649216
648.0 56.9112801664
650.0 57.035628
652.0 57.1483425984
654.0 57.2532574528
656.0 57.357242976
658.0 57.4610625472
660.0 57.5646
662.0 57.6682536192
664.0 57.7721561664
666.0 57.875511072
668.0 57.9784510976
670.0 58.0832
672.0 58.1907037056
674.0 58.2993192896
676.0 58.4058438784
678.0 58.5100119488
680.0 58.612172
682.0 58.7116436288
684.0 58.8102025216
686.0 58.9130595712
688.0 59.0190199232
690.0 59.110028
692.0 59.1764253952
694.0 59.2275386112
696.0 59.2846426944
698.0 59.34733936
700.0 59.390072
702.0 59.401356736
704.0 59.3930757312
706.0 59.3883460992
708.0 59.388993312
710.0 59.390072
712.0 59.390072
714.0 59.390072
716.0 59.390072
718.0 59.390072
720.0 59.390072
722.0 59.390072
724.0 59.390072
726.0 59.390072
728.0 59.390072
730.0 59.390072
732.0 59.390072
734.0 59.390072
736.0 59.390072
738.0 59.390072
740.0 59.390072
742.0 59.390072
744.0 59.390072
746.0 59.390072
748.0 59.390072
750.0 59.390072
