380.0 18.586624
382.0 18.5868174254
384.0 18.5870937474
386.0 18.5861818848
388.0 18.586347678
390.0 18.586624
392.0 18.589030304
394.0 18.5904740864
396.0 18.5798863488
398.0 18.5611171776
400.0 18.586624
402.0 18.6806026176
404.0 18.8191891328
406.0 18.9537264192
408.0 19.0789372032
410.0 19.1882
412.0 19.2794901952
414.0 19.3538366912
416.0 19.4134300544
418.0 19.46451008
420.0 19.571964
422.0 19.772268064
424.0 20.027419264
426.0 20.2479528768
428.0 20.4367564672
430.0 20.712884
432.0 21.1315974912
434.0 21.6384978752
436.0 22.124471712
438.0 22.5832792064
440.0 23.056956
442.0 23.5589110144
444.0 24.0787888448
446.0 24.6096526976
448.0 25.1454287296
450.0 25.629212
452.0 26.0311975296
454.0 26.3815885824
456.0 26.7488569536
458.0 27.1342638784
460.0 27.4858
462.0 27.7798171584
464.0 28.0385363264
466.0 28.3045573824
468.0 28.5792079424
470.0 28.83416
472.0 29.0574816064
474.0 29.26107152
476.0 29.4658728832
478.0 29.6738107392
480.0 29.881732
482.0 30.0911800192
484.0 30.3000472064
486.0 30.4980113472
488.0 30.6886238144
490.0 30.918932
492.0 31.2113726144
494.0 31.5435089472
496.0 31.8682770112
498.0 32.1820258624
500.0 32.495476
502.0 32.8100712064
504.0 33.1245336512
506.0 33.4440742272
508.0 33.7655398464
510.0 34.051276
512.0 34.2808208064
514.0 34.4763952384
516.0 34.688863584
518.0 34.9173628928
520.0 35.098848
522.0 35.2040449728
524.0 35.2624932672
526.0 35.3333049856
528.0 35.4195004544
530.0 35.492984
532.0 35.5437985024
534.0 35.5803079424
536.0 35.6122868928
538.0 35.643087584
540.0 35.700424
542.0 35.798916512
544.0 35.9225839424
546.0 36.0350828032
548.0 36.1354837632
550.0 36.25014
552.0 36.3902200832
554.0 36.5459826304
556.0 36.700450752
558.0 36.8517657856
560.0 36.996924
562.0 37.1378670336
564.0 37.2706286336
566.0 37.3819658304
568.0 37.4789149888
570.0 37.65036
572.0 37.9464847488
574.0 38.3147156416
576.0 38.6316507712
578.0 38.9027333632
580.0 39.30988
582.0 39.9382738432
584.0 40.702964064
586.0 41.4317256768
588.0 42.1151657984
590.0 42.825988
592.0 43.5884046784
594.0 44.3830160448
596.0 45.19246352
598.0 46.0068895552
600.0 46.736232
602.0 47.3318503232
604.0 47.845538144
606.0 48.3966149504
608.0 48.9854458368
610.0 49.495184
612.0 49.8712146368
614.0 50.1673227904
616.0 50.4908296192
618.0 50.84478864
620.0 51.154704
622.0 51.387783584
624.0 51.5753591296
626.0 51.775115552
628.0 51.9897412736
630.0 52.191904
632.0 52.3700202816
634.0 52.5341468096
636.0 52.7010779264
638.0 52.8712119168
640.0 53.032036
642.0 53.1773103808
644.0 53.314071424
646.0 53.4569726912
648.0 53.6054499456
650.0 53.737332
652.0 53.8427613056
654.0 53.9312635072
656.0 54.0212260864
658.0 54.1147400384
660.0 54.214444
662.0 54.3225119424
664.0 54.437068608
666.0 54.5518907968
668.0 54.6667129856
670.0 54.784904
672.0 54.9071774336
674.0 55.0324545984
676.0 55.1601878528
678.0 55.2890827712
680.0 55.407224
682.0 55.5081394112
684.0 55.5986330368
686.0 55.6944371264
688.0 55.7955184896
690.0 55.884336
692.0 55.9516793216
694.0 56.0077876928
696.0 56.075014848
698.0 56.1522986944
700.0 56.205868
702.0 56.2200900864
704.0 56.20960192
706.0 56.2037438144
708.0 56.204540384
710.0 56.205868
712.0 56.205868
714.0 56.205868
716.0 56.205868
718.0 56.205868
720.0 56.205868
722.0 56.205868
724.0 56.205868
726.0 56.205868
728.0 56.205868
730.0 56.205868
732.0 56.205868
734.0 56.205868
736.0 56.205868
738.0 56.205868
740.0 56.205868
742.0 56.205868
744.0 56.205868
746.0 56.205868
748.0 56.205868
750.0 56.205868
