380.0 13.63918
382.0 13.6394201143
384.0 13.6397631347
386.0 13.6386311674
388.0 13.6388369796
390.0 13.63918
392.0 13.642167136
394.0 13.6439594176
396.0 13.6308160192
398.0 13.6075163584
400.0 13.63918
402.0 13.7567072064
404.0 13.929264096
406.0 14.092477888
408.0 14.2412040704
410.0 14.385964
412.0 14.5319519744
414.0 14.6734094592
416.0 14.8003129536
418.0 14.916844448
420.0 15.080888
422.0 15.32483744
424.0 15.6136437056
426.0 15.8659073408
428.0 16.0850469568
430.0 16.38776
432.0 16.8290097728
434.0 17.3558243968
436.0 17.8603848576
438.0 18.337447072
440.0 18.835552
442.0 19.371742912
444.0 19.9317977216
446.0 20.49963568
448.0 21.0693157056
450.0 21.594504
452.0 22.0499260736
454.0 22.4614870336
456.0 22.8897925504
458.0 23.3352409088
460.0 23.741508
462.0 24.0824397888
464.0 24.3844558336
466.0 24.6999139904
468.0 25.030374208
470.0 25.338796
472.0 25.608965856
474.0 25.8563339072
476.0 26.1091617792
478.0 26.36894304
480.0 26.624924
482.0 26.874764736
484.0 27.1188469376
486.0 27.3524243776
488.0 27.578816096
490.0 27.838448
492.0 28.150188832
494.0 28.4960659904
496.0 28.8389394176
498.0 29.1749258368
500.0 29.497968
502.0 29.8007308288
504.0 30.0924744448
506.0 30.401410688
508.0 30.7238222336
510.0 30.991536
512.0 31.1696522816
514.0 31.2939669248
516.0 31.4429586304
518.0 31.61676016
520.0 31.73832
522.0 31.773252896
524.0 31.754749248
526.0 31.7461363392
528.0 31.7521603968
530.0 31.759064
532.0 31.7656854848
534.0 31.7715269952
536.0 31.7642417024
538.0 31.7487417856
540.0 31.79018
542.0 31.9202531776
544.0 32.1062687744
546.0 32.2786431168
548.0 32.4334265472
550.0 32.599196
552.0 32.7854107392
554.0 32.984536544
556.0 33.1901178816
558.0 33.3983046656
560.0 33.574164
562.0 33.7059796736
564.0 33.8035428544
566.0 33.8796318464
568.0 33.9456973376
570.0 34.113508
572.0 34.4474532096
574.0 34.8778331264
576.0 35.238828512
578.0 35.537210208
580.0 36.011584
582.0 36.772639872
584.0 37.7121439296
586.0 38.612715648
588.0 39.4607801536
590.0 40.326336
592.0 41.2288327616
594.0 42.1551934208
596.0 43.1087038272
598.0 44.0774486272
600.0 44.931504
602.0 45.6031283392
604.0 46.1617227712
606.0 46.7632987712
608.0 47.4100137152
610.0 47.9705
612.0 48.3844838592
614.0 48.7107786816
616.0 49.063957728
618.0 49.4477051328
620.0 49.7856
622.0 50.0446344768
624.0 50.2567875136
626.0 50.4796444544
628.0 50.716756672
630.0 50.947264
632.0 51.162420768
634.0 51.370275648
636.0 51.5836733248
638.0 51.8018504192
640.0 52.005208
642.0 52.1836229952
644.0 52.3467538112
646.0 52.5158754944
648.0 52.69058976
650.0 52.84534
652.0 52.969306144
654.0 53.073441024
656.0 53.1777750464
658.0 53.2849966336
660.0 53.405428
662.0 53.5451263936
664.0 53.696009952
666.0 53.8385295296
668.0 53.97215408
670.0 54.110724
672.0 54.259831872
674.0 54.4158433472
676.0 54.5733815808
678.0 54.7310857664
680.0 54.878252
682.0 55.0085575104
684.0 55.128092736
686.0 55.2519261184
688.0 55.37942704
690.0 55.4902
692.0 55.57359088
694.0 55.6405857024
696.0 55.715396864
698.0 55.7973273664
700.0 55.85322
702.0 55.8680229184
704.0 55.8571530624
706.0 55.8509630528
708.0 55.851809408
710.0 55.85322
712.0 55.85322
714.0 55.85322
716.0 55.85322
718.0 55.85322
720.0 55.85322
722.0 55.85322
724.0 55.85322
726.0 55.85322
728.0 55.85322
730.0 55.85322
732.0 55.85322
734.0 55.85322
736.0 55.85322
738.0 55.85322
740.0 55.85322
742.0 55.85322
744.0 55.85322
746.0 55.85322
748.0 55.85322
750.0 55.85322
