380.0 13.722156
382.0 13.7223160762
384.0 13.7225447565
386.0 13.7217901116
388.0 13.7219273197
390.0 13.722156
392.0 13.724147424
394.0 13.7253422784
396.0 13.716596608
398.0 13.7011962624
400.0 13.722156
402.0 13.8000206784
404.0 13.9149756288
406.0 14.0253668992
408.0 14.12790864
410.0 14.230384
412.0 14.337340064
414.0 14.4425702272
416.0 14.5332464
418.0 14.6132518592
420.0 14.738612
422.0 14.9406751552
424.0 15.1869977088
426.0 15.401922144
428.0 15.588867072
430.0 15.858788
432.0 16.26371088
434.0 16.7521739968
436.0 17.2197105664
438.0 17.6606450304
440.0 18.119884
442.0 18.6129605824
444.0 19.1263330944
446.0 19.6449994752
448.0 20.1635496896
450.0 20.64028
452.0 21.0529694336
454.0 21.4248678656
456.0 21.8095114112
458.0 22.208194496
460.0 22.579844
462.0 22.905607776
464.0 23.2046034944
466.0 23.5139546176
468.0 23.8344245248
470.0 24.135644
472.0 24.4042207168
474.0 24.6529827648
476.0 24.9058106368
478.0 25.1641979008
480.0 25.421772
482.0 25.6772385088
484.0 25.9303650944
486.0 26.1769863616
488.0 26.4186954496
490.0 26.676784
492.0 26.9611925376
494.0 27.2628102976
496.0 27.5628515136
498.0 27.8593247616
500.0 28.149608
502.0 28.4279592896
504.0 28.7012490432
506.0 28.9921131136
508.0 29.2951082752
510.0 29.529084
512.0 29.6520710272
514.0 29.708063232
516.0 29.7944744384
518.0 29.9116697408
520.0 29.964708
522.0 29.9123335488
524.0 29.7938770112
526.0 29.6821581248
528.0 29.5846115392
530.0 29.50834
532.0 29.4636325312
534.0 29.437146592
536.0 29.3866639936
538.0 29.3169641536
540.0 29.321644
542.0 29.4449131456
544.0 29.6428275008
546.0 29.824810464
548.0 29.9848213824
550.0 30.151404
552.0 30.3317440384
554.0 30.5200829632
556.0 30.7183292224
558.0 30.9207740672
560.0 31.06414
562.0 31.1235674112
564.0 31.1233184832
566.0 31.1057607616
568.0 31.0850333568
570.0 31.16786
572.0 31.4227456768
574.0 31.7738835136
576.0 32.0306112576
578.0 32.2081964928
580.0 32.661428
582.0 33.5556437568
584.0 34.7275304
586.0 35.845549024
588.0 36.8861344448
590.0 37.930404
592.0 38.9969609088
594.0 40.075001696
596.0 41.187129024
598.0 42.3195688768
600.0 43.3031
602.0 44.0510290688
604.0 44.6532356864
606.0 45.308546944
608.0 46.0209124992
610.0 46.632512
612.0 47.0717205632
614.0 47.4080388864
616.0 47.7748757824
618.0 48.1768779072
620.0 48.530588
622.0 48.8001106432
624.0 49.01931664
626.0 49.2483801856
628.0 49.4907530816
630.0 49.723368
632.0 49.9369150336
634.0 50.1398079488
636.0 50.3448084544
638.0 50.552049312
640.0 50.750196
642.0 50.933407008
644.0 51.107656608
646.0 51.28580608
648.0 51.467191616
650.0 51.631816
652.0 51.770883776
654.0 51.892858496
656.0 52.01392048
658.0 52.136061152
660.0 52.264508
662.0 52.402580064
664.0 52.5465600192
666.0 52.6866566976
668.0 52.8225713856
670.0 52.959432
672.0 53.0992133696
674.0 53.2409031872
676.0 53.3834061696
678.0 53.5260916992
680.0 53.664728
682.0 53.7967594112
684.0 53.9234803584
686.0 54.0486413568
688.0 54.1717777408
690.0 54.287048
692.0 54.3900875968
694.0 54.4858916864
696.0 54.5875538816
698.0 54.6930163776
700.0 54.76416
702.0 54.7832112896
704.0 54.7692381312
706.0 54.7612392448
708.0 54.762334528
710.0 54.76416
712.0 54.76416
714.0 54.76416
716.0 54.76416
718.0 54.76416
720.0 54.76416
722.0 54.76416
724.0 54.76416
726.0 54.76416
728.0 54.76416
730.0 54.76416
732.0 54.76416
734.0 54.76416
736.0 54.76416
738.0 54.76416
740.0 54.76416
742.0 54.76416
744.0 54.76416
746.0 54.76416
748.0 54.76416
750.0 54.76416
