380.0 10.143816
382.0 10.1439360571
384.0 10.1441075673
386.0 10.1435415837
388.0 10.1436444898
390.0 10.143816
392.0 10.145309568
394.0 10.1462057088
396.0 10.1396340096
398.0 10.1279841792
400.0 10.143816
402.0 10.2024136512
404.0 10.2885925248
406.0 10.3709379072
408.0 10.4466618048
410.0 10.517208
412.0 10.5831573248
414.0 10.6440948992
416.0 10.7004687936
418.0 10.7543036224
420.0 10.828368
422.0 10.9363529664
424.0 11.0626756288
426.0 11.1698308352
428.0 11.260341056
430.0 11.398828
432.0 11.616805952
434.0 11.883324864
436.0 12.1331987904
438.0 12.3644694976
440.0 12.622724
442.0 12.9269638016
444.0 13.2580214464
446.0 13.582424416
448.0 13.896654528
450.0 14.199268
452.0 14.487941504
454.0 14.7657949376
456.0 15.0434160384
458.0 15.3210371392
460.0 15.589116
462.0 15.8431221312
464.0 16.0882830208
466.0 16.335153216
468.0 16.583832288
470.0 16.823384
472.0 17.048912768
474.0 17.265148224
476.0 17.481134752
478.0 17.69753616
480.0 17.912444
482.0 18.126356128
484.0 18.3381772608
486.0 18.5429454336
488.0 18.7423865472
490.0 18.960016
492.0 19.2071351232
494.0 19.4724093952
496.0 19.731941728
498.0 19.9841389824
500.0 20.235772
502.0 20.4861437824
504.0 20.737610848
506.0 21.0025034304
508.0 21.27587616
510.0 21.490784
512.0 21.61192896
514.0 21.6767000256
516.0 21.769085504
518.0 21.8887866816
520.0 21.947152
522.0 21.9054648576
524.0 21.8007491456
526.0 21.7021902528
528.0 21.6168577344
530.0 21.553016
532.0 21.5214353344
534.0 21.5075949376
536.0 21.4671026496
538.0 21.4047710784
540.0 21.41818
542.0 21.5532981184
544.0 21.7644886336
546.0 21.9579886656
548.0 22.1276579904
550.0 22.2998
552.0 22.4801400384
554.0 22.6667696576
556.0 22.8702765952
558.0 23.0846533888
560.0 23.23328
562.0 23.2852063808
564.0 23.2691588224
566.0 23.23618416
568.0 23.2011848832
570.0 23.274768
572.0 23.5290230592
574.0 23.8830982464
576.0 24.1326236736
578.0 24.294626016
580.0 24.757964
582.0 25.706213728
584.0 26.9570603328
586.0 28.1361161024
588.0 29.2211102784
590.0 30.348472
592.0 31.5621121664
594.0 32.827214048
596.0 34.1189678208
598.0 35.4203468096
600.0 36.571672
602.0 37.4880257536
604.0 38.2595366016
606.0 39.0917692864
608.0 39.9869475648
610.0 40.76196
612.0 41.3324863808
614.0 41.7802248768
616.0 42.265153216
618.0 42.7925154816
620.0 43.261612
622.0 43.6291624896
624.0 43.9352609536
626.0 44.2509846336
628.0 44.5808142336
630.0 44.900388
632.0 45.2002300736
634.0 45.490181408
636.0 45.7847793984
638.0 46.0842231872
640.0 46.373212
642.0 46.6436473792
644.0 46.9038933056
646.0 47.1723206656
648.0 47.4477677952
650.0 47.700828
652.0 47.9180757632
654.0 48.1119076992
656.0 48.3069178944
658.0 48.505363296
660.0 48.706912
662.0 48.912526528
664.0 49.1214435008
666.0 49.3292485952
668.0 49.5358090496
670.0 49.744112
672.0 49.9553357056
674.0 50.1676712896
676.0 50.3778992832
678.0 50.585654592
680.0 50.791684
682.0 50.995307104
684.0 51.1976357824
686.0 51.4029018112
688.0 51.6098439552
690.0 51.797768
692.0 51.9538624512
694.0 52.0935940352
696.0 52.2541691904
698.0 52.432368448
700.0 52.554924
702.0 52.587616544
704.0 52.5635369088
706.0 52.5500118208
708.0 52.551853888
710.0 52.554924
712.0 52.554924
714.0 52.554924
716.0 52.554924
718.0 52.554924
720.0 52.554924
722.0 52.554924
724.0 52.554924
726.0 52.554924
728.0 52.554924
730.0 52.554924
732.0 52.554924
734.0 52.554924
736.0 52.554924
738.0 52.554924
740.0 52.554924
742.0 52.554924
744.0 52.554924
746.0 52.554924
748.0 52.554924
750.0 52.554924
