380.0 10.724648
382.0 10.7247813968
384.0 10.7249719637
386.0 10.724343093
388.0 10.7244574331
390.0 10.724648
392.0 10.72630752
394.0 10.727303232
396.0 10.7200179392
398.0 10.7072064448
400.0 10.724648
402.0 10.7892697088
404.0 10.8849410368
406.0 10.9780069184
408.0 11.0654470272
410.0 11.1499
412.0 11.2324777152
414.0 11.3107738688
416.0 11.3813034688
418.0 11.4462238912
420.0 11.533664
422.0 11.6602189952
424.0 11.8087626304
426.0 11.938006048
428.0 12.0507372416
430.0 12.218216
432.0 12.4749935296
434.0 12.7856556736
436.0 13.0760550784
438.0 13.3439347968
440.0 13.63918
442.0 13.9826010688
444.0 14.3555781888
446.0 14.7263813376
448.0 15.091425952
450.0 15.443908
452.0 15.778467232
454.0 16.1006962304
456.0 16.427090624
458.0 16.7572853184
460.0 17.072312
462.0 17.3632590464
464.0 17.6389385088
466.0 17.9171570368
468.0 18.1985784384
470.0 18.472532
472.0 18.7346863744
474.0 18.9890078144
476.0 19.2419850432
478.0 19.4945142016
480.0 19.748288
482.0 20.0051485056
484.0 20.2635523648
486.0 20.518222304
488.0 20.7700876544
490.0 21.034416
492.0 21.3175633024
494.0 21.6128085056
496.0 21.9077218048
498.0 22.1999134912
500.0 22.476124
502.0 22.7255664512
504.0 22.961616576
506.0 23.2202859584
508.0 23.4966292288
510.0 23.70002
512.0 23.7845559488
514.0 23.7971351104
516.0 23.8398511552
518.0 23.913766176
520.0 23.928204
522.0 23.84481312
524.0 23.6996549056
526.0 23.557052352
528.0 23.4250043456
530.0 23.326628
532.0 23.2802942016
534.0 23.2636824064
536.0 23.215274208
538.0 23.139849024
540.0 23.150304
542.0 23.299494848
544.0 23.5358602816
546.0 23.75436928
548.0 23.9480850496
550.0 24.146016
552.0 24.3545014976
554.0 24.5705875968
556.0 24.8042148224
558.0 25.048877856
560.0 25.224704
562.0 25.299880256
564.0 25.3037303424
566.0 25.2875002368
568.0 25.2676523776
570.0 25.369912
572.0 25.6744837056
574.0 26.0927657216
576.0 26.4024487488
578.0 26.6205594624
580.0 27.153896
582.0 28.1922078784
584.0 29.5472723392
586.0 30.8368521408
588.0 32.0346936768
590.0 33.24226
592.0 34.4845600768
594.0 35.7473718208
596.0 37.053264704
598.0 38.3852452416
600.0 39.538064
602.0 40.4067065536
604.0 41.0991080832
606.0 41.8541233024
608.0 42.6771622464
610.0 43.386076
612.0 43.8989838464
614.0 44.2957086976
616.0 44.727714944
618.0 45.200844096
620.0 45.626428
622.0 45.966712576
624.0 46.2563651968
626.0 46.555593248
628.0 46.8679812928
630.0 47.171856
632.0 47.4586874368
634.0 47.7368063936
636.0 48.0185762944
638.0 48.304229472
640.0 48.582448
642.0 48.846975488
644.0 49.10436704
646.0 49.3693757888
648.0 49.6405745472
650.0 49.88932
652.0 50.1025019392
654.0 50.2922348608
656.0 50.4826979712
658.0 50.6760818368
660.0 50.87466
662.0 51.0806728128
664.0 51.2905854976
666.0 51.4942583872
668.0 51.6916582912
670.0 51.891116
672.0 52.0960003392
674.0 52.3047015744
676.0 52.5151121152
678.0 52.7264685824
680.0 52.928316
682.0 53.1147132864
684.0 53.2927299968
686.0 53.4787953792
688.0 53.672278816
690.0 53.851424
692.0 54.003353056
694.0 54.1404128128
696.0 54.2922920832
698.0 54.4557050176
700.0 54.567092
702.0 54.5968471936
704.0 54.57497472
706.0 54.5625781056
708.0 54.564270816
710.0 54.567092
712.0 54.567092
714.0 54.567092
716.0 54.567092
718.0 54.567092
720.0 54.567092
722.0 54.567092
724.0 54.567092
726.0 54.567092
728.0 54.567092
730.0 54.567092
732.0 54.567092
734.0 54.567092
736.0 54.567092
738.0 54.567092
740.0 54.567092
742.0 54.567092
744.0 54.567092
746.0 54.567092
748.0 54.567092
750.0 54.567092
