380.0 9.220708
382.0 9.22094144444
384.0 9.2212749365
386.0 9.22017441271
388.0 9.22037450794
390.0 9.220708
392.0 9.22361216
394.0 9.225354656
396.0 9.2125597568
398.0 9.1897745472
400.0 9.220708
402.0 9.3353144512
404.0 9.503075328
406.0 9.660812704
408.0 9.8032161152
410.0 9.936376
412.0 10.0618523072
414.0 10.1796118464
416.0 10.2941021312
418.0 10.4075469184
420.0 10.537952
422.0 10.6969672064
424.0 10.871681472
426.0 11.0295848
428.0 11.1734983744
430.0 11.367712
432.0 11.6431425344
434.0 11.9681097408
436.0 12.276548128
438.0 12.5655701312
440.0 12.871652
442.0 13.2087171072
444.0 13.5644684096
446.0 13.921132448
448.0 14.2750914688
450.0 14.603776
452.0 14.8945902848
454.0 15.1616900288
456.0 15.4385809408
458.0 15.7257608768
460.0 15.993624
462.0 16.2284294848
464.0 16.4436526336
466.0 16.6658623616
468.0 16.8957224768
470.0 17.1138
472.0 17.3121790208
474.0 17.498144832
476.0 17.68384512
478.0 17.8709394048
480.0 18.068024
482.0 18.2805919168
484.0 18.5010591488
486.0 18.7108224768
488.0 18.9105457088
490.0 19.125968
492.0 19.3690710848
494.0 19.6295327488
496.0 19.8866421824
498.0 20.1390385792
500.0 20.391352
502.0 20.6436156352
504.0 20.8959954368
506.0 21.1531878464
508.0 21.4128363456
510.0 21.646364
512.0 21.8385862016
514.0 22.005318176
516.0 22.1823723648
518.0 22.3694832448
520.0 22.527984
522.0 22.6404828608
524.0 22.7238405504
526.0 22.8106168512
528.0 22.903201472
530.0 22.994724
532.0 23.084669984
534.0 23.1723258304
536.0 23.2504394368
538.0 23.3215332736
540.0 23.419976
542.0 23.5629934336
544.0 23.7330278528
546.0 23.8918937024
548.0 24.038396128
550.0 24.197876
552.0 24.380589152
554.0 24.5771427008
556.0 24.7721197056
558.0 24.9632632192
560.0 25.141728
562.0 25.3053732672
564.0 25.4555764224
566.0 25.5924204416
568.0 25.72131536
570.0 25.898884
572.0 26.160175424
574.0 26.4676180992
576.0 26.7285776192
578.0 26.950853728
580.0 27.309476
582.0 27.887154912
584.0 28.6017110336
586.0 29.2842384192
588.0 29.9249127104
590.0 30.587028
592.0 31.2916104064
594.0 32.0219153728
596.0 32.7638535744
598.0 33.5099239808
600.0 34.196484
602.0 34.7887500928
604.0 35.3219040832
606.0 35.8781917824
608.0 36.4573808576
610.0 36.97618
612.0 37.3954245376
614.0 37.7545446656
616.0 38.1328488448
618.0 38.5324280704
620.0 38.895
622.0 39.1950744064
624.0 39.4569466624
626.0 39.7251914752
628.0 40.0026964096
630.0 40.274476
632.0 40.5348214976
634.0 40.7894416512
636.0 41.046318752
638.0 41.3056851328
640.0 41.560604
642.0 41.8071091008
644.0 42.0493990208
646.0 42.297098976
648.0 42.5491468736
650.0 42.7845
652.0 42.9934003776
654.0 43.1854732224
656.0 43.3802344896
658.0 43.5792773184
660.0 43.780212
662.0 43.9827066304
664.0 44.1866948288
666.0 44.3899694336
668.0 44.5924308736
670.0 44.796668
672.0 45.0039918336
674.0 45.2123279744
676.0 45.4173118848
678.0 45.6189767552
680.0 45.823496
682.0 46.0326950912
684.0 46.2452132224
686.0 46.4602040384
688.0 46.6756761152
690.0 46.871068
692.0 47.0334686272
694.0 47.1770502976
696.0 47.336895264
698.0 47.5100495808
700.0 47.628224
702.0 47.6597382848
704.0 47.6365713856
706.0 47.6234445824
708.0 47.625236864
710.0 47.628224
712.0 47.628224
714.0 47.628224
716.0 47.628224
718.0 47.628224
720.0 47.628224
722.0 47.628224
724.0 47.628224
726.0 47.628224
728.0 47.628224
730.0 47.628224
732.0 47.628224
734.0 47.628224
736.0 47.628224
738.0 47.628224
740.0 47.628224
742.0 47.628224
744.0 47.628224
746.0 47.628224
748.0 47.628224
750.0 47.628224
