380.0 10.745392
382.0 10.7456321143
384.0 10.7459751347
386.0 10.7448431674
388.0 10.7450489796
390.0 10.745392
392.0 10.748379136
394.0 10.7501714176
396.0 10.7370280192
398.0 10.7137283584
400.0 10.745392
402.0 10.8630851584
404.0 11.0357416192
406.0 11.1982418176
408.0 11.345806336
410.0 11.492176
412.0 11.642860416
414.0 11.7930137856
416.0 11.9365290752
418.0 12.0755304704
420.0 12.23896
422.0 12.4440268864
424.0 12.6721611008
426.0 12.8787547456
428.0 13.0670272896
430.0 13.317648
432.0 13.6695160256
434.0 14.082935648
436.0 14.4750968192
438.0 14.8429460224
440.0 15.236468
442.0 15.6751953024
444.0 16.1423501824
446.0 16.61262496
448.0 17.0811738368
450.0 17.518308
452.0 17.9065361088
454.0 18.2655400704
456.0 18.643213632
458.0 19.0388597952
460.0 19.39564
462.0 19.6869853312
464.0 19.9390996096
466.0 20.2046228096
468.0 20.4857123072
470.0 20.754372
472.0 20.9994996992
474.0 21.2303721216
476.0 21.4609790208
478.0 21.69324544
480.0 21.93678
482.0 22.19732464
484.0 22.4678761856
486.0 22.7313083904
488.0 22.9875216832
490.0 23.254024
492.0 23.5386482752
494.0 23.8338270976
496.0 24.1250894528
498.0 24.411373248
500.0 24.695732
502.0 24.976937664
504.0 25.2573467584
506.0 25.5468832128
508.0 25.8420952256
510.0 26.095952
512.0 26.2832786176
514.0 26.43034528
516.0 26.596795136
518.0 26.7817984256
520.0 26.91534
522.0 26.9658391936
524.0 26.96471072
526.0 26.9730415104
528.0 26.9953454592
530.0 27.01906
532.0 27.0432226112
534.0 27.0658086784
536.0 27.0720484736
538.0 27.06635632
540.0 27.112408
542.0 27.2410208
544.0 27.4212114816
546.0 27.5873958144
548.0 27.7358232832
550.0 27.890308
552.0 28.0589318272
554.0 28.23590304
556.0 28.4167243392
558.0 28.599006016
560.0 28.761556
562.0 28.898632352
564.0 29.0135209216
566.0 29.1061719232
568.0 29.1856795264
570.0 29.35276
572.0 29.6643680704
574.0 30.0591678784
576.0 30.3930633024
578.0 30.6713648064
580.0 31.095256
582.0 31.7589312384
584.0 32.5700548288
586.0 33.3417980096
588.0 34.0644359936
590.0 34.818804
592.0 35.6323504896
594.0 36.4827383232
596.0 37.3479290752
598.0 38.2173018176
600.0 38.99872
602.0 39.6415848576
604.0 40.1993163392
606.0 40.7964946112
608.0 41.4324558656
610.0 41.975484
612.0 42.3647742016
614.0 42.6599364288
616.0 42.9789459584
618.0 43.327246016
620.0 43.645376
622.0 43.909156704
624.0 44.1406763392
626.0 44.3753490624
628.0 44.6160956288
630.0 44.8589
632.0 45.1019201088
634.0 45.3468320704
636.0 45.5957766656
638.0 45.8466960896
640.0 46.072424
642.0 46.2593357376
644.0 46.4228150528
646.0 46.5962348928
648.0 46.7807569216
650.0 46.954044
652.0 47.1071015296
654.0 47.2473973504
656.0 47.3867472448
658.0 47.5271758272
660.0 47.680084
662.0 47.8511971072
664.0 48.0346238528
666.0 48.217021696
668.0 48.396830688
670.0 48.572076
672.0 48.740683232
674.0 48.9044944512
676.0 49.0697992384
678.0 49.2358674048
680.0 49.391464
682.0 49.5311789888
684.0 49.6596922176
686.0 49.7868612352
688.0 49.9133166592
690.0 50.034528
692.0 50.1466451712
694.0 50.2556424448
696.0 50.3764555008
698.0 50.5060972032
700.0 50.594616
702.0 50.6183637312
704.0 50.6008889856
706.0 50.5910314368
708.0 50.592375648
710.0 50.594616
712.0 50.594616
714.0 50.594616
716.0 50.594616
718.0 50.594616
720.0 50.594616
722.0 50.594616
724.0 50.594616
726.0 50.594616
728.0 50.594616
730.0 50.594616
732.0 50.594616
734.0 50.594616
736.0 50.594616
738.0 50.594616
740.0 50.594616
742.0 50.594616
744.0 50.594616
746.0 50.594616
748.0 50.594616
750.0 50.594616
