380.0 12.228588
382.0 12.2288681333
384.0 12.2292683238
386.0 12.2279476952
388.0 12.2281878095
390.0 12.228588
392.0 12.232072992
394.0 12.2341639872
396.0 12.2188134272
398.0 12.191497728
400.0 12.228588
402.0 12.366079232
404.0 12.5674121984
406.0 12.75673024
408.0 12.9276939904
410.0 13.089464
412.0 13.2453261184
414.0 13.3927246848
416.0 13.5308797248
418.0 13.6631102784
420.0 13.825876
422.0 14.0411489344
424.0 14.2850983744
426.0 14.499890048
428.0 14.6896395648
430.0 14.956424
432.0 15.3486349568
434.0 15.8181463552
436.0 16.2659346368
438.0 16.6868220992
440.0 17.124172
442.0 17.5930859712
444.0 18.081051232
446.0 18.5744929088
448.0 19.0683328704
450.0 19.520104
452.0 19.9073032064
454.0 20.2541594816
456.0 20.615968032
458.0 20.993923712
460.0 21.345576
462.0 21.651425536
464.0 21.9297436352
466.0 22.2158946688
468.0 22.5106752064
470.0 22.787284
472.0 23.0345026944
474.0 23.2635496448
476.0 23.4942063296
478.0 23.7286965056
480.0 23.969692
482.0 24.2200803776
484.0 24.4762438848
486.0 24.7271301184
488.0 24.973535648
490.0 25.235076
492.0 25.520679392
494.0 25.8216167488
496.0 26.1205460864
498.0 26.4157746944
500.0 26.7079
502.0 26.9943663424
504.0 27.278194048
506.0 27.5711325184
508.0 27.869895904
510.0 28.128864
512.0 28.32427248
514.0 28.48068224
516.0 28.6528740352
518.0 28.8409474368
520.0 28.98974
522.0 29.0746078528
524.0 29.120095296
526.0 29.1732165312
528.0 29.2373901696
530.0 29.3009
532.0 29.3617711936
534.0 29.4203522496
536.0 29.4696897792
538.0 29.513069632
540.0 29.591316
542.0 29.724575456
544.0 29.8931660928
546.0 30.0545876032
548.0 30.2067158016
550.0 30.369216
552.0 30.5485769216
554.0 30.73887408
556.0 30.933950656
558.0 31.1306535616
560.0 31.302696
562.0 31.4405689216
564.0 31.552619712
566.0 31.6517428416
568.0 31.745538912
570.0 31.904272
572.0 32.172533408
574.0 32.50045456
576.0 32.7641190976
578.0 32.9741147584
580.0 33.366724
582.0 34.0533006144
584.0 34.9248141376
586.0 35.7576608448
588.0 36.5380003392
590.0 37.3392
592.0 38.1831654912
594.0 39.0533016128
596.0 39.944314496
598.0 40.845682784
600.0 41.653952
602.0 42.314192032
604.0 42.8821959424
606.0 43.4853650816
608.0 44.1246287808
610.0 44.682576
612.0 45.1048242688
614.0 45.4461875328
616.0 45.8149992576
618.0 46.214644864
620.0 46.57028
622.0 46.849245312
624.0 47.0826070144
626.0 47.3269049536
628.0 47.5852258368
630.0 47.835664
632.0 48.0694737728
634.0 48.293774496
636.0 48.5187722176
638.0 48.7447656512
640.0 48.966212
642.0 49.1798917952
644.0 49.389223648
646.0 49.6020404928
648.0 49.8172470464
650.0 50.013784
652.0 50.1819265664
654.0 50.33199696
656.0 50.4849051328
658.0 50.6423769856
660.0 50.802056
662.0 50.9634941056
664.0 51.1260440896
666.0 51.2864864832
668.0 51.444456192
670.0 51.6007
672.0 51.756114048
674.0 51.9096030528
676.0 52.0581134976
678.0 52.2027074752
680.0 52.357856
682.0 52.5291350592
684.0 52.711499712
686.0 52.8966025728
688.0 53.0813569344
690.0 53.239476
692.0 53.3559245184
694.0 53.4475300224
696.0 53.5541873728
698.0 53.674934048
700.0 53.758076
702.0 53.78006464
704.0 53.76388432
706.0 53.75475696
708.0 53.7560016
710.0 53.758076
712.0 53.758076
714.0 53.758076
716.0 53.758076
718.0 53.758076
720.0 53.758076
722.0 53.758076
724.0 53.758076
726.0 53.758076
728.0 53.758076
730.0 53.758076
732.0 53.758076
734.0 53.758076
736.0 53.758076
738.0 53.758076
740.0 53.758076
742.0 53.758076
744.0 53.758076
746.0 53.758076
748.0 53.758076
750.0 53.758076
