380.0 12.280448
382.0 12.280701454
384.0 12.2810635311
386.0 12.2798686767
388.0 12.2800859229
390.0 12.280448
392.0 12.283601088
394.0 12.2854929408
396.0 12.2716193536
398.0 12.2470252672
400.0 12.280448
402.0 12.4042647872
404.0 12.5862643456
406.0 12.7596344
408.0 12.9187657728
410.0 13.06872
412.0 13.2110902208
414.0 13.345610912
416.0 13.475468352
418.0 13.6039815808
420.0 13.763644
422.0 13.9746353728
424.0 14.214120704
426.0 14.4260911936
428.0 14.6148284032
430.0 14.88382
432.0 15.2832000832
434.0 15.7626686016
436.0 16.2168128448
438.0 16.641915488
440.0 17.103428
442.0 17.626923584
444.0 18.1894510784
446.0 18.7557124928
448.0 19.3189369856
450.0 19.841636
452.0 20.3014558016
454.0 20.7227083584
456.0 21.1653853184
458.0 21.6283250176
460.0 22.0405
462.0 22.3688028416
464.0 22.6451129216
466.0 22.9333549504
468.0 23.2365824448
470.0 23.523696
472.0 23.7823155968
474.0 24.0243565888
476.0 24.2685383616
478.0 24.516586816
480.0 24.768336
482.0 25.02473184
484.0 25.2836003648
486.0 25.5380047808
488.0 25.78811104
490.0 26.044092
492.0 26.310279008
494.0 26.5825730496
496.0 26.8534730944
498.0 27.1218838592
500.0 27.38208
502.0 27.6287012672
504.0 27.8689333824
506.0 28.122474848
508.0 28.3861393856
510.0 28.605976
512.0 28.7538890176
514.0 28.858140064
516.0 28.981608352
518.0 29.1237960256
520.0 29.217924
522.0 29.2339881536
524.0 29.2010632768
526.0 29.1752079552
528.0 29.1604382272
530.0 29.14532
532.0 29.1294052032
534.0 29.1101879616
536.0 29.0721517632
538.0 29.0200760256
540.0 29.020856
542.0 29.1072838016
544.0 29.2469656
546.0 29.3705832448
548.0 29.4748840768
550.0 29.591316
552.0 29.7318607488
554.0 29.8867271552
556.0 30.0426556544
558.0 30.1972565376
560.0 30.3381
562.0 30.4639414016
564.0 30.5734697216
566.0 30.6567610304
568.0 30.7235069248
570.0 30.887816
572.0 31.2135631808
574.0 31.6337868352
576.0 31.9918614656
578.0 32.2934626304
580.0 32.754776
582.0 33.4768663424
584.0 34.3599301248
586.0 35.2022858816
588.0 35.9932131136
590.0 36.8206
592.0 37.7140523776
594.0 38.6488765888
596.0 39.6006776896
598.0 40.5574075648
600.0 41.415396
602.0 42.1175223168
604.0 42.7241598528
606.0 43.376367808
608.0 44.0730840896
610.0 44.661832
612.0 45.0717832256
614.0 45.3725712256
616.0 45.702931872
618.0 46.0687066752
620.0 46.393956
622.0 46.6473812992
624.0 46.8578250304
626.0 47.0729817984
628.0 47.2968344512
630.0 47.524504
632.0 47.7543641152
634.0 47.9875764608
636.0 48.2236929664
638.0 48.4606890176
640.0 48.675796
642.0 48.8577291776
644.0 49.0187026176
646.0 49.1851524736
648.0 49.3584063616
650.0 49.5263
652.0 49.6844190656
654.0 49.8357838848
656.0 49.983580736
658.0 50.1292368064
660.0 50.283456
662.0 50.4510177344
664.0 50.6287357312
666.0 50.8101710528
668.0 50.9934650368
670.0 51.165076
672.0 51.3175692928
674.0 51.457317472
676.0 51.5996876928
678.0 51.744746336
680.0 51.880744
682.0 52.002635744
684.0 52.1152009856
686.0 52.2271024192
688.0 52.3391366144
690.0 52.451204
692.0 52.5615122944
694.0 52.6725175872
696.0 52.7919698368
698.0 52.9165168128
700.0 53.00092
702.0 53.0236388288
704.0 53.0069440576
706.0 52.9974681984
708.0 52.998762624
710.0 53.00092
712.0 53.00092
714.0 53.00092
716.0 53.00092
718.0 53.00092
720.0 53.00092
722.0 53.00092
724.0 53.00092
726.0 53.00092
728.0 53.00092
730.0 53.00092
732.0 53.00092
734.0 53.00092
736.0 53.00092
738.0 53.00092
740.0 53.00092
742.0 53.00092
744.0 53.00092
746.0 53.00092
748.0 53.00092
750.0 53.00092
