380.0 15.931392
382.0 15.9315654159
384.0 15.9318131528
386.0 15.9309956209
388.0 15.931144263
390.0 15.931392
392.0 15.933549376
394.0 15.9348438016
396.0 15.9253513472
398.0 15.9085238144
400.0 15.931392
402.0 16.0161436864
404.0 16.1406906624
406.0 16.2591306048
408.0 16.367513856
410.0 16.470736
412.0 16.572547552
414.0 16.6680695232
416.0 16.7464320576
418.0 16.8129788096
420.0 16.937476
422.0 17.1586568256
424.0 17.4355975232
426.0 17.6733237632
428.0 17.8751545856
430.0 18.171744
432.0 18.6240129856
434.0 19.1718703232
436.0 19.6942042432
438.0 20.1843766656
440.0 20.69214
442.0 21.2341890176
444.0 21.7970816064
446.0 22.3684875328
448.0 22.9421338112
450.0 23.461464
452.0 23.8958599552
454.0 24.2782299584
456.0 24.6844638592
458.0 25.1147939904
460.0 25.494376
462.0 25.7889739904
464.0 26.0319940992
466.0 26.2887384384
468.0 26.5622937152
470.0 26.821992
472.0 27.0561668672
474.0 27.2743273664
476.0 27.4893181824
478.0 27.7034626432
480.0 27.931796
482.0 28.1829809472
484.0 28.4469607936
486.0 28.6996724992
488.0 28.9412488256
490.0 29.19718
492.0 29.4788503296
494.0 29.7760039808
496.0 30.0691249984
498.0 30.356686624
500.0 30.638888
502.0 30.91353856
504.0 31.1845547712
506.0 31.4645987712
508.0 31.751513184
510.0 32.007992
512.0 32.21418736
514.0 32.3907436928
516.0 32.5841441536
518.0 32.7934594112
520.0 32.962216
522.0 33.0643760512
524.0 33.1254795776
526.0 33.1962581056
528.0 33.2795328192
530.0 33.356352
532.0 33.4210068992
534.0 33.4769493184
536.0 33.524212448
538.0 33.5660821376
540.0 33.636396
542.0 33.7519483776
544.0 33.8971397824
546.0 34.037833888
548.0 34.17200608
550.0 34.310576
552.0 34.456945664
554.0 34.6078126272
556.0 34.7604220864
558.0 34.9133800448
560.0 35.05736
562.0 35.1920964288
564.0 35.3154651456
566.0 35.416314176
568.0 35.5024764544
570.0 35.669308
572.0 35.9701291904
574.0 36.3491967488
576.0 36.6762715456
578.0 36.9562325696
580.0 37.370316
582.0 38.0037215936
584.0 38.772112544
586.0 39.5041766016
588.0 40.191582976
590.0 40.91754
592.0 41.711786272
594.0 42.54843328
596.0 43.3955684544
598.0 44.2431019136
600.0 45.01448
602.0 45.6662232896
604.0 46.2455285312
606.0 46.864678848
608.0 47.5219151488
610.0 48.084592
612.0 48.4902450688
614.0 48.80067488
616.0 49.1409096704
618.0 49.5154633344
620.0 49.847832
622.0 50.1055056704
624.0 50.318969728
626.0 50.5414117888
628.0 50.7762172736
630.0 51.009496
632.0 51.2349915776
634.0 51.4571349248
636.0 51.6828628352
638.0 51.9100511232
640.0 52.108928
642.0 52.2650224512
644.0 52.3943986304
646.0 52.531109888
648.0 52.6769485056
650.0 52.814224
652.0 52.9364144576
654.0 53.0491456512
656.0 53.1598024448
658.0 53.27017712
660.0 53.395056
662.0 53.541757568
664.0 53.7013370112
666.0 53.85432816
668.0 53.9993038272
670.0 54.14184
672.0 54.2835796032
674.0 54.4241077568
676.0 54.5649512192
678.0 54.7056453248
680.0 54.836764
682.0 54.9536605888
684.0 55.0617783168
686.0 55.1727006336
688.0 55.286825824
690.0 55.396852
692.0 55.497750816
694.0 55.5943846656
696.0 55.6991833536
698.0 55.809491648
700.0 55.884336
702.0 55.904416192
704.0 55.8896630592
706.0 55.8812824832
708.0 55.882427552
710.0 55.884336
712.0 55.884336
714.0 55.884336
716.0 55.884336
718.0 55.884336
720.0 55.884336
722.0 55.884336
724.0 55.884336
726.0 55.884336
728.0 55.884336
730.0 55.884336
732.0 55.884336
734.0 55.884336
736.0 55.884336
738.0 55.884336
740.0 55.884336
742.0 55.884336
744.0 55.884336
746.0 55.884336
748.0 55.884336
750.0 55.884336
