380.0 11.554408
382.0 11.5546481143
384.0 11.5549911347
386.0 11.5538591674
388.0 11.5540649796
390.0 11.554408
392.0 11.557395136
394.0 11.5591874176
396.0 11.5460440192
398.0 11.5227443584
400.0 11.554408
402.0 11.6720181824
404.0 11.8446248576
406.0 12.0074735552
408.0 12.1555525248
410.0 12.301192
412.0 12.4498683968
414.0 12.5957733952
416.0 12.72976304
418.0 12.8550568
420.0 13.01686
422.0 13.240231392
424.0 13.4987182272
426.0 13.7310676224
428.0 13.9395365248
430.0 14.20964
432.0 14.5813558848
434.0 15.0152041984
436.0 15.4313952192
438.0 15.825680576
440.0 16.23218
442.0 16.662742464
444.0 17.1075768
446.0 17.5562446272
448.0 18.0048626688
450.0 18.420672
452.0 18.7857498048
454.0 19.1197448
456.0 19.4682605952
458.0 19.8313967616
460.0 20.163168
462.0 20.4428469056
464.0 20.6905302656
466.0 20.944967872
468.0 21.2086821952
470.0 21.47004
472.0 21.7255396992
474.0 21.9777203584
476.0 22.2271296192
478.0 22.4749955264
480.0 22.735424
482.0 23.0159990464
484.0 23.308041376
486.0 23.5918690816
488.0 23.8676149248
490.0 24.156388
492.0 24.4675314048
494.0 24.7927973248
496.0 25.116669248
498.0 25.4377531776
500.0 25.753676
502.0 26.0608199616
504.0 26.3645950976
506.0 26.6809659904
508.0 27.0071778368
510.0 27.299104
512.0 27.5335775808
514.0 27.7331016704
516.0 27.9481920576
518.0 28.1781185536
520.0 28.36742
522.0 28.4909380736
524.0 28.5731672896
526.0 28.661901824
528.0 28.7603279552
530.0 28.854904
532.0 28.9431240832
534.0 29.0257349888
536.0 29.096032256
538.0 29.1577664
540.0 29.259412
542.0 29.42453424
544.0 29.6286386048
546.0 29.8195995712
548.0 29.9944631936
550.0 30.172148
552.0 30.3593086656
554.0 30.5519125568
556.0 30.74717168
558.0 30.9436920384
560.0 31.126372
562.0 31.2920252864
564.0 31.4422450368
566.0 31.5738283776
568.0 31.6946414336
570.0 31.8939
572.0 32.2217879616
574.0 32.6242713472
576.0 32.9748781376
578.0 33.2781222272
580.0 33.709
582.0 34.3493423872
584.0 35.1190775488
586.0 35.85641888
588.0 36.552836448
590.0 37.276968
592.0 38.051714912
594.0 38.8586897024
596.0 39.6811644096
598.0 40.5096133888
600.0 41.259816
602.0 41.8856873728
604.0 42.4350714688
606.0 43.0194216512
608.0 43.6381073024
610.0 44.174348
612.0 44.5740765824
614.0 44.8903644992
616.0 45.2285082944
618.0 45.5929222912
620.0 45.927216
622.0 46.2081893312
624.0 46.4564535232
626.0 46.7056304512
628.0 46.9585412992
630.0 47.213344
632.0 47.4695075072
634.0 47.727297344
636.0 47.9855020608
638.0 48.2423625664
640.0 48.478728
642.0 48.6848735744
644.0 48.8715197888
646.0 49.0622816128
648.0 49.2581547584
650.0 49.443324
652.0 49.6116325184
654.0 49.769336704
656.0 49.9264268672
658.0 50.0848280512
660.0 50.25234
662.0 50.4329123712
664.0 50.6231929344
666.0 50.815249184
668.0 51.0078862656
670.0 51.196192
672.0 51.3765486336
674.0 51.5523747776
676.0 51.7333122432
678.0 51.918332128
680.0 52.088184
682.0 52.233889856
684.0 52.364328128
686.0 52.4975709888
688.0 52.6348464832
690.0 52.772736
692.0 52.9075885952
694.0 53.0430552128
696.0 53.1895742336
698.0 53.3428972864
700.0 53.446916
702.0 53.4749121024
704.0 53.4543340544
706.0 53.4426676288
708.0 53.444260768
710.0 53.446916
712.0 53.446916
714.0 53.446916
716.0 53.446916
718.0 53.446916
720.0 53.446916
722.0 53.446916
724.0 53.446916
726.0 53.446916
728.0 53.446916
730.0 53.446916
732.0 53.446916
734.0 53.446916
736.0 53.446916
738.0 53.446916
740.0 53.446916
742.0 53.446916
744.0 53.446916
746.0 53.446916
748.0 53.446916
750.0 53.446916
