380.0 18.82518
382.0 18.8255335016
384.0 18.8260385038
386.0 18.8243719964
388.0 18.8246749977
390.0 18.82518
392.0 18.829577728
394.0 18.8322163648
396.0 18.8128497664
398.0 18.7784147264
400.0 18.82518
402.0 18.9975543424
404.0 19.2509962368
406.0 19.4947299392
408.0 19.719329376
410.0 19.91424
412.0 20.073470944
414.0 20.2045066432
416.0 20.328041312
418.0 20.4504475072
420.0 20.619536
422.0 20.8618425152
424.0 21.1484748096
426.0 21.4115585152
428.0 21.6512263936
430.0 21.93678
432.0 22.2986881216
434.0 22.7084733952
436.0 23.1126992768
438.0 23.506188064
440.0 23.886716
442.0 24.249238144
444.0 24.5998615296
446.0 24.9600603456
448.0 25.327843168
450.0 25.660328
452.0 25.93663808
454.0 26.17851312
456.0 26.4317392768
458.0 26.6978764992
460.0 26.946456
462.0 27.1641186432
464.0 27.3635929472
466.0 27.568112192
468.0 27.7787384704
470.0 27.983656
472.0 28.1785168384
474.0 28.3670715008
476.0 28.5542653568
478.0 28.7414260224
480.0 28.93788
482.0 29.1503317504
484.0 29.3711474816
486.0 29.5802967872
488.0 29.7800698048
490.0 30.016568
492.0 30.3107843008
494.0 30.6414270656
496.0 30.9659627968
498.0 31.2801763136
500.0 31.58274
502.0 31.8686421056
504.0 32.144819424
506.0 32.4347209728
508.0 32.7347621888
510.0 32.98296
512.0 33.1483145728
514.0 33.2623567872
516.0 33.3931767488
518.0 33.5422348352
520.0 33.65714
522.0 33.7154057472
524.0 33.738290528
526.0 33.7640794688
528.0 33.7963239424
530.0 33.833464
532.0 33.8783042304
534.0 33.9272102848
536.0 33.9651966976
538.0 33.9951510336
540.0 34.061648
542.0 34.1862447616
544.0 34.3472845824
546.0 34.4990476864
548.0 34.6390447936
550.0 34.787688
552.0 34.9518643136
554.0 35.1252509632
556.0 35.3009443456
558.0 35.4761564672
560.0 35.62782
562.0 35.7500602432
564.0 35.8474906624
566.0 35.9216546112
568.0 35.9834053504
570.0 36.14642
572.0 36.4767806464
574.0 36.9035594048
576.0 37.2573524736
578.0 37.5466897856
580.0 38.034124
582.0 38.8429408576
584.0 39.8503524736
586.0 40.8065513024
588.0 41.6979956608
590.0 42.62892
592.0 43.6339916928
594.0 44.6862103488
596.0 45.7624920448
598.0 46.8487308608
600.0 47.81492
602.0 48.5912268608
604.0 49.2508030848
606.0 49.961841024
608.0 50.7252700096
610.0 51.382888
612.0 51.8608795456
614.0 52.2318652416
616.0 52.6402897088
618.0 53.0899034624
620.0 53.478032
622.0 53.7596027584
624.0 53.9769003072
626.0 54.2075403968
628.0 54.4558045888
630.0 54.691556
632.0 54.9026303488
634.0 55.1000302528
636.0 55.300516864
638.0 55.5043557056
640.0 55.69764
642.0 55.8734329536
644.0 56.0387377408
646.0 56.2082245184
648.0 56.38136224
650.0 56.537772
652.0 56.668708128
654.0 56.7824848192
656.0 56.8945356096
658.0 57.0072170176
660.0 57.128976
662.0 57.2649404736
664.0 57.4102148544
666.0 57.5520042432
668.0 57.6900431168
670.0 57.834272
672.0 57.9881758848
674.0 58.1480706368
676.0 58.3087453632
678.0 58.4682418304
680.0 58.612172
682.0 58.7329352704
684.0 58.8384641472
686.0 58.9469635648
688.0 59.0590641408
690.0 59.161888
692.0 59.2483323968
694.0 59.3265621696
696.0 59.4146660864
698.0 59.510885056
700.0 59.576768
702.0 59.594358912
704.0 59.581414656
706.0 59.574112768
708.0 59.57510848
710.0 59.576768
712.0 59.576768
714.0 59.576768
716.0 59.576768
718.0 59.576768
720.0 59.576768
722.0 59.576768
724.0 59.576768
726.0 59.576768
728.0 59.576768
730.0 59.576768
732.0 59.576768
734.0 59.576768
736.0 59.576768
738.0 59.576768
740.0 59.576768
742.0 59.576768
744.0 59.576768
746.0 59.576768
748.0 59.576768
750.0 59.576768
