380.0 13.53546
382.0 13.5357267936
384.0 13.5361079274
386.0 13.534850186
388.0 13.5350788662
390.0 13.53546
392.0 13.53877904
394.0 13.540770464
396.0 13.5261500928
398.0 13.5001288192
400.0 13.53546
402.0 13.6660808192
404.0 13.8576226176
406.0 14.0393898432
408.0 14.2048771776
410.0 14.354848
412.0 14.4889870016
414.0 14.6089039168
416.0 14.7217014912
418.0 14.8317276672
420.0 14.977168
422.0 15.1790652032
424.0 15.4151817088
426.0 15.633591136
428.0 15.83472496
430.0 16.0766
432.0 16.385021792
434.0 16.734350752
436.0 17.0754982784
438.0 17.4043487616
440.0 17.725748
442.0 18.0383683776
444.0 18.3459272192
446.0 18.664040608
448.0 18.9902856448
450.0 19.281548
452.0 19.5165194368
454.0 19.7167737152
456.0 19.9284786816
458.0 20.1529951424
460.0 20.360236
462.0 20.5376718784
464.0 20.696205824
466.0 20.8542419136
468.0 21.0139043328
470.0 21.179624
472.0 21.3551016448
474.0 21.536669728
476.0 21.7132592512
478.0 21.8856335936
480.0 22.071616
482.0 22.2815120896
484.0 22.5043192448
486.0 22.7142153344
488.0 22.913324544
490.0 23.150304
492.0 23.448104864
494.0 23.7839419264
496.0 24.1110665088
498.0 24.4266906176
500.0 24.747592
502.0 25.0781351936
504.0 25.4155819904
506.0 25.7618574336
508.0 26.1132441984
510.0 26.427856
512.0 26.6833722944
514.0 26.9030761472
516.0 27.1399062464
518.0 27.3936302592
520.0 27.610264
522.0 27.7651967872
524.0 27.881678496
526.0 28.005063808
528.0 28.1380079552
530.0 28.2637
532.0 28.3775596672
534.0 28.4833706624
536.0 28.581747008
538.0 28.6761405056
540.0 28.803044
542.0 28.9812432576
544.0 29.190624896
546.0 29.3864648512
548.0 29.5677010304
550.0 29.76764
552.0 30.0008357504
554.0 30.2541614784
556.0 30.5036869056
558.0 30.7476861312
560.0 30.991536
562.0 31.2408954752
564.0 31.4882137408
566.0 31.7133940096
568.0 31.9228088384
570.0 32.20506
572.0 32.6096841664
574.0 33.0849872896
576.0 33.510521408
578.0 33.891464224
580.0 34.403924
582.0 35.130212928
584.0 35.9882843392
586.0 36.8121032576
588.0 37.5924095616
590.0 38.397144
592.0 39.2485275456
594.0 40.129019072
596.0 41.0244794688
598.0 41.9253499008
600.0 42.743012
602.0 43.4297877568
604.0 44.0356453184
606.0 44.6755396352
608.0 45.349868992
610.0 45.94796
612.0 46.41760416
614.0 46.810412544
616.0 47.230188128
618.0 47.678922336
620.0 48.07422
622.0 48.379405728
624.0 48.6297609152
626.0 48.8916497664
628.0 49.1686568448
630.0 49.432952
632.0 49.6730679488
634.0 49.8995094528
636.0 50.1290542592
638.0 50.3620674624
640.0 50.584244
642.0 50.7883981504
644.0 50.9825453952
646.0 51.1835132672
648.0 51.3906379584
650.0 51.579956
652.0 51.7413775104
654.0 51.8836647552
656.0 52.0225333888
658.0 52.1609373568
660.0 52.316368
662.0 52.4984837248
664.0 52.6970286976
666.0 52.8876079744
668.0 53.069458176
670.0 53.26022
672.0 53.466581312
674.0 53.6818874368
676.0 53.8959157312
678.0 54.1063760576
680.0 54.29742
682.0 54.4606006016
684.0 54.606256672
686.0 54.7579533952
688.0 54.9164541504
690.0 55.064948
692.0 55.1937599424
694.0 55.3123990272
696.0 55.442820704
698.0 55.5821042176
700.0 55.676896
702.0 55.7022534656
704.0 55.683617056
706.0 55.6730459136
708.0 55.674489696
710.0 55.676896
712.0 55.676896
714.0 55.676896
716.0 55.676896
718.0 55.676896
720.0 55.676896
722.0 55.676896
724.0 55.676896
726.0 55.676896
728.0 55.676896
730.0 55.676896
732.0 55.676896
734.0 55.676896
736.0 55.676896
738.0 55.676896
740.0 55.676896
742.0 55.676896
744.0 55.676896
746.0 55.676896
748.0 55.676896
750.0 55.676896
