380.0 21.117392
382.0 21.1176788032
384.0 21.118088522
386.0 21.1167364499
388.0 21.1169822812
390.0 21.117392
392.0 21.120959968
394.0 21.1231007488
396.0 21.1073850944
398.0 21.0794221824
400.0 21.117392
402.0 21.2574057024
404.0 21.4630866112
406.0 21.660220992
408.0 21.8412414336
410.0 21.999012
412.0 22.1293341056
414.0 22.2377671424
416.0 22.3400599552
418.0 22.4412574848
420.0 22.579844
422.0 22.7775592128
424.0 23.0104728448
426.0 23.2219620736
428.0 23.41292304
430.0 23.64816
432.0 23.955752032
434.0 24.3104080512
436.0 24.6653461888
438.0 25.0145589824
440.0 25.338796
442.0 25.6251793664
444.0 25.887516288
446.0 26.1627808704
448.0 26.450342496
450.0 26.7079
452.0 26.91575488
454.0 27.0933069248
456.0 27.2793889024
458.0 27.4756271424
460.0 27.662124
462.0 27.8307644224
464.0 27.9882362752
466.0 28.1450277248
468.0 28.3021012928
470.0 28.460768
472.0 28.6238822208
474.0 28.7876602496
476.0 28.9400871616
478.0 29.0838181888
480.0 29.259412
482.0 29.4881602368
484.0 29.7480078784
486.0 29.9896339904
488.0 30.2135364288
490.0 30.472936
492.0 30.7917961728
494.0 31.147613856
496.0 31.496942816
498.0 31.8364640128
500.0 32.173944
502.0 32.5074909248
504.0 32.84065616
506.0 33.1917939968
508.0 33.55466464
510.0 33.843836
512.0 34.01518144
514.0 34.114918592
516.0 34.2455062208
518.0 34.4078404672
520.0 34.507644
522.0 34.5040926272
524.0 34.4360191168
526.0 34.3747828288
528.0 34.3273537472
530.0 34.300204
532.0 34.3023779712
534.0 34.3206824768
536.0 34.3149405376
538.0 34.2885375744
540.0 34.320948
542.0 34.4496769664
544.0 34.6374848448
546.0 34.8079507392
548.0 34.956627136
550.0 35.10922
552.0 35.272931648
554.0 35.4443434688
556.0 35.6272557632
558.0 35.8172210176
560.0 35.959724
562.0 36.0335394496
564.0 36.0580007744
566.0 36.0659000896
568.0 36.0694514624
570.0 36.167164
572.0 36.4255014784
574.0 36.7700012352
576.0 37.0101503744
578.0 37.1656308032
580.0 37.639988
582.0 38.6254275712
584.0 39.929544768
586.0 41.1535071488
588.0 42.2753094784
590.0 43.45868
592.0 44.7576194944
594.0 46.1292127744
596.0 47.5372159232
598.0 48.9592918016
600.0 50.190108
602.0 51.1206506496
604.0 51.8654100352
606.0 52.6856775808
608.0 53.584905088
610.0 54.338908
612.0 54.845227552
614.0 55.202937088
616.0 55.6043085952
618.0 56.0564116288
620.0 56.444424
622.0 56.7193898688
624.0 56.9272779392
626.0 57.1485417408
628.0 57.3879606912
630.0 57.61646
632.0 57.8225889792
634.0 58.0165370816
636.0 58.2129080832
638.0 58.4121666496
640.0 58.6018
642.0 58.7753526016
644.0 58.9409063168
646.0 59.115670368
648.0 59.2989145664
650.0 59.462676
652.0 59.5935623424
654.0 59.7049327296
656.0 59.8243849792
658.0 59.9528816128
660.0 60.074624
662.0 60.1829740608
664.0 60.2833750208
666.0 60.384871264
668.0 60.4880602176
670.0 60.593224
672.0 60.7016404416
674.0 60.8108036672
676.0 60.9132956224
678.0 61.0102115904
680.0 61.122196
682.0 61.2573970944
684.0 61.4083636288
686.0 61.5624500608
688.0 61.7156735424
690.0 61.837864
692.0 61.9129074944
694.0 61.957681344
696.0 62.0111510784
698.0 62.0743456
700.0 62.117908
702.0 62.129192736
704.0 62.1209117312
706.0 62.1161820992
708.0 62.116829312
710.0 62.117908
712.0 62.117908
714.0 62.117908
716.0 62.117908
718.0 62.117908
720.0 62.117908
722.0 62.117908
724.0 62.117908
726.0 62.117908
728.0 62.117908
730.0 62.117908
732.0 62.117908
734.0 62.117908
736.0 62.117908
738.0 62.117908
740.0 62.117908
742.0 62.117908
744.0 62.117908
746.0 62.117908
748.0 62.117908
750.0 62.117908
