380.0 14.614148
382.0 14.6144548127
384.0 14.6148931165
386.0 14.6134467138
388.0 14.6137096962
390.0 14.614148
392.0 14.617964896
394.0 14.6202550336
396.0 14.6034606912
398.0 14.5736889024
400.0 14.614148
402.0 14.7643677504
404.0 14.984884768
406.0 15.193237504
408.0 15.3829538304
410.0 15.568372
412.0 15.7543544064
414.0 15.9364037504
416.0 16.1113835392
418.0 16.2811856256
420.0 16.470736
422.0 16.6936593216
424.0 16.9356339328
426.0 17.1637017664
428.0 17.378659392
430.0 17.622028
432.0 17.911946144
434.0 18.2310386496
436.0 18.5465631872
438.0 18.8546696704
440.0 19.146712
442.0 19.4157533824
444.0 19.6699918464
446.0 19.932577696
448.0 20.2023160768
450.0 20.443212
452.0 20.6384379328
454.0 20.8046222656
456.0 20.9754698496
458.0 21.1529721088
460.0 21.324832
462.0 21.4866186048
464.0 21.6420658432
466.0 21.7954552768
468.0 21.9475834752
470.0 22.102732
472.0 22.2641369152
474.0 22.4280643008
476.0 22.5845238464
478.0 22.7348099776
480.0 22.901376
482.0 23.0960874816
484.0 23.307377568
486.0 23.5092249856
488.0 23.702260352
490.0 23.917832
492.0 24.170659872
494.0 24.4461899776
496.0 24.7150156224
498.0 24.9760415232
500.0 25.245448
502.0 25.5285787072
504.0 25.821882272
506.0 26.122753248
508.0 26.4280385472
510.0 26.7079
512.0 26.9463896192
514.0 27.1586920128
516.0 27.3798728384
518.0 27.6098989056
520.0 27.817704
522.0 27.9900119616
524.0 28.1386385728
526.0 28.2848256896
528.0 28.4311289728
530.0 28.585232
532.0 28.7531588288
534.0 28.9278564992
536.0 29.089809056
538.0 29.240576448
540.0 29.414992
542.0 29.63031472
544.0 29.8698166464
546.0 30.0977849088
548.0 30.3137548416
550.0 30.54554
552.0 30.8053046656
554.0 31.0821789824
556.0 31.3562321152
558.0 31.6258709248
560.0 31.8939
562.0 32.1637213568
564.0 32.4304394112
566.0 32.681093312
568.0 32.920230144
570.0 33.211144
572.0 33.591837888
574.0 34.0211889024
576.0 34.4000075328
578.0 34.7361267136
580.0 35.21294
582.0 35.9146348416
584.0 36.7585837376
586.0 37.579332544
588.0 38.3628085312
590.0 39.123184
592.0 39.8561276032
594.0 40.5710488192
596.0 41.312173856
598.0 42.0732629184
600.0 42.743012
602.0 43.2660429184
604.0 43.698563616
606.0 44.1614369344
608.0 44.6576832
610.0 45.097456
612.0 45.440229856
614.0 45.7259328192
616.0 46.03052112
618.0 46.3563844672
620.0 46.653256
622.0 46.8992964352
624.0 47.1144863936
626.0 47.3347710784
628.0 47.5623742464
630.0 47.783804
632.0 47.9939324224
634.0 48.1987171904
636.0 48.4071529024
638.0 48.6197374144
640.0 48.831376
642.0 49.0387662144
644.0 49.2447790272
646.0 49.4565835648
648.0 49.6724871168
650.0 49.868576
652.0 50.0341795008
654.0 50.1796696192
656.0 50.3255082368
658.0 50.4744833472
660.0 50.636104
662.0 50.8157636352
664.0 51.0076373376
666.0 51.1972374976
668.0 51.3834024512
670.0 51.569584
672.0 51.7566284992
674.0 51.9433244992
676.0 52.1290247872
678.0 52.3132315072
680.0 52.492692
682.0 52.6657135552
684.0 52.834055264
686.0 53.0017165696
688.0 53.1688302336
690.0 53.332824
692.0 53.4896154496
694.0 53.6444154752
696.0 53.8127903744
698.0 53.9901930624
700.0 54.110724
702.0 54.1431178304
704.0 54.1193037184
706.0 54.1058118208
708.0 54.107653888
710.0 54.110724
712.0 54.110724
714.0 54.110724
716.0 54.110724
718.0 54.110724
720.0 54.110724
722.0 54.110724
724.0 54.110724
726.0 54.110724
728.0 54.110724
730.0 54.110724
732.0 54.110724
734.0 54.110724
736.0 54.110724
738.0 54.110724
740.0 54.110724
742.0 54.110724
744.0 54.110724
746.0 54.110724
748.0 54.110724
750.0 54.110724
