380.0 18.016164
382.0 18.0165775302
384.0 18.0171682875
386.0 18.0152187882
388.0 18.0155732426
390.0 18.016164
392.0 18.021308512
394.0 18.0243952192
396.0 18.0017759616
398.0 17.9617815296
400.0 18.016164
402.0 18.2159370176
404.0 18.5117464576
406.0 18.8039049536
408.0 19.0804639616
410.0 19.312664
412.0 19.4846400576
414.0 19.612788192
416.0 19.7389780928
418.0 19.8699142208
420.0 20.038704
422.0 20.2654608128
424.0 20.5274160448
426.0 20.7679302784
428.0 20.9878000832
430.0 21.252228
432.0 21.5898739392
434.0 21.9739698432
436.0 22.3540331136
438.0 22.7246205248
440.0 23.0777
442.0 23.4055215808
444.0 23.716864128
446.0 24.0386284608
448.0 24.36922144
450.0 24.664616
452.0 24.903420928
454.0 25.1078571968
456.0 25.3244577472
458.0 25.5544174336
460.0 25.764048
462.0 25.9389282176
464.0 26.0919193664
466.0 26.2457900608
468.0 26.4025649152
470.0 26.562692
472.0 26.7285776192
474.0 26.8968529472
476.0 27.0560009152
478.0 27.2078469952
480.0 27.38208
482.0 27.5940172992
484.0 27.8286402368
486.0 28.052692032
488.0 28.266272256
490.0 28.502256
492.0 28.775578944
494.0 29.0717036928
496.0 29.3623188352
498.0 29.6456320896
500.0 29.933592
502.0 30.2281236096
504.0 30.5274346368
506.0 30.83512624
508.0 31.1463194304
510.0 31.406416
512.0 31.5865900864
514.0 31.7175594048
516.0 31.8686421056
518.0 32.0400705216
520.0 32.163572
522.0 32.2095075136
524.0 32.2061220928
526.0 32.2056740224
528.0 32.213606528
530.0 32.236176
532.0 32.2818128
534.0 32.3396968576
536.0 32.3761067264
538.0 32.3952575872
540.0 32.474732
542.0 32.6509896192
544.0 32.8885996928
546.0 33.1147922688
548.0 33.3242568832
550.0 33.532676
552.0 33.7427878272
554.0 33.953281344
556.0 34.171923104
558.0 34.3953940672
560.0 34.580248
562.0 34.7126942912
564.0 34.8044989376
566.0 34.8687887424
568.0 34.9199019584
570.0 35.098848
572.0 35.4872088704
574.0 35.9967644864
576.0 36.4172204736
578.0 36.7579697152
580.0 37.328828
582.0 38.2745220672
584.0 39.4536110272
586.0 40.5800102272
588.0 41.6371244672
590.0 42.73264
592.0 43.8993821312
594.0 45.1114955392
596.0 46.3554717312
598.0 47.6138857472
600.0 48.717284
602.0 49.5754383872
604.0 50.28179648
606.0 51.0498389312
608.0 51.880992928
610.0 52.575668
612.0 53.042490976
614.0 53.3721048384
616.0 53.7416799424
618.0 54.15885008
620.0 54.525604
622.0 54.800752416
624.0 55.02263024
626.0 55.256456608
628.0 55.506214368
630.0 55.7495
632.0 55.976605312
634.0 56.1966078784
636.0 56.4246425216
638.0 56.6591492928
640.0 56.869676
642.0 57.0415027008
644.0 57.1886523392
646.0 57.3405979904
648.0 57.4987668416
650.0 57.647576
652.0 57.7812171456
654.0 57.9062287872
656.0 58.0325514496
658.0 58.1618778432
660.0 58.301012
662.0 58.4533725312
664.0 58.6146778752
666.0 58.77521984
668.0 58.9337371904
670.0 59.089284
672.0 59.2403335104
674.0 59.3881469568
676.0 59.5376199232
678.0 59.68795584
680.0 59.825696
682.0 59.944600608
684.0 60.0515732672
686.0 60.1606867072
688.0 60.273102592
690.0 60.385784
692.0 60.495561248
694.0 60.6062346368
696.0 60.7281097856
698.0 60.8576021312
700.0 60.945872
702.0 60.9696197312
704.0 60.9521449856
706.0 60.9422874368
708.0 60.943631648
710.0 60.945872
712.0 60.945872
714.0 60.945872
716.0 60.945872
718.0 60.945872
720.0 60.945872
722.0 60.945872
724.0 60.945872
726.0 60.945872
728.0 60.945872
730.0 60.945872
732.0 60.945872
734.0 60.945872
736.0 60.945872
738.0 60.945872
740.0 60.945872
742.0 60.945872
744.0 60.945872
746.0 60.945872
748.0 60.945872
750.0 60.945872
