380.0 21.086276
382.0 21.0863560381
384.0 21.0864703782
386.0 21.0860930558
388.0 21.0861616599
390.0 21.086276
392.0 21.087271712
394.0 21.0878691392
396.0 21.0834880064
398.0 21.0757214528
400.0 21.086276
402.0 21.1261708608
404.0 21.1841212992
406.0 21.2353672768
408.0 21.2793777472
410.0 21.335204
412.0 21.4150435072
414.0 21.5055371328
416.0 21.574257856
418.0 21.626283808
420.0 21.750084
422.0 21.990963328
424.0 22.3016918528
426.0 22.5786657408
428.0 22.821387136
430.0 23.12956
432.0 23.547178208
434.0 24.032006976
436.0 24.5045718912
438.0 24.9583344448
440.0 25.401028
442.0 25.8306611328
444.0 26.2525443072
446.0 26.6900933504
448.0 27.1395909376
450.0 27.53766
452.0 27.8526866816
454.0 28.1160525056
456.0 28.3954824832
458.0 28.692602944
460.0 28.958624
462.0 29.172619104
464.0 29.3543531392
466.0 29.5392402624
468.0 29.7302012288
470.0 29.92322
472.0 30.1193586688
474.0 30.3162275264
476.0 30.5025750272
478.0 30.68079088
480.0 30.887816
482.0 31.142220416
484.0 31.4250690048
486.0 31.6952222656
488.0 31.9517508672
490.0 32.225804
492.0 32.5297616832
494.0 32.8523723712
496.0 33.17546432
498.0 33.4954529664
500.0 33.791976
502.0 34.0500645504
504.0 34.2868780544
506.0 34.547970336
508.0 34.8281636928
510.0 35.026244
512.0 35.0918614208
514.0 35.0760959808
516.0 35.088558976
518.0 35.1315073536
520.0 35.119592
522.0 35.0170004736
524.0 34.857221888
526.0 34.6988870848
528.0 34.5490324288
530.0 34.424668
532.0 34.3401818368
534.0 34.2784310976
536.0 34.1907420608
538.0 34.0811971456
540.0 34.040904
542.0 34.1125620736
544.0 34.2546335808
546.0 34.38235024
548.0 34.4900033024
550.0 34.600992
552.0 34.7213403904
554.0 34.8466507456
556.0 34.9792629888
558.0 35.1154597952
560.0 35.21294
562.0 35.2589252992
564.0 35.2640034304
566.0 35.23824768
568.0 35.1970583936
570.0 35.295916
572.0 35.6245507456
574.0 36.086096448
576.0 36.450029184
578.0 36.7264720256
580.0 37.256224
582.0 38.1991300736
584.0 39.3970711808
586.0 40.5290961536
588.0 41.5781783168
590.0 42.68078
592.0 43.8823388608
594.0 45.1471752192
596.0 46.4440237184
598.0 47.7538994496
600.0 48.90398
602.0 49.8007514176
604.0 50.541677312
606.0 51.3520375232
608.0 52.2320975744
610.0 52.959432
612.0 53.4317645824
614.0 53.7498779712
616.0 54.1119852352
618.0 54.5267158784
620.0 54.888624
622.0 55.1535995584
624.0 55.361836128
626.0 55.5807766016
628.0 55.8145365888
630.0 56.039916
632.0 56.2468415488
634.0 56.4454860928
636.0 56.6531584256
638.0 56.868265408
640.0 57.056372
642.0 57.200833216
644.0 57.3175970432
646.0 57.440136
648.0 57.5700100352
650.0 57.689064
652.0 57.7903942912
654.0 57.88156832
656.0 57.974335488
658.0 58.0705212672
660.0 58.176548
662.0 58.2958011072
664.0 58.4239658368
666.0 58.5509523072
668.0 58.6756320448
670.0 58.798868
672.0 58.9202452928
674.0 59.0398137088
676.0 59.1594982912
678.0 59.2786684224
680.0 59.390072
682.0 59.4901742464
684.0 59.5825431296
686.0 59.6748124416
688.0 59.7674800384
690.0 59.856812
692.0 59.9397382144
694.0 60.0205568384
696.0 60.1101211328
698.0 60.20614096
700.0 60.271692
702.0 60.289282912
704.0 60.276338656
706.0 60.269036768
708.0 60.27003248
710.0 60.271692
712.0 60.271692
714.0 60.271692
716.0 60.271692
718.0 60.271692
720.0 60.271692
722.0 60.271692
724.0 60.271692
726.0 60.271692
728.0 60.271692
730.0 60.271692
732.0 60.271692
734.0 60.271692
736.0 60.271692
738.0 60.271692
740.0 60.271692
742.0 60.271692
744.0 60.271692
746.0 60.271692
748.0 60.271692
750.0 60.271692
