380.0 16.28404
382.0 16.2843935016
384.0 16.2848985038
386.0 16.2832319964
388.0 16.2835349977
390.0 16.28404
392.0 16.288437728
394.0 16.2910763648
396.0 16.2717263616
398.0 16.2374240832
400.0 16.28404
402.0 16.4556509632
404.0 16.7088439296
406.0 16.9553822208
408.0 17.18557424
410.0 17.383472
412.0 17.53946688
414.0 17.6643291648
416.0 17.7873493824
418.0 17.9134729024
420.0 18.068024
422.0 18.2671166144
424.0 18.4921475264
426.0 18.6961855104
428.0 18.8812219904
430.0 19.115596
432.0 19.4309379904
434.0 19.7968787456
436.0 20.1525802624
438.0 20.4941260736
440.0 20.837348
442.0 21.1858969856
444.0 21.5386445568
446.0 21.9017475328
448.0 22.2720528256
450.0 22.61096
452.0 22.8980237696
454.0 23.1530256128
456.0 23.420971712
458.0 23.7016297344
460.0 23.948948
462.0 24.1422322944
464.0 24.3022764032
466.0 24.4692407104
468.0 24.6458800192
470.0 24.820196
472.0 24.9888198272
474.0 25.1540250432
476.0 25.3152474112
478.0 25.4743124032
480.0 25.649956
482.0 25.8519361792
484.0 26.070893248
486.0 26.285635136
488.0 26.4956639872
490.0 26.718272
492.0 26.9601636352
494.0 27.2138378624
496.0 27.466881472
498.0 27.7169379456
500.0 27.95254
502.0 28.1640126336
504.0 28.363520128
506.0 28.5841201216
508.0 28.821132768
510.0 28.98974
512.0 29.04740832
514.0 29.0374346048
516.0 29.0534157824
518.0 29.0969781824
520.0 29.09346
522.0 29.0114299264
524.0 28.8795976576
526.0 28.7483296256
528.0 28.6237660544
530.0 28.523
532.0 28.4605522624
534.0 28.4191472384
536.0 28.3500116352
538.0 28.2580244416
540.0 28.242956
542.0 28.3515383936
544.0 28.5382343936
546.0 28.7100113088
548.0 28.8603306304
550.0 29.010484
552.0 29.1647695744
554.0 29.3215776192
556.0 29.4905499456
558.0 29.667570944
560.0 29.798756
562.0 29.865468704
564.0 29.8835242816
566.0 29.874347136
568.0 29.8532380416
570.0 29.964708
572.0 30.2930938176
574.0 30.7469559424
576.0 31.1071049728
578.0 31.3835312192
580.0 31.904272
582.0 32.8230818432
584.0 33.9878989312
586.0 35.0901521152
588.0 36.1130802432
590.0 37.18362
592.0 38.3431432192
594.0 39.559803712
596.0 40.8091899392
598.0 42.0729808
600.0 43.178636
602.0 44.033454752
604.0 44.7337887872
606.0 45.5011840256
608.0 46.3363374656
610.0 47.026648
612.0 47.4747681856
614.0 47.7757221376
616.0 48.115376096
618.0 48.5022268032
620.0 48.841748
622.0 49.0950073472
624.0 49.2978172864
626.0 49.5088252544
628.0 49.7320140992
630.0 49.951552
632.0 50.1607510912
634.0 50.3657350016
636.0 50.5758468288
638.0 50.789360672
640.0 50.97838
642.0 51.129479296
644.0 51.2561172672
646.0 51.3865721344
648.0 51.5224370368
650.0 51.65256
652.0 51.7731905088
654.0 51.8873488896
656.0 51.9978065408
658.0 52.1059906496
660.0 52.22302
662.0 52.3543378176
664.0 52.4951646848
666.0 52.63499584
668.0 52.7727691904
670.0 52.907572
672.0 53.0379604864
674.0 53.1650797184
676.0 53.2934435904
678.0 53.4223882944
680.0 53.540264
682.0 53.6415279104
684.0 53.7324530112
686.0 53.8260499392
688.0 53.9229825024
690.0 54.017376
692.0 54.1051977984
694.0 54.1901818176
696.0 54.2818039168
698.0 54.3776743872
700.0 54.442628
702.0 54.4600695552
704.0 54.4472580608
706.0 54.439972768
708.0 54.44096848
710.0 54.442628
712.0 54.442628
714.0 54.442628
716.0 54.442628
718.0 54.442628
720.0 54.442628
722.0 54.442628
724.0 54.442628
726.0 54.442628
728.0 54.442628
730.0 54.442628
732.0 54.442628
734.0 54.442628
736.0 54.442628
738.0 54.442628
740.0 54.442628
742.0 54.442628
744.0 54.442628
746.0 54.442628
748.0 54.442628
750.0 54.442628
