380.0 14.634892
382.0 14.635145454
384.0 14.6355075311
386.0 14.6343126767
388.0 14.6345299229
390.0 14.634892
392.0 14.638045088
394.0 14.6399369408
396.0 14.6260467584
398.0 14.6013199104
400.0 14.634892
402.0 14.7594721664
404.0 14.9417206528
406.0 15.1122695232
408.0 15.265675552
410.0 15.412792
412.0 15.558912736
414.0 15.6997064128
416.0 15.8283689984
418.0 15.9495139584
420.0 16.118088
422.0 16.3638131264
424.0 16.6555401472
426.0 16.9218931072
428.0 17.1638677184
430.0 17.466448
432.0 17.8677531264
434.0 18.3293652096
436.0 18.7769045632
438.0 19.2045296768
440.0 19.623824
442.0 20.0358662208
444.0 20.443129024
446.0 20.8607970176
448.0 21.2863477312
450.0 21.67748
452.0 22.0130515392
454.0 22.31307616
456.0 22.6209337152
458.0 22.937719488
460.0 23.23328
462.0 23.494073568
464.0 23.7339073984
466.0 23.9789687168
468.0 24.2301204736
470.0 24.467548
472.0 24.6828375296
474.0 24.8846351616
476.0 25.0884242176
478.0 25.2955323136
480.0 25.504748
482.0 25.7187099136
484.0 25.9326884224
486.0 26.1308683008
488.0 26.3172655872
490.0 26.55232
492.0 26.8649901632
494.0 27.2262842624
496.0 27.5753642944
498.0 27.9082474112
500.0 28.242956
502.0 28.5825933632
504.0 28.9264790976
506.0 29.284470752
508.0 29.6509591488
510.0 29.954336
512.0 30.1571957248
514.0 30.2990017088
516.0 30.4680072256
518.0 30.66461056
520.0 30.80484
522.0 30.851804416
524.0 30.8401048
526.0 30.8344126464
528.0 30.8405694656
530.0 30.8567
532.0 30.8875338816
534.0 30.9265823872
536.0 30.9484548608
538.0 30.957266912
540.0 31.022652
542.0 31.177319264
544.0 31.3880617088
546.0 31.586556896
548.0 31.7677598848
550.0 31.94576
552.0 32.1221503808
554.0 32.2983914048
556.0 32.4884894208
558.0 32.6882956288
560.0 32.837752
562.0 32.9154839168
564.0 32.9399452416
566.0 32.9376053184
568.0 32.924295968
570.0 33.045192
572.0 33.38456384
574.0 33.8511710784
576.0 34.2266706688
578.0 34.5198912576
580.0 35.046988
582.0 35.9540484416
584.0 37.096744128
586.0 38.1861692224
588.0 39.2034383872
590.0 40.232988
592.0 41.2964250112
594.0 42.3821659712
596.0 43.5070052224
598.0 44.655774752
600.0 45.647172
602.0 46.388313632
604.0 46.9739748352
606.0 47.6142508416
608.0 48.3138214976
610.0 48.914352
612.0 49.3443834176
614.0 49.6730513536
616.0 50.0319723392
618.0 50.42575984
620.0 50.77094
622.0 51.031567616
624.0 51.242326656
626.0 51.4651835968
628.0 51.7036898112
630.0 51.932604
632.0 52.1413882112
634.0 52.3397506368
636.0 52.5434069312
638.0 52.7522243328
640.0 52.94906
642.0 53.1250355008
644.0 53.2892616
646.0 53.4615529664
648.0 53.6411130304
650.0 53.799564
652.0 53.9245590464
654.0 54.027913952
656.0 54.1318994752
658.0 54.2394363712
660.0 54.359652
662.0 54.4981555392
664.0 54.648740384
666.0 54.7953921664
668.0 54.9374802688
670.0 55.085692
672.0 55.2435787328
674.0 55.4075227136
676.0 55.5730764288
678.0 55.7380161216
680.0 55.884336
682.0 56.0026265856
684.0 56.1026624512
686.0 56.2066479744
688.0 56.3153465344
690.0 56.413308
692.0 56.4925002944
694.0 56.5618848256
696.0 56.6405958592
698.0 56.7272725888
700.0 56.7867
702.0 56.8025318208
704.0 56.7908819904
706.0 56.7843102912
708.0 56.785206432
710.0 56.7867
712.0 56.7867
714.0 56.7867
716.0 56.7867
718.0 56.7867
720.0 56.7867
722.0 56.7867
724.0 56.7867
726.0 56.7867
728.0 56.7867
730.0 56.7867
732.0 56.7867
734.0 56.7867
736.0 56.7867
738.0 56.7867
740.0 56.7867
742.0 56.7867
744.0 56.7867
746.0 56.7867
748.0 56.7867
750.0 56.7867
