380.0 11.035808
382.0 11.0360080952
384.0 11.0362939456
386.0 11.0353506395
388.0 11.0355221497
390.0 11.035808
392.0 11.03829728
394.0 11.039790848
396.0 11.0288214208
398.0 11.0092722752
400.0 11.035808
402.0 11.1343171072
404.0 11.2782472768
406.0 11.4123033024
408.0 11.5321372416
410.0 11.647756
412.0 11.7631424256
414.0 11.8748447168
416.0 11.9789630016
418.0 12.0777210368
420.0 12.197472
422.0 12.3524545728
424.0 12.5284964544
426.0 12.693004672
428.0 12.8466098432
430.0 13.027232
432.0 13.2523624832
434.0 13.504841856
436.0 13.7505835776
438.0 13.9877289856
440.0 14.230384
442.0 14.4834276096
444.0 14.742843776
446.0 15.0044339136
448.0 15.266505312
450.0 15.516512
452.0 15.747434208
454.0 15.965992992
456.0 16.1883022912
458.0 16.4141297728
460.0 16.626316
462.0 16.8171442048
464.0 16.9940988224
466.0 17.1716508672
468.0 17.350862432
470.0 17.52868
472.0 17.704340192
474.0 17.8782744832
476.0 18.0497028992
478.0 18.218791392
480.0 18.389556
482.0 18.56505024
484.0 18.7410257408
486.0 18.906745408
488.0 19.0638023808
490.0 19.24006
492.0 19.4485620928
494.0 19.6771277824
496.0 19.9008144832
498.0 20.117697152
500.0 20.32912
502.0 20.532909056
504.0 20.7331965248
506.0 20.9441713024
508.0 21.1631449664
510.0 21.345576
512.0 21.4686625984
514.0 21.5558039936
516.0 21.6584287104
518.0 21.7769350336
520.0 21.864176
522.0 21.8994905856
524.0 21.9026436736
526.0 21.910476608
528.0 21.9261756672
530.0 21.947152
532.0 21.9756293632
534.0 22.0078572416
536.0 22.02888336
538.0 22.0417280448
540.0 22.09236
542.0 22.2028674368
544.0 22.3518591424
546.0 22.4943621248
548.0 22.6275883904
550.0 22.76654
552.0 22.9156810624
554.0 23.0710453248
556.0 23.23037584
558.0 23.3914488512
560.0 23.534068
562.0 23.6533211072
564.0 23.7522616896
566.0 23.8296782976
568.0 23.8950301952
570.0 24.052668
572.0 24.3628488832
574.0 24.7603039232
576.0 25.0900505472
578.0 25.3595565952
580.0 25.805536
582.0 26.5395582912
584.0 27.4510164608
586.0 28.3142489792
588.0 29.1178383488
590.0 29.964708
592.0 30.8910354688
594.0 31.8666174912
596.0 32.85725136
598.0 33.850557056
600.0 34.7462
602.0 35.489416032
604.0 36.1386866368
606.0 36.8300924544
608.0 37.5642641024
610.0 38.210448
612.0 38.7078393344
614.0 39.1161808256
616.0 39.5540119872
618.0 40.0249505728
620.0 40.4508
622.0 40.7977890368
624.0 41.0971332544
626.0 41.4046589056
628.0 41.7239505536
630.0 42.037716
632.0 42.3389686656
634.0 42.63472832
636.0 42.9356490816
638.0 43.241033952
640.0 43.531284
642.0 43.796309344
644.0 44.0464653888
646.0 44.3043879872
648.0 44.5696124736
650.0 44.817412
652.0 45.0376800896
654.0 45.2382994624
656.0 45.4324467072
658.0 45.6233412928
660.0 45.833868
662.0 46.0760583488
664.0 46.338113152
666.0 46.592766496
668.0 46.8386907648
670.0 47.08888
672.0 47.3476655488
674.0 47.6108156352
676.0 47.8735176512
678.0 48.1337801728
680.0 48.375008
682.0 48.5885716288
684.0 48.784162656
686.0 48.9835871744
688.0 49.1877081344
690.0 49.381092
692.0 49.5537982464
694.0 49.7174601088
696.0 49.8999907136
698.0 50.0969757376
700.0 50.231596
702.0 50.2676573696
704.0 50.2411216448
706.0 50.2261527744
708.0 50.228193984
710.0 50.231596
712.0 50.231596
714.0 50.231596
716.0 50.231596
718.0 50.231596
720.0 50.231596
722.0 50.231596
724.0 50.231596
726.0 50.231596
728.0 50.231596
730.0 50.231596
732.0 50.231596
734.0 50.231596
736.0 50.231596
738.0 50.231596
740.0 50.231596
742.0 50.231596
744.0 50.231596
746.0 50.231596
748.0 50.231596
750.0 50.231596
