380.0 13.369508
382.0 13.3698148127
384.0 13.3702531165
386.0 13.3688067138
388.0 13.3690696962
390.0 13.369508
392.0 13.373324896
394.0 13.3756150336
396.0 13.358804096
398.0 13.3288995456
400.0 13.369508
402.0 13.5194954176
404.0 13.739663936
406.0 13.9496098112
408.0 14.1416328704
410.0 14.31336
412.0 14.4620861824
414.0 14.5922091456
416.0 14.718531808
418.0 14.844904256
420.0 14.997912
422.0 15.193652384
424.0 15.4138374976
426.0 15.6137100864
428.0 15.7951620032
430.0 16.02474
432.0 16.3335102912
434.0 16.6908049472
436.0 17.034640896
438.0 17.3614335744
440.0 17.694632
442.0 18.0421686784
444.0 18.3976378624
446.0 18.7551648512
448.0 19.1123267456
450.0 19.4475
452.0 19.7488356416
454.0 20.02957664
456.0 20.3203577344
458.0 20.6210461632
460.0 20.89958
462.0 21.1413886592
464.0 21.3599142528
466.0 21.5812610304
468.0 21.8070553216
470.0 22.030128
472.0 22.2489025216
474.0 22.4641256704
476.0 22.6734077376
478.0 22.8783418624
480.0 23.098444
482.0 23.3434223424
484.0 23.6034027456
486.0 23.8569774016
488.0 24.1033165504
490.0 24.353456
492.0 24.6116275264
494.0 24.8748273984
496.0 25.1391059584
498.0 25.4033015424
500.0 25.660328
502.0 25.9037297984
504.0 26.1397301376
506.0 26.38678288
508.0 26.640938368
510.0 26.842736
512.0 26.961557632
514.0 27.0296477376
516.0 27.118133344
518.0 27.2273795456
520.0 27.288732
522.0 27.2729333696
524.0 27.2076146624
526.0 27.1427606208
528.0 27.0847106112
530.0 27.050176
532.0 27.0526818752
534.0 27.0770104384
536.0 27.0799809792
538.0 27.0651448704
540.0 27.112408
542.0 27.2592257344
544.0 27.4685078016
546.0 27.6645468992
548.0 27.8423312768
550.0 28.025144
552.0 28.2187933888
554.0 28.4191306432
556.0 28.6289769472
558.0 28.8436856448
560.0 29.010484
562.0 29.1093747968
564.0 29.1590608256
566.0 29.1903925632
568.0 29.2161151232
570.0 29.342388
572.0 29.6356417792
574.0 30.0221771776
576.0 30.3192810432
578.0 30.5403622976
580.0 31.01228
582.0 31.8867308736
584.0 33.01490576
586.0 34.0961328256
588.0 35.108473216
590.0 36.115304
592.0 37.128606912
594.0 38.1448305792
596.0 39.197530496
598.0 40.2748244992
600.0 41.218328
602.0 41.9466249472
604.0 42.5419943424
606.0 43.1867842432
608.0 43.8833843584
610.0 44.475136
612.0 44.8914597824
614.0 45.202171712
616.0 45.5411120768
618.0 45.9149853376
620.0 46.25912
622.0 46.5470135296
624.0 46.802944704
626.0 47.0660450048
628.0 47.3387041408
630.0 47.60748
632.0 47.8670123328
634.0 48.122097152
636.0 48.3796712512
638.0 48.6395022976
640.0 48.893608
642.0 49.1374412736
644.0 49.3750845376
646.0 49.6161796032
648.0 49.859697568
650.0 50.086388
652.0 50.287355872
654.0 50.4713634496
656.0 50.6561344064
658.0 50.8432286912
660.0 51.03024
662.0 51.2169525952
664.0 51.403880928
666.0 51.5898633344
668.0 51.7752649088
670.0 51.96372
672.0 52.1563736768
674.0 52.3523132032
676.0 52.5505926528
678.0 52.7500171712
680.0 52.938688
682.0 53.1102989632
684.0 53.27142176
686.0 53.4369920704
688.0 53.6070430848
690.0 53.768448
692.0 53.9126436928
694.0 54.048326048
696.0 54.1971683968
698.0 54.355586176
700.0 54.463372
702.0 54.492247648
704.0 54.4710223872
706.0 54.4589908672
708.0 54.460633792
710.0 54.463372
712.0 54.463372
714.0 54.463372
716.0 54.463372
718.0 54.463372
720.0 54.463372
722.0 54.463372
724.0 54.463372
726.0 54.463372
728.0 54.463372
730.0 54.463372
732.0 54.463372
734.0 54.463372
736.0 54.463372
738.0 54.463372
740.0 54.463372
742.0 54.463372
744.0 54.463372
746.0 54.463372
748.0 54.463372
750.0 54.463372
