380.0 14.956424
382.0 14.9566307651
384.0 14.9569261438
386.0 14.9559513941
388.0 14.9561286213
390.0 14.956424
392.0 14.958996256
394.0 14.9605396096
396.0 14.949205088
398.0 14.9290087296
400.0 14.956424
402.0 15.0581193856
404.0 15.2067957824
406.0 15.3457307968
408.0 15.4703109632
410.0 15.589116
412.0 15.7060457792
414.0 15.8174991424
416.0 15.9183315776
418.0 16.011961696
420.0 16.138832
422.0 16.321711104
424.0 16.5371665856
426.0 16.7301023808
428.0 16.9027754368
430.0 17.134544
432.0 17.4621166528
434.0 17.8486520512
436.0 18.22028496
438.0 18.572269152
440.0 18.9289
442.0 19.297645344
444.0 19.6729623872
446.0 20.0526771584
448.0 20.4337361408
450.0 20.785488
452.0 21.0923166528
454.0 21.3702696576
456.0 21.6549603136
458.0 21.9477162368
460.0 22.227196
462.0 22.4834922688
464.0 22.7262800448
466.0 22.9742455232
468.0 23.2270899904
470.0 23.461464
472.0 23.6668627904
474.0 23.8542225984
476.0 24.0448516608
478.0 24.240442688
480.0 24.436432
482.0 24.632172384
484.0 24.8276140544
486.0 25.0193384
488.0 25.2086398464
490.0 25.4114
492.0 25.6343067264
494.0 25.8717674432
496.0 26.113459936
498.0 26.3566294016
500.0 26.583436
502.0 26.7796410496
504.0 26.9603461824
506.0 27.1673547072
508.0 27.3939289728
510.0 27.527288
512.0 27.5104272768
514.0 27.4023095488
516.0 27.3311991168
518.0 27.2989214528
520.0 27.195384
522.0 26.9744852928
524.0 26.6793396608
526.0 26.385704192
528.0 26.1038015296
530.0 25.867768
532.0 25.7022806656
534.0 25.5789783296
536.0 25.4213737152
538.0 25.234080288
540.0 25.141728
542.0 25.201802624
544.0 25.358544288
546.0 25.5001345344
548.0 25.6179770496
550.0 25.732932
552.0 25.8458291456
554.0 25.9584275776
556.0 26.0936784576
558.0 26.2437820416
560.0 26.303392
562.0 26.2300910016
564.0 26.0639066688
566.0 25.8756673152
568.0 25.6856522752
570.0 25.639584
572.0 25.8331836032
574.0 26.15984352
576.0 26.3486637056
578.0 26.4230102016
580.0 26.904968
582.0 28.0415400576
584.0 29.5871837952
586.0 31.0366085632
588.0 32.3606068096
590.0 33.750488
592.0 35.2670071616
594.0 36.8634488064
596.0 38.5099415744
598.0 40.1794352896
600.0 41.612464
602.0 42.6727811136
604.0 43.5012134976
606.0 44.4169034432
608.0 45.425460128
610.0 46.269492
612.0 46.832401184
614.0 47.2272673728
616.0 47.6710064256
618.0 48.1719823232
620.0 48.603192
622.0 48.9108006272
624.0 49.145191232
626.0 49.3936711616
628.0 49.6616836416
630.0 49.920436
632.0 50.1589588096
634.0 50.3867943104
636.0 50.6163225216
638.0 50.8478089664
640.0 51.071728
642.0 51.2829351104
644.0 51.486773952
646.0 51.6950769024
648.0 51.90688144
650.0 52.098556
652.0 52.259031584
654.0 52.400007808
656.0 52.5453485696
658.0 52.6965142464
660.0 52.84534
662.0 52.9886727424
664.0 53.128537088
666.0 53.2671567936
668.0 53.4046646208
670.0 53.540264
672.0 53.6736728128
674.0 53.805870176
676.0 53.938631776
678.0 54.0719576128
680.0 54.204072
682.0 54.3331660608
684.0 54.4606835776
686.0 54.5912214208
688.0 54.7232196416
690.0 54.836764
692.0 54.9210344256
694.0 54.9873820352
696.0 55.0618281024
698.0 55.1438083904
700.0 55.199784
702.0 55.2145869184
704.0 55.2037170624
706.0 55.1975270528
708.0 55.198373408
710.0 55.199784
712.0 55.199784
714.0 55.199784
716.0 55.199784
718.0 55.199784
720.0 55.199784
722.0 55.199784
724.0 55.199784
726.0 55.199784
728.0 55.199784
730.0 55.199784
732.0 55.199784
734.0 55.199784
736.0 55.199784
738.0 55.199784
740.0 55.199784
742.0 55.199784
744.0 55.199784
746.0 55.199784
748.0 55.199784
750.0 55.199784
