380.0 15.371304
382.0 15.3714507365
384.0 15.3716603601
386.0 15.3709686023
388.0 15.3710943764
390.0 15.371304
392.0 15.373129472
394.0 15.3742247552
396.0 15.3661926784
398.0 15.3519539968
400.0 15.371304
402.0 15.4428127168
404.0 15.5480760704
406.0 15.6492072192
408.0 15.7426216
410.0 15.827672
412.0 15.905420512
414.0 15.9744067584
416.0 16.0306976768
418.0 16.0794709696
420.0 16.18032
422.0 16.3659041216
424.0 16.60183808
426.0 16.8086640576
428.0 16.988008384
430.0 17.238264
432.0 17.605349824
434.0 18.0432473664
436.0 18.459421792
438.0 18.8495251584
440.0 19.260804
442.0 19.7107330624
444.0 20.1841941184
446.0 20.6610405952
448.0 21.1361943616
450.0 21.57376
452.0 21.9537568896
454.0 22.2981570752
456.0 22.658754176
458.0 23.0357805248
460.0 23.378488
462.0 23.6634939648
464.0 23.9136832
466.0 24.1740784832
468.0 24.4464389056
470.0 24.706104
472.0 24.9428843136
474.0 25.1654425408
476.0 25.3878680064
478.0 25.611289184
480.0 25.836652
482.0 26.066163616
484.0 26.2961233024
486.0 26.5154288704
488.0 26.725905792
490.0 26.956828
492.0 27.220193824
494.0 27.506295072
496.0 27.7981548544
498.0 28.0908278016
500.0 28.346676
502.0 28.5418023616
504.0 28.7018298752
506.0 28.8912972736
508.0 29.1054251392
510.0 29.228296
512.0 29.2033368192
514.0 29.0882159168
516.0 29.004426752
518.0 28.955387936
520.0 28.854904
522.0 28.667212288
524.0 28.4255197952
526.0 28.1866484864
528.0 27.9575019648
530.0 27.755472
532.0 27.5958095808
534.0 27.460243392
536.0 27.2966479104
538.0 27.1102008384
540.0 27.008688
542.0 27.0428243264
544.0 27.1622931712
546.0 27.2638889856
548.0 27.340840928
550.0 27.423568
552.0 27.520152064
554.0 27.6254652032
556.0 27.7430587904
558.0 27.8678878848
560.0 27.942168
562.0 27.9458853248
564.0 27.8960665344
566.0 27.8161440512
568.0 27.72311136
570.0 27.776216
572.0 28.070448896
574.0 28.5029861888
576.0 28.8244684032
578.0 29.0490346496
580.0 29.580944
582.0 30.6120535616
584.0 31.950074752
586.0 33.1997928832
588.0 34.3425549504
590.0 35.57596
592.0 36.9719814144
594.0 38.4689680256
596.0 39.9880262528
598.0 41.5065202432
600.0 42.857104
602.0 43.9467614272
604.0 44.8757109376
606.0 45.8801022272
608.0 46.9599021056
610.0 47.877152
612.0 48.5205976896
614.0 48.9991036864
616.0 49.530199872
618.0 50.120657088
620.0 50.625732
622.0 50.982445824
624.0 51.2513544448
626.0 51.5423180864
628.0 51.8612778304
630.0 52.160788
632.0 52.4210339264
634.0 52.66030352
636.0 52.9085013312
638.0 53.1658928832
640.0 53.405428
642.0 53.6138803072
644.0 53.8045093696
646.0 54.0047304576
648.0 54.2140457152
650.0 54.40114
652.0 54.5525877952
654.0 54.6803874304
656.0 54.8064445696
658.0 54.93384592
660.0 55.07532
662.0 55.23836784
664.0 55.4148246016
666.0 55.5843279744
668.0 55.7464464832
670.0 55.915452
672.0 56.0963562752
674.0 56.2856743168
676.0 56.4797053952
678.0 56.6759934208
680.0 56.848932
682.0 56.9854109248
684.0 57.0996688768
686.0 57.2232865216
688.0 57.357325952
690.0 57.481624
692.0 57.585509952
694.0 57.6792230464
696.0 57.784984256
698.0 57.9004370624
700.0 57.97948
702.0 58.0005890944
704.0 57.9850559872
706.0 57.9762937216
708.0 57.977488576
710.0 57.97948
712.0 57.97948
714.0 57.97948
716.0 57.97948
718.0 57.97948
720.0 57.97948
722.0 57.97948
724.0 57.97948
726.0 57.97948
728.0 57.97948
730.0 57.97948
732.0 57.97948
734.0 57.97948
736.0 57.97948
738.0 57.97948
740.0 57.97948
742.0 57.97948
744.0 57.97948
746.0 57.97948
748.0 57.97948
750.0 57.97948
