380.0 17.404216
382.0 17.4044827936
384.0 17.4048639274
386.0 17.403606186
388.0 17.4038348662
390.0 17.404216
392.0 17.40753504
394.0 17.409526464
396.0 17.3949392832
398.0 17.3691835328
400.0 17.404216
402.0 17.5338908928
404.0 17.7252833344
406.0 17.9100874816
408.0 18.0820967296
410.0 18.244348
412.0 18.3976544576
414.0 18.540240416
416.0 18.6720228992
418.0 18.7969183744
420.0 18.960016
422.0 19.1863247424
424.0 19.449408448
426.0 19.6877321152
428.0 19.9028888832
430.0 20.17354
432.0 20.5353319552
434.0 20.9535475904
436.0 21.3601963712
438.0 21.7498682624
440.0 22.133848
442.0 22.5139112704
444.0 22.8892449088
446.0 23.2666695424
448.0 23.6448243648
450.0 24.000808
452.0 24.3229872128
454.0 24.6247543296
456.0 24.9352173312
458.0 25.2548408832
460.0 25.556608
462.0 25.8278731392
464.0 26.0810827008
466.0 26.340980128
468.0 26.607996896
470.0 26.86348
472.0 27.100127552
474.0 27.3237810624
476.0 27.5433189632
478.0 27.7611309632
480.0 27.994028
482.0 28.2516020992
484.0 28.524327616
486.0 28.7891206272
488.0 29.046246656
490.0 29.321644
492.0 29.626082944
494.0 29.9487600128
496.0 30.2704081792
498.0 30.5880734976
500.0 30.887816
502.0 31.1576207616
504.0 31.413220032
506.0 31.6972634752
508.0 32.0038763904
510.0 32.225804
512.0 32.3090621184
514.0 32.3079336448
516.0 32.3401615232
518.0 32.407604416
520.0 32.4125
522.0 32.313426656
524.0 32.1500801024
526.0 31.9933218432
528.0 31.8510180032
530.0 31.73832
532.0 31.6691346112
534.0 31.6251075456
536.0 31.5539639232
538.0 31.4594874496
540.0 31.437532
542.0 31.5330871616
544.0 31.7015948224
546.0 31.8521464768
548.0 31.9791329472
550.0 32.111712
552.0 32.2575174272
554.0 32.4125
556.0 32.5817378496
558.0 32.7597213696
560.0 32.87924
562.0 32.9139737536
564.0 32.8887158592
566.0 32.8461159808
568.0 32.800910656
570.0 32.868868
572.0 33.126425504
574.0 33.4876532224
576.0 33.7346063936
578.0 33.8872988288
580.0 34.38318
582.0 35.4282461248
584.0 36.8166005568
586.0 38.1259618368
588.0 39.3297776448
590.0 40.564892
592.0 41.8710835968
594.0 43.2218167104
596.0 44.6185019328
598.0 46.0407603584
600.0 47.265204
602.0 48.1758987904
604.0 48.892695264
606.0 49.6840539712
608.0 50.5548870912
610.0 51.28954
612.0 51.7901508032
614.0 52.1516938304
616.0 52.5566001152
618.0 53.0114081664
620.0 53.405428
622.0 53.6913964864
624.0 53.912992192
626.0 54.1466857984
628.0 54.397157152
630.0 54.639696
632.0 54.86497584
634.0 55.0810619392
636.0 55.2981437504
638.0 55.5164867968
640.0 55.728756
642.0 55.9308689408
644.0 56.1271071808
646.0 56.3271125312
648.0 56.5299224704
650.0 56.714096
652.0 56.8694602624
654.0 57.0068851136
656.0 57.148807264
658.0 57.296421568
660.0 57.440136
662.0 57.576382592
664.0 57.7075012672
666.0 57.8359813056
668.0 57.9625197056
670.0 58.093572
672.0 58.2331874176
674.0 58.3769184448
676.0 58.5136960832
678.0 58.6442173312
680.0 58.788496
682.0 58.9541326912
684.0 59.133593184
686.0 59.314646816
688.0 59.4933107392
690.0 59.639
692.0 59.7351028032
694.0 59.7998572736
696.0 59.8755479808
698.0 59.962772352
700.0 60.022764
702.0 60.038446464
704.0 60.0269293952
706.0 60.0203742912
708.0 60.021270432
710.0 60.022764
712.0 60.022764
714.0 60.022764
716.0 60.022764
718.0 60.022764
720.0 60.022764
722.0 60.022764
724.0 60.022764
726.0 60.022764
728.0 60.022764
730.0 60.022764
732.0 60.022764
734.0 60.022764
736.0 60.022764
738.0 60.022764
740.0 60.022764
742.0 60.022764
744.0 60.022764
746.0 60.022764
748.0 60.022764
750.0 60.022764
