380.0 14.88382
382.0 14.8840667841
384.0 14.8844193329
386.0 14.883255922
388.0 14.8834674513
390.0 14.88382
392.0 14.886890112
394.0 14.8887321792
396.0 14.8752236864
398.0 14.8512768128
400.0 14.88382
402.0 15.0042015808
404.0 15.1813055552
406.0 15.3508753088
408.0 15.5070693312
410.0 15.651348
412.0 15.7838772672
414.0 15.9049558464
416.0 16.0184504192
418.0 16.1282442624
420.0 16.273668
422.0 16.4766604864
424.0 16.7132250624
426.0 16.927352928
428.0 17.1201725568
430.0 17.362728
432.0 17.6872305408
434.0 18.0615684672
436.0 18.4228459712
438.0 18.7664163968
440.0 19.105224
442.0 19.4417580608
444.0 19.7759853888
446.0 20.116203584
448.0 20.4603548416
450.0 20.775116
452.0 21.0434271936
454.0 21.2835431424
456.0 21.5355412544
458.0 21.7999193856
460.0 22.0405
462.0 22.2408538496
464.0 22.4169455168
466.0 22.5996088832
468.0 22.7902047552
470.0 22.97398
472.0 23.1462547712
474.0 23.3099166336
476.0 23.466110656
478.0 23.6175252608
480.0 23.793368
482.0 24.0101676928
484.0 24.2503334272
486.0 24.4724269888
488.0 24.6779087552
490.0 24.923916
492.0 25.2378308032
494.0 25.5923374656
496.0 25.9310620928
498.0 26.252278784
500.0 26.593808
502.0 26.970270112
504.0 27.3686046976
506.0 27.7689473024
508.0 28.1668836032
510.0 28.533372
512.0 28.8507717952
514.0 29.1390802048
516.0 29.4474190208
518.0 29.7737968192
520.0 30.047684
522.0 30.2366369472
524.0 30.3717384704
526.0 30.5148886656
528.0 30.670501856
530.0 30.825584
532.0 30.978508768
534.0 31.1288446848
536.0 31.2659210368
538.0 31.39355472
540.0 31.561996
542.0 31.793996896
544.0 32.0680334336
546.0 32.3409912832
548.0 32.6073608384
550.0 32.848124
552.0 33.0498718464
554.0 33.2286685312
556.0 33.427047552
558.0 33.6429179136
560.0 33.81272
562.0 33.9141664576
564.0 33.964732032
566.0 33.9866542912
568.0 33.9951344384
570.0 34.134252
572.0 34.4854396224
574.0 34.9619873856
576.0 35.3590939264
578.0 35.6824679936
580.0 36.19828
582.0 37.0285046656
584.0 38.0537561216
586.0 39.0376523392
588.0 39.964228736
590.0 40.896796
592.0 41.849443456
594.0 42.8161470464
596.0 43.8193268864
598.0 44.845706816
600.0 45.730148
602.0 46.387649824
604.0 46.905005184
606.0 47.4749839232
608.0 48.1006727488
610.0 48.623936
612.0 48.9737462208
614.0 49.2187411584
616.0 49.4895748224
618.0 49.7927193408
620.0 50.065644
622.0 50.2831904768
624.0 50.4689239552
626.0 50.6600674688
628.0 50.8597409152
630.0 51.061356
632.0 51.2618426112
634.0 51.4648350976
636.0 51.6764073024
638.0 51.8943022784
640.0 52.088184
642.0 52.2431333824
644.0 52.3735052736
646.0 52.5101667456
648.0 52.6546113664
650.0 52.79348
652.0 52.9220430144
654.0 53.0442666624
656.0 53.164714624
658.0 53.2848472768
660.0 53.4158
662.0 53.5627339008
664.0 53.7205210624
666.0 53.8783912
668.0 54.0346516032
670.0 54.183328
672.0 54.3204209472
674.0 54.4496975552
676.0 54.5814966336
678.0 54.7155194688
680.0 54.836764
682.0 54.9385589568
684.0 55.0288368448
686.0 55.1230477952
688.0 55.2223866624
690.0 55.324248
692.0 55.4258438144
694.0 55.529032768
696.0 55.6397891328
698.0 55.7546942976
700.0 55.832476
702.0 55.8534357376
704.0 55.838035392
706.0 55.8292897216
708.0 55.830484576
710.0 55.832476
712.0 55.832476
714.0 55.832476
716.0 55.832476
718.0 55.832476
720.0 55.832476
722.0 55.832476
724.0 55.832476
726.0 55.832476
728.0 55.832476
730.0 55.832476
732.0 55.832476
734.0 55.832476
736.0 55.832476
738.0 55.832476
740.0 55.832476
742.0 55.832476
744.0 55.832476
746.0 55.832476
748.0 55.832476
750.0 55.832476
