380.0 17.155288
382.0 17.1555281143
384.0 17.1558711347
386.0 17.1547391674
388.0 17.1549449796
390.0 17.155288
392.0 17.158275136
394.0 17.1600674176
396.0 17.1469240192
398.0 17.1236243584
400.0 17.155288
402.0 17.2724833024
404.0 17.4448410496
406.0 17.6095318144
408.0 17.7609796096
410.0 17.902072
412.0 18.0347174336
414.0 18.1570406528
416.0 18.2665191872
418.0 18.3684966912
420.0 18.524392
422.0 18.7680261312
424.0 19.062989216
426.0 19.3250938048
428.0 19.5562317504
430.0 19.86238
432.0 20.2926437504
434.0 20.7987475648
436.0 21.284256736
438.0 21.7439603712
440.0 22.216824
442.0 22.7159412352
444.0 23.2315043136
446.0 23.7553318016
448.0 24.2826110912
450.0 24.768336
452.0 25.1878792512
454.0 25.5671957376
456.0 25.9665592256
458.0 26.3854718592
460.0 26.75976
462.0 27.0596518592
464.0 27.3136579904
466.0 27.5784510016
468.0 27.856453792
470.0 28.118492
472.0 28.353231104
474.0 28.5707775808
476.0 28.7861832768
478.0 29.001937472
480.0 29.228296
482.0 29.471083776
484.0 29.7247745984
486.0 29.9755446656
488.0 30.2228297408
490.0 30.472936
492.0 30.7265770368
494.0 30.9840017792
496.0 31.2499564544
498.0 31.5210556416
500.0 31.759064
502.0 31.9409142016
504.0 32.09013824
506.0 32.2643546496
508.0 32.459049536
510.0 32.56808
512.0 32.539287328
514.0 32.4267884672
516.0 32.3452230592
518.0 32.297412288
520.0 32.194688
522.0 32.000026304
524.0 31.748692
526.0 31.5021205184
528.0 31.2676469376
530.0 31.06414
532.0 30.9079459776
534.0 30.778038752
536.0 30.6157708864
538.0 30.4264860352
540.0 30.327728
542.0 30.3744600832
544.0 30.5130465984
546.0 30.6341749632
548.0 30.7301118144
550.0 30.825584
552.0 30.9255202944
554.0 31.0281450112
556.0 31.1450084096
558.0 31.271331072
560.0 31.344184
562.0 31.342441504
564.0 31.2836779008
566.0 31.1899648064
568.0 31.0801875584
570.0 31.136744
572.0 31.4663578624
574.0 31.9534435776
576.0 32.3206953536
578.0 32.5815553024
580.0 33.159284
582.0 34.2536876544
584.0 35.6665531968
586.0 36.992941152
588.0 38.2130368512
590.0 39.51732
592.0 40.9729845632
594.0 42.5244864064
596.0 44.1083156992
598.0 45.7008076864
600.0 47.109624
602.0 48.2285055744
604.0 49.16991808
606.0 50.19757584
608.0 51.3103171904
610.0 52.233392
612.0 52.8392329664
614.0 53.2524534464
616.0 53.7208529664
618.0 54.2543886464
620.0 54.7123
622.0 55.0351098304
624.0 55.279109056
626.0 55.541396192
628.0 55.8277795584
630.0 56.102148
632.0 56.3488688384
634.0 56.58257904
636.0 56.827939072
638.0 57.0831234624
640.0 57.3053
642.0 57.4741893504
644.0 57.6092078976
646.0 57.750300288
648.0 57.89982304
650.0 58.041712
652.0 58.170490752
654.0 58.2921003776
656.0 58.4138925504
658.0 58.5375931712
660.0 58.674404
662.0 58.8297516672
664.0 58.9966495936
666.0 59.1599961472
668.0 59.3182645696
670.0 59.473048
672.0 59.6239481536
674.0 59.7718943616
676.0 59.9214005184
678.0 60.0718691968
680.0 60.20946
682.0 60.3274352768
684.0 60.4340594368
686.0 60.5467076544
688.0 60.6660105472
690.0 60.77992
692.0 60.8811673152
694.0 60.976822048
696.0 61.0836785408
698.0 61.1989819904
700.0 61.277776
702.0 61.2988850944
704.0 61.2833519872
706.0 61.2745897216
708.0 61.275784576
710.0 61.277776
712.0 61.277776
714.0 61.277776
716.0 61.277776
718.0 61.277776
720.0 61.277776
722.0 61.277776
724.0 61.277776
726.0 61.277776
728.0 61.277776
730.0 61.277776
732.0 61.277776
734.0 61.277776
736.0 61.277776
738.0 61.277776
740.0 61.277776
742.0 61.277776
744.0 61.277776
746.0 61.277776
748.0 61.277776
750.0 61.277776
