380.0 18.908156
382.0 18.9083694349
384.0 18.9086743419
386.0 18.9076681488
388.0 18.907851093
390.0 18.908156
392.0 18.910811232
394.0 18.9124043712
396.0 18.9007047552
398.0 18.879861184
400.0 18.908156
402.0 19.012788736
404.0 19.1660620032
406.0 19.3109878848
408.0 19.4423886784
410.0 19.561592
412.0 19.6703237504
414.0 19.7673890752
416.0 19.8505476224
418.0 19.9258732352
420.0 20.059448
422.0 20.2877315712
424.0 20.57223968
426.0 20.8236237696
428.0 21.0440080256
430.0 21.345576
432.0 21.7795902656
434.0 22.2959499136
436.0 22.7958139328
438.0 23.2723119104
440.0 23.75188
442.0 24.2411396864
444.0 24.7354940992
446.0 25.23880992
448.0 25.7468387776
450.0 26.210044
452.0 26.6028191936
454.0 26.9523307008
456.0 27.3190348352
458.0 27.7039604992
460.0 28.05626
462.0 28.3528328192
464.0 28.6161156672
466.0 28.8893224448
468.0 29.1740794816
470.0 29.446108
472.0 29.6962474496
474.0 29.9317997184
476.0 30.1626721408
478.0 30.3915531392
480.0 30.638888
482.0 30.9159614592
484.0 31.2108249728
486.0 31.4953828672
488.0 31.7695023808
490.0 32.059852
492.0 32.3768037248
494.0 32.7110144576
496.0 33.0476646848
498.0 33.3828711296
500.0 33.688256
502.0 33.9450335296
504.0 34.17491024
506.0 34.4328328384
508.0 34.7140219072
510.0 34.912152
512.0 34.9750644032
514.0 34.9546191168
516.0 34.9607095552
518.0 34.9961900928
520.0 34.984756
522.0 34.8947104448
524.0 34.7547631232
526.0 34.6138698752
528.0 34.4780049728
530.0 34.362436
532.0 34.2791115008
534.0 34.2147553152
536.0 34.1318125056
538.0 34.0326395904
540.0 33.978672
542.0 33.9999470464
544.0 34.0662282752
546.0 34.1137901184
548.0 34.1410726272
550.0 34.196484
552.0 34.3012163072
554.0 34.4343098112
556.0 34.5570313152
558.0 34.6668915392
560.0 34.777316
562.0 34.8980626752
564.0 35.0181787328
566.0 35.1105144256
568.0 35.1824380224
570.0 35.337404
572.0 35.6385570944
574.0 36.0187365312
576.0 36.3142638528
578.0 36.5398755968
580.0 37.017668
582.0 37.8996862848
584.0 39.0334205632
586.0 40.1055036736
588.0 41.0972162304
590.0 42.120692
592.0 43.2112787584
594.0 44.3435194688
596.0 45.5050009216
598.0 46.6810197696
600.0 47.721572
602.0 48.5469840576
604.0 49.2410782976
606.0 49.9945667584
608.0 50.8086774848
610.0 51.507352
612.0 52.0085934208
614.0 52.3915110656
616.0 52.8129627648
618.0 53.2770309376
620.0 53.6751
622.0 53.9597574656
624.0 54.1753954944
626.0 54.4028990912
628.0 54.6471472448
630.0 54.878252
632.0 55.0844307648
634.0 55.2776652736
636.0 55.4761106752
638.0 55.6802316352
640.0 55.873964
642.0 56.0493088832
644.0 56.214331552
646.0 56.3859093248
648.0 56.5636107264
650.0 56.724468
652.0 56.8580925504
654.0 56.9753376384
656.0 57.0975115008
658.0 57.226306848
660.0 57.35716
662.0 57.48867696
664.0 57.62185344
666.0 57.75668944
668.0 57.89318496
670.0 58.03134
672.0 58.171320512
674.0 58.3128941632
676.0 58.455264384
678.0 58.5984975552
680.0 58.747008
682.0 58.9015259072
684.0 59.0603917568
686.0 59.2225102656
688.0 59.3852925824
690.0 59.524908
692.0 59.6280803584
694.0 59.7088823872
696.0 59.8002887488
698.0 59.9016024448
700.0 59.970904
702.0 59.9892251008
704.0 59.9757663936
706.0 59.9681160064
708.0 59.969161504
710.0 59.970904
712.0 59.970904
714.0 59.970904
716.0 59.970904
718.0 59.970904
720.0 59.970904
722.0 59.970904
724.0 59.970904
726.0 59.970904
728.0 59.970904
730.0 59.970904
732.0 59.970904
734.0 59.970904
736.0 59.970904
738.0 59.970904
740.0 59.970904
742.0 59.970904
744.0 59.970904
746.0 59.970904
748.0 59.970904
750.0 59.970904
