380.0 15.962508
382.0 15.9628148127
384.0 15.9632531165
386.0 15.9618067138
388.0 15.9620696962
390.0 15.962508
392.0 15.966324896
394.0 15.9686150336
396.0 15.9518206912
398.0 15.9220489024
400.0 15.962508
402.0 16.1123958464
404.0 16.3327137216
406.0 16.5425268352
408.0 16.7348320128
410.0 16.916732
412.0 17.0903011968
414.0 17.2535647744
416.0 17.4075848256
418.0 17.5559459136
420.0 17.73612
422.0 17.9695812736
424.0 18.2341253568
426.0 18.476846752
428.0 18.7000024064
430.0 18.98076
432.0 19.3548489984
434.0 19.786373984
436.0 20.2032951936
438.0 20.6010987328
440.0 21.0033
442.0 21.4172506688
444.0 21.8381547264
446.0 22.2648505088
448.0 22.6945500224
450.0 23.098444
452.0 23.4610823104
454.0 23.7978818944
456.0 24.1443232896
458.0 24.5005060672
460.0 24.830568
462.0 25.1175985792
464.0 25.3798027392
466.0 25.6538890624
468.0 25.940620928
470.0 26.210044
472.0 26.448931904
474.0 26.6692165888
476.0 26.8930028608
478.0 27.121784288
480.0 27.350964
482.0 27.579313952
484.0 27.8075975232
486.0 28.0350513344
488.0 28.2619409088
490.0 28.491884
492.0 28.7252788928
494.0 28.9622583488
496.0 29.205311648
498.0 29.4520490816
500.0 29.674292
502.0 29.8542337536
504.0 30.0114400832
506.0 30.1943191872
508.0 30.3982244096
510.0 30.524796
512.0 30.5252606656
514.0 30.4490223168
516.0 30.4016928064
518.0 30.38539632
520.0 30.317356
522.0 30.163103616
524.0 29.95475088
526.0 29.747974688
528.0 29.550076928
530.0 29.383876
532.0 29.266216032
534.0 29.1776308544
536.0 29.0651153984
538.0 28.9316568
540.0 28.865276
542.0 28.90759376
544.0 29.015794464
546.0 29.1021226944
548.0 29.1621309376
550.0 29.238668
552.0 29.3472503936
554.0 29.474651744
556.0 29.6043598272
558.0 29.7316616064
560.0 29.8195
562.0 29.8549639424
564.0 29.8506325952
566.0 29.8257397952
568.0 29.7925659904
570.0 29.860988
572.0 30.1019834944
574.0 30.4369742016
576.0 30.668676384
578.0 30.815212
580.0 31.27158
582.0 32.225721024
584.0 33.488864672
586.0 34.6705092928
588.0 35.7498113152
590.0 36.893204
592.0 38.1579407872
594.0 39.4985176384
596.0 40.869579872
598.0 42.2510141056
600.0 43.469052
602.0 44.4299638656
604.0 45.232126048
606.0 46.1027766208
608.0 47.0436414848
610.0 47.846036
612.0 48.4133263168
614.0 48.840254432
616.0 49.3137486784
618.0 49.8396505664
620.0 50.293828
622.0 50.6221142464
624.0 50.8760208064
626.0 51.1491612032
628.0 51.4464144256
630.0 51.725164
632.0 51.9678356096
634.0 52.1913065728
636.0 52.4231747072
638.0 52.6644689152
640.0 52.8972
642.0 53.1123733632
644.0 53.319049984
646.0 53.5359824384
648.0 53.7618763008
650.0 53.965516
652.0 54.1326130688
654.0 54.276427072
656.0 54.4233443776
658.0 54.5756551232
660.0 54.733044
662.0 54.8964403392
664.0 55.0643837632
666.0 55.231065952
668.0 55.3962213824
670.0 55.562804
672.0 55.7321912064
674.0 55.9030387904
676.0 56.0727413056
678.0 56.2412323712
680.0 56.413308
682.0 56.5902294272
684.0 56.7696733248
686.0 56.9486359616
688.0 57.1251922944
690.0 57.284556
692.0 57.4172678144
694.0 57.5337827136
696.0 57.6603377088
698.0 57.7948749952
700.0 57.886132
702.0 57.9104605632
704.0 57.892604128
706.0 57.8824146752
708.0 57.883808672
710.0 57.886132
712.0 57.886132
714.0 57.886132
716.0 57.886132
718.0 57.886132
720.0 57.886132
722.0 57.886132
724.0 57.886132
726.0 57.886132
728.0 57.886132
730.0 57.886132
732.0 57.886132
734.0 57.886132
736.0 57.886132
738.0 57.886132
740.0 57.886132
742.0 57.886132
744.0 57.886132
746.0 57.886132
748.0 57.886132
750.0 57.886132
