380.0 22.590216
382.0 22.5904094254
384.0 22.5906857474
386.0 22.5897738848
388.0 22.589939678
390.0 22.590216
392.0 22.592622304
394.0 22.5940660864
396.0 22.583494944
398.0 22.5648585344
400.0 22.590216
402.0 22.6840120704
404.0 22.8226981568
406.0 22.9575009664
408.0 23.0839066048
410.0 23.202164
412.0 23.3140820288
414.0 23.4166237696
416.0 23.5024043584
418.0 23.5776304
420.0 23.720764
422.0 23.973923776
424.0 24.2916056896
426.0 24.5704216448
428.0 24.8114669248
430.0 25.131356
432.0 25.5820650368
434.0 26.1141403392
436.0 26.632972672
438.0 27.130496768
440.0 27.610264
442.0 28.068374496
444.0 28.5128105472
446.0 28.9729622528
448.0 29.4468049984
450.0 29.881732
452.0 30.2516721984
454.0 30.5822651776
456.0 30.9282087168
458.0 31.2904321472
460.0 31.624228
462.0 31.9087692992
464.0 32.1652481152
466.0 32.4355507328
468.0 32.7203077696
470.0 32.98296
472.0 33.2077087936
474.0 33.4095562112
476.0 33.615900928
478.0 33.8292986048
480.0 34.051276
482.0 34.2846708928
484.0 34.5249527936
486.0 34.7581153536
488.0 34.9851542848
490.0 35.233684
492.0 35.5159517568
494.0 35.8193783936
496.0 36.1195191808
498.0 36.4134865536
500.0 36.696136
502.0 36.9597175616
504.0 37.2142049536
506.0 37.4902827008
508.0 37.7817441984
510.0 37.992636
512.0 38.0738197184
514.0 38.0749979776
516.0 38.1056161216
518.0 38.1665039104
520.0 38.158588
522.0 38.0396336064
524.0 37.8495189952
526.0 37.6602175488
528.0 37.4803255808
530.0 37.328828
532.0 37.2221042688
534.0 37.1412856448
536.0 37.0317905152
538.0 36.8982987264
540.0 36.841344
542.0 36.9083388224
544.0 37.0536961792
546.0 37.183868928
548.0 37.2931151296
550.0 37.411804
552.0 37.5477684736
554.0 37.6954325632
556.0 37.8574183104
558.0 38.0275191104
560.0 38.137844
562.0 38.1618572544
564.0 38.1238044608
566.0 38.0652068096
568.0 38.0012323136
570.0 38.054868
572.0 38.3053393536
574.0 38.6641939584
576.0 38.909354848
578.0 39.059541408
580.0 39.538064
582.0 40.542654432
584.0 41.8785348416
586.0 43.149345472
588.0 44.3275714816
590.0 45.512336
592.0 46.7256608576
594.0 47.9571076736
596.0 49.2407629888
598.0 50.5578078464
600.0 51.673304
602.0 52.4677494144
604.0 53.0629362624
606.0 53.7271425472
608.0 54.4669067776
610.0 55.085692
612.0 55.4954772736
614.0 55.7810972608
616.0 56.1024301184
618.0 56.46558288
620.0 56.776328
622.0 56.994803808
624.0 57.1582831232
626.0 57.3312382976
628.0 57.5180172736
630.0 57.699436
632.0 57.8685078976
634.0 58.0318544512
636.0 58.1974247616
638.0 58.3652520192
640.0 58.529196
642.0 58.6858712832
644.0 58.8373356736
646.0 58.9885013504
648.0 59.1386049344
650.0 59.27598
652.0 59.3949177984
654.0 59.501923648
656.0 59.6108047552
658.0 59.7221585472
660.0 59.825696
662.0 59.9170691712
664.0 60.0010906688
666.0 60.086406592
668.0 60.17378032
670.0 60.26132
672.0 60.34927456
674.0 60.436897216
676.0 60.5203544768
678.0 60.6008743872
680.0 60.696944
682.0 60.8156162752
684.0 60.9498050624
686.0 61.0876613888
688.0 61.2250696448
690.0 61.329636
692.0 61.3845495168
694.0 61.4079819392
696.0 61.4409566016
698.0 61.4851662144
700.0 61.516332
702.0 61.5242479104
704.0 61.5184229952
706.0 61.5151371456
708.0 61.515585216
710.0 61.516332
712.0 61.516332
714.0 61.516332
716.0 61.516332
718.0 61.516332
720.0 61.516332
722.0 61.516332
724.0 61.516332
726.0 61.516332
728.0 61.516332
730.0 61.516332
732.0 61.516332
734.0 61.516332
736.0 61.516332
738.0 61.516332
740.0 61.516332
742.0 61.516332
744.0 61.516332
746.0 61.516332
748.0 61.516332
750.0 61.516332
