380.0 16.615944
382.0 16.6161440952
384.0 16.6164299456
386.0 16.6154866395
388.0 16.6156581497
390.0 16.615944
392.0 16.61843328
394.0 16.619926848
396.0 16.6089906112
398.0 16.5897069888
400.0 16.615944
402.0 16.7133412288
404.0 16.8570224704
406.0 16.9948622016
408.0 17.1226452416
410.0 17.248636
412.0 17.3772156096
414.0 17.50254256
416.0 17.6135810432
418.0 17.7142475264
420.0 17.860584
422.0 18.0825779904
424.0 18.3489475456
426.0 18.5887481856
428.0 18.8031415744
430.0 19.074108
432.0 19.4390696384
434.0 19.8622306432
436.0 20.2733103424
438.0 20.6677616512
440.0 21.065532
442.0 21.4718820672
444.0 21.883509408
446.0 22.3030028736
448.0 22.7271761856
450.0 23.119188
452.0 23.4596883136
454.0 23.7687573184
456.0 24.0916169344
458.0 24.4284331136
460.0 24.73722
462.0 24.9988101376
464.0 25.2311429376
466.0 25.4691015104
468.0 25.7144117568
470.0 25.950744
472.0 26.1719414208
474.0 26.384127648
476.0 26.5962474944
478.0 26.8098277184
480.0 27.029432
482.0 27.2581470464
484.0 27.4932180544
486.0 27.7268950656
488.0 27.9594436032
490.0 28.201468
492.0 28.4566357952
494.0 28.7211134976
496.0 28.989408096
498.0 29.2588975488
500.0 29.50834
502.0 29.7224014848
504.0 29.9185401536
506.0 30.1423762112
508.0 30.3877362432
510.0 30.54554
512.0 30.5609901312
514.0 30.4884193216
516.0 30.4455871104
518.0 30.4343853504
520.0 30.358844
522.0 30.1789022464
524.0 29.9326958592
526.0 29.6870205184
528.0 29.4506052992
530.0 29.24904
532.0 29.1031847872
534.0 28.9884289792
536.0 28.8360850432
538.0 28.6526251072
540.0 28.57486
542.0 28.6659842432
544.0 28.864529216
546.0 29.0465287744
548.0 29.2017270848
550.0 29.342388
552.0 29.4653418368
554.0 29.5778406976
556.0 29.7145851456
558.0 29.8696009088
560.0 29.943964
562.0 29.9003020288
564.0 29.7720045376
566.0 29.6121761664
568.0 29.442623008
570.0 29.446108
572.0 29.731379488
574.0 30.1799643392
576.0 30.5042677376
578.0 30.7182628416
580.0 31.261208
582.0 32.3388670976
584.0 33.7477663872
586.0 35.0749841024
588.0 36.2973865344
590.0 37.577756
592.0 38.9683009984
594.0 40.42922624
596.0 41.9334815488
598.0 43.4575681216
600.0 44.775924
602.0 45.7682837696
604.0 46.5595263104
606.0 47.4352882048
608.0 48.3975940672
610.0 49.184024
612.0 49.6751755392
614.0 49.98723168
616.0 50.3455884288
618.0 50.7610990464
620.0 51.123588
622.0 51.3880657024
624.0 51.5964350336
626.0 51.8163878144
628.0 52.0526370816
630.0 52.285252
632.0 52.5053541376
634.0 52.7220542592
636.0 52.9509518528
638.0 53.189524448
640.0 53.395056
642.0 53.54690208
644.0 53.6650433088
646.0 53.7915817088
648.0 53.928674656
650.0 54.058864
652.0 54.175777184
654.0 54.2848574336
656.0 54.3928589952
658.0 54.5012422464
660.0 54.618952
662.0 54.7501702464
664.0 54.8907149952
666.0 55.0316248384
668.0 55.1713398272
670.0 55.303504
672.0 55.4244166272
674.0 55.5373469632
676.0 55.6506921792
678.0 55.7646182272
680.0 55.873964
682.0 55.9762900032
684.0 56.0740025408
686.0 56.1718644352
688.0 56.2697429248
690.0 56.361448
692.0 56.4427478848
694.0 56.5183722112
696.0 56.600252928
698.0 56.686630944
700.0 56.745212
702.0 56.760894464
704.0 56.7493773952
706.0 56.7428222912
708.0 56.743718432
710.0 56.745212
712.0 56.745212
714.0 56.745212
716.0 56.745212
718.0 56.745212
720.0 56.745212
722.0 56.745212
724.0 56.745212
726.0 56.745212
728.0 56.745212
730.0 56.745212
732.0 56.745212
734.0 56.745212
736.0 56.745212
738.0 56.745212
740.0 56.745212
742.0 56.745212
744.0 56.745212
746.0 56.745212
748.0 56.745212
750.0 56.745212
