380.0 10.537952
382.0 10.5381921143
384.0 10.5385351347
386.0 10.5374031674
388.0 10.5376089796
390.0 10.537952
392.0 10.540939136
394.0 10.5427314176
396.0 10.529571424
398.0 10.5061390016
400.0 10.537952
402.0 10.6559936576
404.0 10.8286501184
406.0 10.9901712
408.0 11.1353792
410.0 11.274364
412.0 11.41085952
414.0 11.5425590272
416.0 11.6687655232
418.0 11.791968288
420.0 11.938172
422.0 12.12196384
424.0 12.3278604864
426.0 12.5195682368
428.0 12.6982819456
430.0 12.91314
432.0 13.1868446336
434.0 13.4970918976
436.0 13.79932368
438.0 14.0907519872
440.0 14.385964
442.0 14.6894238272
444.0 14.997829024
446.0 15.3099515456
448.0 15.6239327296
450.0 15.92102
452.0 16.1909907136
454.0 16.44459856
456.0 16.7067031488
458.0 16.9770389568
460.0 17.227892
462.0 17.4466831168
464.0 17.6456595648
466.0 17.848718432
468.0 18.0574528576
470.0 18.265092
472.0 18.4694286976
474.0 18.672172256
476.0 18.874384768
478.0 19.0765640896
480.0 19.281548
482.0 19.4911951616
484.0 19.7041779584
486.0 19.91672928
488.0 20.12914784
490.0 20.349864
492.0 20.58178192
494.0 20.8209685376
496.0 21.0612006528
498.0 21.3002545088
500.0 21.5219
502.0 21.7137239168
504.0 21.8907947008
506.0 22.0928412608
508.0 22.3143871808
510.0 22.45538
512.0 22.4658183808
514.0 22.3965334208
516.0 22.357136416
518.0 22.3498843136
520.0 22.289428
522.0 22.1401209856
524.0 21.9352200512
526.0 21.732576064
528.0 21.5393913408
530.0 21.376692
532.0 21.2618366208
534.0 21.1735501568
536.0 21.0527868864
538.0 20.9049900352
540.0 20.84772
542.0 20.9353592512
544.0 21.1150852672
546.0 21.2802406976
548.0 21.4220632768
550.0 21.553016
552.0 21.6714891328
554.0 21.781780832
556.0 21.9093813248
558.0 22.049378432
560.0 22.123476
562.0 22.102732
564.0 22.0134332288
566.0 21.8963043072
568.0 21.7697990976
570.0 21.791572
572.0 22.0568130816
574.0 22.4613044864
576.0 22.7505920128
578.0 22.9393126272
580.0 23.44072
582.0 24.4507204672
584.0 25.7745693568
586.0 27.0123887296
588.0 28.1449945344
590.0 29.363132
592.0 30.7343435904
594.0 32.2033672896
596.0 33.7066600768
598.0 35.2204244352
600.0 36.550928
602.0 37.5920444672
604.0 38.4550446528
606.0 39.3998591744
608.0 40.4267867456
610.0 41.28056
612.0 41.8439338496
614.0 42.2315313408
616.0 42.668416576
618.0 43.1644802944
620.0 43.603888
622.0 43.9387293504
624.0 44.2117037952
626.0 44.4927601024
628.0 44.7868104512
630.0 45.076712
632.0 45.3556939072
634.0 45.6311908224
636.0 45.9139232448
638.0 46.2022648448
640.0 46.46656
642.0 46.6920721728
644.0 46.8930068544
646.0 47.0999655936
648.0 47.3138777216
650.0 47.514132
652.0 47.6924142336
654.0 47.857071808
656.0 48.0220944768
658.0 48.1895400448
660.0 48.364636
662.0 48.5501537408
664.0 48.7438861056
666.0 48.94007456
668.0 49.1374246784
670.0 49.329232
672.0 49.5110656064
674.0 49.6863938944
676.0 49.8648918656
678.0 50.0456633792
680.0 50.210852
682.0 50.3521767232
684.0 50.4785491712
686.0 50.6080249216
688.0 50.7417988288
690.0 50.87466
692.0 51.0022604928
694.0 51.1288818688
696.0 51.2660080064
698.0 51.4097888192
700.0 51.507352
702.0 51.5335890112
704.0 51.5143053888
706.0 51.503369152
708.0 51.50486272
710.0 51.507352
712.0 51.507352
714.0 51.507352
716.0 51.507352
718.0 51.507352
720.0 51.507352
722.0 51.507352
724.0 51.507352
726.0 51.507352
728.0 51.507352
730.0 51.507352
732.0 51.507352
734.0 51.507352
736.0 51.507352
738.0 51.507352
740.0 51.507352
742.0 51.507352
744.0 51.507352
746.0 51.507352
748.0 51.507352
750.0 51.507352
