380.0 15.381676
382.0 15.3817827175
384.0 15.381935171
386.0 15.3814320744
388.0 15.3815235465
390.0 15.381676
392.0 15.383003616
394.0 15.3838001856
396.0 15.3779586752
398.0 15.3676032704
400.0 15.381676
402.0 15.4345649024
404.0 15.5116496064
406.0 15.5812996608
408.0 15.64222064
410.0 15.71358
412.0 15.806679072
414.0 15.9087229568
416.0 15.990387936
418.0 16.0559223808
420.0 16.18032
422.0 16.4025131328
424.0 16.6831047744
426.0 16.9347211968
428.0 17.1578934464
430.0 17.445704
432.0 17.8401221184
434.0 18.2996763968
436.0 18.744029472
438.0 19.1676385472
440.0 19.592708
442.0 20.0248636032
444.0 20.4607697216
446.0 20.90455856
448.0 21.3526123648
450.0 21.760456
452.0 22.1049557568
454.0 22.4107721024
456.0 22.7329513152
458.0 23.072223584
460.0 23.378488
462.0 23.62907552
464.0 23.846721568
466.0 24.0752706624
468.0 24.3167474176
470.0 24.550524
472.0 24.7692155456
474.0 24.9775848768
476.0 25.1801292928
478.0 25.3791721216
480.0 25.598096
482.0 25.8493141376
484.0 26.1198822784
486.0 26.3802775616
488.0 26.6301017024
490.0 26.894596
492.0 27.1841324544
494.0 27.4891024448
496.0 27.7930435328
498.0 28.0933004864
500.0 28.377792
502.0 28.6362954304
504.0 28.8808920832
506.0 29.1450544768
508.0 29.4241027648
510.0 29.632804
512.0 29.7280438528
514.0 29.7545961728
516.0 29.8097586176
518.0 29.89459328
520.0 29.92322
522.0 29.858664672
524.0 29.7352461696
526.0 29.6153292544
528.0 29.5054524352
530.0 29.414992
532.0 29.3550169472
534.0 29.3115707136
536.0 29.2420534208
538.0 29.151377248
540.0 29.134948
542.0 29.237340384
544.0 29.4144443584
546.0 29.576214368
548.0 29.7159791424
550.0 29.850616
552.0 29.9823321024
554.0 30.1123388992
556.0 30.2560533312
558.0 30.4094925504
560.0 30.514424
562.0 30.5508836544
564.0 30.5349522624
566.0 30.4872410624
568.0 30.4243452544
570.0 30.504052
572.0 30.8183982784
574.0 31.269173696
576.0 31.6205936512
578.0 31.8838764992
580.0 32.4125
582.0 33.3727978432
584.0 34.6007264768
586.0 35.762158144
588.0 36.839933408
590.0 37.982264
592.0 39.239682304
594.0 40.5709160576
596.0 41.9342283328
598.0 43.3096385088
600.0 44.526996
602.0 45.4934838528
604.0 46.3054040128
606.0 47.1870074176
608.0 48.138194496
610.0 48.935096
612.0 49.474191072
614.0 49.8577393344
616.0 50.2880694656
618.0 50.7732467328
620.0 51.196192
622.0 51.5074183808
624.0 51.7531601024
626.0 52.0131073152
628.0 52.29230496
630.0 52.565296
632.0 52.821111008
634.0 53.069956032
636.0 53.328509248
638.0 53.594779232
640.0 53.83068
642.0 54.017624928
644.0 54.1743334016
646.0 54.3404347584
648.0 54.5174889472
650.0 54.681184
652.0 54.8220108672
654.0 54.9492462656
656.0 55.0775105664
658.0 55.2091934784
660.0 55.355364
662.0 55.5215151424
664.0 55.7012577536
666.0 55.8802203904
668.0 56.0564780096
670.0 56.226612
672.0 56.3877182016
674.0 56.5425348224
676.0 56.6995586048
678.0 56.8581589312
680.0 57.004512
682.0 57.1322286592
684.0 57.2475984896
686.0 57.363300224
688.0 57.4803627648
690.0 57.595716
692.0 57.7062234368
694.0 57.8163823744
696.0 57.937909024
698.0 58.0674511552
700.0 58.155804
702.0 58.1795517312
704.0 58.1620769856
706.0 58.1522194368
708.0 58.153563648
710.0 58.155804
712.0 58.155804
714.0 58.155804
716.0 58.155804
718.0 58.155804
720.0 58.155804
722.0 58.155804
724.0 58.155804
726.0 58.155804
728.0 58.155804
730.0 58.155804
732.0 58.155804
734.0 58.155804
736.0 58.155804
738.0 58.155804
740.0 58.155804
742.0 58.155804
744.0 58.155804
746.0 58.155804
748.0 58.155804
750.0 58.155804
