380.0 12.726444
382.0 12.7268375206
384.0 12.727399693
386.0 12.7255445243
388.0 12.7258818277
390.0 12.726444
392.0 12.731339584
394.0 12.7342769344
396.0 12.7127197696
398.0 12.6744014528
400.0 12.726444
402.0 12.9198444608
404.0 13.2029087872
406.0 13.4675192512
408.0 13.7057101568
410.0 13.939968
412.0 14.1789222848
414.0 14.4159349312
416.0 14.6444176448
418.0 14.8674903232
420.0 15.122376
422.0 15.4294037952
424.0 15.7679458752
426.0 16.0903574208
428.0 16.3979328576
430.0 16.75078
432.0 17.1762477376
434.0 17.6476509888
436.0 18.112499136
438.0 18.5667429504
440.0 19.022248
442.0 19.4810554944
444.0 19.941290176
446.0 20.4070178688
448.0 20.8754837696
450.0 21.31446
452.0 21.7069032896
454.0 22.071284096
456.0 22.4491899904
458.0 22.8404882112
460.0 23.202164
462.0 23.5144192832
464.0 23.7958904704
466.0 24.0832529536
468.0 24.378265824
470.0 24.664616
472.0 24.936611328
474.0 25.19898144
476.0 25.456953824
478.0 25.712519904
480.0 25.98186
482.0 26.273354688
484.0 26.5783246784
486.0 26.8771544448
488.0 27.1690474176
490.0 27.465056
492.0 27.7686319936
494.0 28.0771201664
496.0 28.3886286656
498.0 28.7007677824
500.0 28.98974
502.0 29.2393649984
504.0 29.4677813312
506.0 29.7213227968
508.0 29.9946457408
510.0 30.18252
512.0 30.2325379328
514.0 30.1986339392
516.0 30.1965761344
518.0 30.2286214656
520.0 30.203264
522.0 30.0824177536
524.0 29.90081648
526.0 29.718435232
528.0 29.5434056576
530.0 29.40462
532.0 29.3240171136
534.0 29.2761399616
536.0 29.1916372032
538.0 29.07644992
540.0 29.062344
542.0 29.209709376
544.0 29.460047968
546.0 29.696363616
548.0 29.908367296
550.0 30.099544
552.0 30.262923744
554.0 30.410123168
556.0 30.5840906496
558.0 30.7796484864
560.0 30.898188
562.0 30.9022870144
564.0 30.8246878592
566.0 30.7171841536
568.0 30.600553088
570.0 30.64926
572.0 30.965896416
574.0 31.4390421632
576.0 31.7996890496
578.0 32.0591550016
580.0 32.609568
582.0 33.6332926976
584.0 34.9505864832
586.0 36.1994582592
588.0 37.3580023616
590.0 38.552724
592.0 39.8210619456
594.0 41.1360655936
596.0 42.4918602432
598.0 43.868498464
600.0 45.055968
602.0 45.944143104
604.0 46.6480617024
606.0 47.4272229376
608.0 48.2850454208
610.0 48.997328
612.0 49.4628067648
614.0 49.779625728
616.0 50.1361072192
618.0 50.5413122176
620.0 50.905776
622.0 51.1933376256
624.0 51.4361419968
626.0 51.6844725696
628.0 51.9422126208
630.0 52.202276
632.0 52.4619742848
634.0 52.723531232
636.0 52.9886893376
638.0 53.2554239872
640.0 53.498776
642.0 53.7059836672
644.0 53.8909039808
646.0 54.084088704
648.0 54.286301216
650.0 54.473744
652.0 54.636459936
654.0 54.783742336
656.0 54.93177152
658.0 55.082538912
660.0 55.241272
662.0 55.410874944
664.0 55.5882112512
666.0 55.7653816064
668.0 55.9413239168
670.0 56.11252
672.0 56.2760491008
674.0 56.4353630208
676.0 56.600086976
678.0 56.7691588736
680.0 56.921536
682.0 57.0473774016
684.0 57.1564244608
686.0 57.2685582272
688.0 57.3851395072
690.0 57.502368
692.0 57.6168914752
694.0 57.7318630208
696.0 57.8558125696
698.0 57.9851555584
700.0 58.072828
702.0 58.0964263744
704.0 58.0790843904
706.0 58.0692434368
708.0 58.070587648
710.0 58.072828
712.0 58.072828
714.0 58.072828
716.0 58.072828
718.0 58.072828
720.0 58.072828
722.0 58.072828
724.0 58.072828
726.0 58.072828
728.0 58.072828
730.0 58.072828
732.0 58.072828
734.0 58.072828
736.0 58.072828
738.0 58.072828
740.0 58.072828
742.0 58.072828
744.0 58.072828
746.0 58.072828
748.0 58.072828
750.0 58.072828
