380.0 12.456772
382.0 12.4570454635
384.0 12.4574361256
386.0 12.4561469406
388.0 12.4563813379
390.0 12.456772
392.0 12.460174016
394.0 12.4622152256
396.0 12.4472463552
398.0 12.4207106304
400.0 12.456772
402.0 12.5899816704
404.0 12.7861203392
406.0 12.9748575488
408.0 13.1495220288
410.0 13.307276
412.0 13.4448336128
414.0 13.5672729984
416.0 13.6910068096
418.0 13.8184579456
420.0 13.960712
422.0 14.1251372416
424.0 14.3019756928
426.0 14.466699648
428.0 14.6204043904
430.0 14.800844
432.0 15.0252442944
434.0 15.2775079296
436.0 15.5258385024
438.0 15.7676471616
440.0 16.003996
442.0 16.2333914496
444.0 16.4589865984
446.0 16.6918006592
448.0 16.9309043008
450.0 17.155288
452.0 17.3545797568
454.0 17.5385209536
456.0 17.727905376
458.0 17.9232640704
460.0 18.109512
462.0 18.2800608704
464.0 18.4419304512
466.0 18.6081313792
468.0 18.7793274624
470.0 18.949644
472.0 19.1172057344
474.0 19.2827262592
476.0 19.4457409088
478.0 19.6072122048
480.0 19.779404
482.0 19.9689875648
484.0 20.1689597248
486.0 20.363223136
488.0 20.5520433216
490.0 20.754372
492.0 20.9788718656
494.0 21.2170793664
496.0 21.4523329216
498.0 21.6835704384
500.0 21.916036
502.0 22.1495636544
504.0 22.3854478272
506.0 22.6314218816
508.0 22.884034016
510.0 23.098444
512.0 23.25111984
514.0 23.36645648
516.0 23.4992014848
518.0 23.6492552832
520.0 23.762252
522.0 23.8143775232
524.0 23.8276868736
526.0 23.843319552
528.0 23.8652915968
530.0 23.897088
532.0 23.9445336768
534.0 23.99997824
536.0 24.0389105792
538.0 24.0644174016
540.0 24.135644
542.0 24.2809847616
544.0 24.47128192
546.0 24.6456310912
548.0 24.8009787584
550.0 24.965404
552.0 25.1483992704
554.0 25.3429945856
556.0 25.5431161024
558.0 25.7448473536
560.0 25.909256
562.0 26.0208255296
564.0 26.0946409792
566.0 26.157686144
568.0 26.2188228608
570.0 26.34488
572.0 26.5801833408
574.0 26.875262592
576.0 27.1041269952
578.0 27.2784927616
580.0 27.651752
582.0 28.3439046016
584.0 29.234851104
586.0 30.0770740992
588.0 30.8562353344
590.0 31.665716
592.0 32.5363333824
594.0 33.4444061312
596.0 34.3715799552
598.0 35.3065701184
600.0 36.14642
602.0 36.8361497024
604.0 37.4324982144
606.0 38.0656880704
608.0 38.7370468864
610.0 39.330624
612.0 39.7929164864
614.0 40.1770289856
616.0 40.58729552
618.0 41.026902368
620.0 41.425768
622.0 41.753440224
624.0 42.0380810944
626.0 42.3304719232
628.0 42.6336662272
630.0 42.929708
632.0 43.2115940672
634.0 43.4862612224
636.0 43.7638823232
638.0 44.0446897024
640.0 44.319556
642.0 44.5833698944
644.0 44.8415082304
646.0 45.1061352896
648.0 45.3758570752
650.0 45.626428
652.0 45.8467458752
654.0 46.0462201792
656.0 46.2436698688
658.0 46.4412191296
660.0 46.642884
662.0 46.8517843776
664.0 47.065729696
666.0 47.2773350912
668.0 47.4867001344
670.0 47.700828
672.0 47.9226560384
674.0 48.1486826624
676.0 48.3724689344
678.0 48.5933510464
680.0 48.810632
682.0 49.0226688704
684.0 49.232399008
686.0 49.4484021312
688.0 49.6692842432
690.0 49.868576
692.0 50.0306447232
694.0 50.1730481344
696.0 50.3373904
698.0 50.5204852416
700.0 50.646476
702.0 50.6800480896
704.0 50.6553212416
706.0 50.6414310592
708.0 50.643322912
710.0 50.646476
712.0 50.646476
714.0 50.646476
716.0 50.646476
718.0 50.646476
720.0 50.646476
722.0 50.646476
724.0 50.646476
726.0 50.646476
728.0 50.646476
730.0 50.646476
732.0 50.646476
734.0 50.646476
736.0 50.646476
738.0 50.646476
740.0 50.646476
742.0 50.646476
744.0 50.646476
746.0 50.646476
748.0 50.646476
750.0 50.646476
