380.0 11.865568
382.0 11.8658681429
384.0 11.8662969184
386.0 11.8648819592
388.0 11.8651392245
390.0 11.865568
392.0 11.86930192
394.0 11.871542272
396.0 11.8550964288
398.0 11.8258390912
400.0 11.865568
402.0 12.0125350912
404.0 12.2280569536
406.0 12.432377056
408.0 12.6182267008
410.0 12.788676
412.0 12.9428288128
414.0 13.0828425152
416.0 13.2201512
418.0 13.356978624
420.0 13.504344
422.0 13.669798144
424.0 13.8455579072
426.0 14.0109290752
428.0 14.16773712
430.0 14.354848
432.0 14.590167936
434.0 14.8560894208
436.0 15.1171817024
438.0 15.3704244544
440.0 15.620232
442.0 15.8662890304
444.0 16.1092759488
446.0 16.355980192
448.0 16.6048418112
450.0 16.833756
452.0 17.0316703552
454.0 17.2098364224
456.0 17.3926491456
458.0 17.580871904
460.0 17.756864
462.0 17.912941856
464.0 18.057154144
466.0 18.2043203776
468.0 18.3552371264
470.0 18.503648
472.0 18.6479764544
474.0 18.7884382272
476.0 18.9226768
478.0 19.0524180736
480.0 19.198572
482.0 19.3725394816
484.0 19.563085568
486.0 19.7441889856
488.0 19.916480352
490.0 20.111308
492.0 20.343059968
494.0 20.5976469312
496.0 20.8471723584
498.0 21.0899103488
500.0 21.335204
502.0 21.5846962368
504.0 21.8379721792
506.0 22.0998112448
508.0 22.3670271552
510.0 22.600588
512.0 22.7800816832
514.0 22.9266504896
516.0 23.0877069056
518.0 23.2634168832
520.0 23.409604
522.0 23.5072833472
524.0 23.5737139328
526.0 23.6402440896
528.0 23.7105911424
530.0 23.793368
532.0 23.8957935744
534.0 24.010018336
536.0 24.1131409088
538.0 24.2068871936
540.0 24.332712
542.0 24.5104963776
544.0 24.719629088
546.0 24.9172945152
548.0 25.1017667584
550.0 25.297308
552.0 25.5129128384
554.0 25.7415117184
556.0 25.9739606848
558.0 26.207305792
560.0 26.417484
562.0 26.594969664
564.0 26.74855824
566.0 26.893932192
568.0 27.037065792
570.0 27.2265
572.0 27.495093312
574.0 27.806004384
576.0 28.064889504
578.0 28.281705792
580.0 28.657836
582.0 29.288287648
584.0 30.0786838336
586.0 30.834877312
588.0 31.5442889216
590.0 32.267292
592.0 33.0213446976
594.0 33.7935027584
596.0 34.5823058048
598.0 35.3791575232
600.0 36.09456
602.0 36.6812998912
604.0 37.1884823936
606.0 37.727361728
608.0 38.2989667968
610.0 38.801652
612.0 39.1883035648
614.0 39.505869312
616.0 39.8470832192
618.0 40.2147000896
620.0 40.544148
622.0 40.8071487296
624.0 41.0306528832
626.0 41.2639813952
628.0 41.5097894976
630.0 41.7473
632.0 41.9682318976
634.0 42.1800364352
636.0 42.393931968
638.0 42.6104827328
640.0 42.825988
642.0 43.0379750848
644.0 43.248418816
646.0 43.4623143488
648.0 43.678068544
650.0 43.87356
652.0 44.038765216
654.0 44.1842387392
656.0 44.33117264
658.0 44.4819566272
660.0 44.641088
662.0 44.8119521792
664.0 44.989836128
666.0 45.1619947328
668.0 45.3283284224
670.0 45.501964
672.0 45.6889421184
674.0 45.8833548864
676.0 46.0736022592
678.0 46.2592527616
680.0 46.445816
682.0 46.6347191616
684.0 46.8257962944
686.0 47.0210554176
688.0 47.2191025344
690.0 47.40004
692.0 47.5513384384
694.0 47.6874854592
696.0 47.8438952192
698.0 48.0172486784
700.0 48.136452
702.0 48.1682649984
704.0 48.144832576
706.0 48.1316725824
708.0 48.133464864
710.0 48.136452
712.0 48.136452
714.0 48.136452
716.0 48.136452
718.0 48.136452
720.0 48.136452
722.0 48.136452
724.0 48.136452
726.0 48.136452
728.0 48.136452
730.0 48.136452
732.0 48.136452
734.0 48.136452
736.0 48.136452
738.0 48.136452
740.0 48.136452
742.0 48.136452
744.0 48.136452
746.0 48.136452
748.0 48.136452
750.0 48.136452
