380.0 25.276564
382.0 25.2764439429
384.0 25.2762724327
386.0 25.2768384163
388.0 25.2767355102
390.0 25.276564
392.0 25.275070432
394.0 25.2741742912
396.0 25.2807459904
398.0 25.2923958208
400.0 25.276564
402.0 25.2183812288
404.0 25.1324512832
406.0 25.0482804288
408.0 24.9693204672
410.0 24.903172
412.0 24.8585475072
414.0 24.8245771328
416.0 24.7688504512
418.0 24.6965451648
420.0 24.695732
422.0 24.8155327488
424.0 25.0040376256
426.0 25.1411139776
428.0 25.2327360768
430.0 25.46326
432.0 25.9197773568
434.0 26.5158603456
436.0 27.0747866816
438.0 27.5879268608
440.0 28.139236
442.0 28.7583033408
444.0 29.4203522496
446.0 30.0967560064
448.0 30.776794112
450.0 31.3753
452.0 31.846769632
454.0 32.2381010432
456.0 32.6574949376
458.0 33.1069759296
460.0 33.50156
462.0 33.8026467136
464.0 34.047708032
466.0 34.308750528
468.0 34.5882634816
470.0 34.839548
472.0 35.0430549376
474.0 35.2177360128
476.0 35.396399936
478.0 35.5819674624
480.0 35.773028
482.0 35.9720376384
484.0 36.1744161024
486.0 36.364149024
488.0 36.5436924928
490.0 36.758368
492.0 37.0298488768
494.0 37.3357316032
496.0 37.6293006912
498.0 37.9079009088
500.0 38.189704
502.0 38.4787757888
504.0 38.7738052544
506.0 39.08128112
508.0 39.3958597312
510.0 39.652156
512.0 39.8153034112
514.0 39.921662048
516.0 40.0538262208
518.0 40.2113644544
520.0 40.305592
522.0 40.2964978304
524.0 40.2236614976
526.0 40.163786016
528.0 40.122049088
530.0 40.077408
532.0 40.024967168
534.0 39.9665354688
536.0 39.894694848
538.0 39.8136936768
540.0 39.77662
542.0 39.8100427328
544.0 39.8876252928
546.0 39.9518985024
548.0 40.0005058432
550.0 40.067036
552.0 40.1640515392
554.0 40.2790894656
556.0 40.3937457024
558.0 40.5039378304
560.0 40.585636
562.0 40.6315549184
564.0 40.6481501184
566.0 40.6428728448
568.0 40.626045312
570.0 40.699728
572.0 40.926833312
574.0 41.2386405248
576.0 41.4663266688
578.0 41.623001952
580.0 42.016972
582.0 42.792299744
584.0 43.8072787712
586.0 44.7736670528
588.0 45.6718490624
590.0 46.580652
592.0 47.5198905344
594.0 48.4764544576
596.0 49.462657408
598.0 50.465256416
600.0 51.331028
602.0 51.980232224
604.0 52.496094016
606.0 53.064894496
608.0 53.688956992
610.0 54.204072
612.0 54.534980288
614.0 54.7558458048
616.0 55.0112791232
618.0 55.3064579456
620.0 55.552432
622.0 55.7111318976
624.0 55.8176398912
626.0 55.9335739584
628.0 56.0626846144
630.0 56.185124
632.0 56.2932749184
634.0 56.3937920448
636.0 56.49545424
638.0 56.5983610752
640.0 56.693352
642.0 56.7759297152
644.0 56.8513548992
646.0 56.9305637888
648.0 57.0135231936
650.0 57.087488
652.0 57.1469486016
654.0 57.1971490816
656.0 57.247797632
658.0 57.3000891072
660.0 57.35716
662.0 57.4206532352
664.0 57.4888263168
666.0 57.557381088
668.0 57.625421408
670.0 57.689064
672.0 57.746815296
674.0 57.7993059136
676.0 57.8474983744
678.0 57.8926207232
680.0 57.948364
682.0 58.0207356672
684.0 58.1039274048
686.0 58.1865217152
688.0 58.2663944128
690.0 58.332128
692.0 58.3771673728
694.0 58.4085654912
696.0 58.443481792
698.0 58.482148608
700.0 58.508452
702.0 58.515339008
704.0 58.5102940672
706.0 58.5073899072
708.0 58.507788192
710.0 58.508452
712.0 58.508452
714.0 58.508452
716.0 58.508452
718.0 58.508452
720.0 58.508452
722.0 58.508452
724.0 58.508452
726.0 58.508452
728.0 58.508452
730.0 58.508452
732.0 58.508452
734.0 58.508452
736.0 58.508452
738.0 58.508452
740.0 58.508452
742.0 58.508452
744.0 58.508452
746.0 58.508452
748.0 58.508452
750.0 58.508452
