380.0 13.514716
382.0 13.5150028032
384.0 13.515412522
386.0 13.5140604499
388.0 13.5143062812
390.0 13.514716
392.0 13.518283968
394.0 13.5204247488
396.0 13.5047422848
398.0 13.477044896
400.0 13.514716
402.0 13.653451872
404.0 13.8587842816
406.0 14.0604325568
408.0 14.2506965248
410.0 14.41708
412.0 14.5515675008
414.0 14.6625396032
416.0 14.7736776576
418.0 14.8880019904
420.0 15.018656
422.0 15.1751819264
424.0 15.3451499648
426.0 15.4962326656
428.0 15.6308197376
430.0 15.806928
432.0 16.0519229376
434.0 16.340131776
436.0 16.6189809216
438.0 16.885450048
440.0 17.155288
442.0 17.432593792
444.0 17.7155585472
446.0 18.0078000192
448.0 18.306497024
450.0 18.576252
452.0 18.79904256
454.0 18.9933557568
456.0 19.1999162112
458.0 19.4195868736
460.0 19.623824
462.0 19.8000318336
464.0 19.9587815168
466.0 20.1193400768
468.0 20.2827032256
470.0 20.443212
472.0 20.5995885696
474.0 20.7524801472
476.0 20.900243808
478.0 21.0441075968
480.0 21.200368
482.0 21.3781689728
484.0 21.5670721344
486.0 21.7429148736
488.0 21.9066265216
490.0 22.09236
492.0 22.3162790336
494.0 22.563082848
496.0 22.8015226816
498.0 23.030237728
500.0 23.264396
502.0 23.508262464
504.0 23.7588665792
506.0 24.0159428224
508.0 24.2757738688
510.0 24.498664
512.0 24.6631888128
514.0 24.7918016128
516.0 24.936030496
518.0 25.0954771776
520.0 25.214332
522.0 25.2682332096
524.0 25.2804804672
526.0 25.2946859584
528.0 25.3155959104
530.0 25.349168
532.0 25.4026377344
534.0 25.467574752
536.0 25.5172607808
538.0 25.5547493376
540.0 25.639584
542.0 25.8006072256
544.0 26.0081136064
546.0 26.1996554048
548.0 26.3726105792
550.0 26.562692
552.0 26.7830928512
554.0 27.02237904
556.0 27.2650506496
558.0 27.5065937856
560.0 27.713984
562.0 27.8748412736
564.0 28.0002843904
566.0 28.1088501888
568.0 28.2101970752
570.0 28.388164
572.0 28.6957726272
574.0 29.0753878272
576.0 29.3831126208
578.0 29.6308623616
580.0 30.089172
582.0 30.8847956736
584.0 31.89224048
586.0 32.8554922688
588.0 33.7576903168
590.0 34.673596
592.0 35.6234886528
594.0 36.5941916864
596.0 37.5926252992
598.0 38.607239232
600.0 39.506948
602.0 40.223279808
604.0 40.8271625408
606.0 41.4779101184
608.0 42.1771488704
610.0 42.7845
612.0 43.2354247744
614.0 43.5922381696
616.0 43.9767655488
618.0 44.3932552832
620.0 44.765552
622.0 45.0610461312
624.0 45.3111855808
626.0 45.571746816
628.0 45.846148448
630.0 46.113912
632.0 46.3669888
634.0 46.6125313792
636.0 46.8607125952
638.0 47.1116984
640.0 47.358552
642.0 47.597190976
644.0 47.8312330816
646.0 48.0692746304
648.0 48.3098884352
650.0 48.530588
652.0 48.7212004672
654.0 48.8916663616
656.0 49.0617837568
658.0 49.2338096
660.0 49.412208
662.0 49.60056352
664.0 49.7946277888
666.0 49.9823029056
668.0 50.1639871552
670.0 50.35606
672.0 50.5657569472
674.0 50.7861080128
676.0 51.0038204416
678.0 51.2176329984
680.0 51.424376
682.0 51.6213112384
684.0 51.813201536
686.0 52.0124766976
688.0 52.2184397248
690.0 52.409716
692.0 52.5731621248
694.0 52.7223197824
696.0 52.8901802304
698.0 53.0729265728
700.0 53.197988
702.0 53.2314107328
704.0 53.2068166464
706.0 53.1929430592
708.0 53.194834912
710.0 53.197988
712.0 53.197988
714.0 53.197988
716.0 53.197988
718.0 53.197988
720.0 53.197988
722.0 53.197988
724.0 53.197988
726.0 53.197988
728.0 53.197988
730.0 53.197988
732.0 53.197988
734.0 53.197988
736.0 53.197988
738.0 53.197988
740.0 53.197988
742.0 53.197988
744.0 53.197988
746.0 53.197988
748.0 53.197988
750.0 53.197988
