380.0 14.562288
382.0 14.5624814254
384.0 14.5627577474
386.0 14.5618458848
388.0 14.562011678
390.0 14.562288
392.0 14.564694304
394.0 14.5661380864
396.0 14.5555337536
398.0 14.5366318208
400.0 14.562288
402.0 14.6569470208
404.0 14.7957326784
406.0 14.9278138752
408.0 15.047946528
410.0 15.153492
412.0 15.24310608
414.0 15.3176351232
416.0 15.381012192
418.0 15.4374524672
420.0 15.526884
422.0 15.6715277632
424.0 15.849328736
426.0 16.0082443712
428.0 16.149535904
430.0 16.3359
432.0 16.595946784
434.0 16.9017299392
436.0 17.1982197824
438.0 17.4816989888
440.0 17.767236
442.0 18.0584651648
444.0 18.353378464
446.0 18.6556102464
448.0 18.9623725184
450.0 19.24006
452.0 19.4714302784
454.0 19.6742236224
456.0 19.8877540608
458.0 20.112718592
460.0 20.318748
462.0 20.492748672
464.0 20.6463870336
466.0 20.8006394176
468.0 20.957497248
470.0 21.117392
472.0 21.282431264
474.0 21.4504078784
476.0 21.6127089344
478.0 21.770662048
480.0 21.947152
482.0 22.154923904
484.0 22.3797722688
486.0 22.589054336
488.0 22.7843632448
490.0 23.015468
492.0 23.3065312128
494.0 23.63405408
496.0 23.9488484288
498.0 24.249487072
500.0 24.571268
502.0 24.927815872
504.0 25.3054728384
506.0 25.6825987584
508.0 26.054712928
510.0 26.39674
512.0 26.693130272
514.0 26.961723584
516.0 27.2468955008
518.0 27.5468869312
520.0 27.79696
522.0 27.9670773952
524.0 28.0868117632
526.0 28.21557392
528.0 28.3570811904
530.0 28.491884
532.0 28.6148046464
534.0 28.7291621696
536.0 28.8330481216
538.0 28.9302793984
540.0 29.062344
542.0 29.2499029504
544.0 29.47266032
546.0 29.6863069248
548.0 29.8885858176
550.0 30.099544
552.0 30.3268650496
554.0 30.5630313408
556.0 30.7969240896
558.0 31.0271161088
560.0 31.250836
562.0 31.4703739008
564.0 31.6820456768
566.0 31.872575168
568.0 32.0488659776
570.0 32.298408
572.0 32.6699413376
574.0 33.111904704
576.0 33.504381184
578.0 33.8518514816
580.0 34.320948
582.0 34.9895354176
584.0 35.7814749568
586.0 36.542962304
588.0 37.2656334784
590.0 38.01338
592.0 38.8069126784
594.0 39.6292380288
596.0 40.466233536
598.0 41.3083735552
600.0 42.068832
602.0 42.7001300032
604.0 43.2523020928
606.0 43.8415810496
608.0 44.4673694464
610.0 45.004108
612.0 45.3933816064
614.0 45.694136416
616.0 46.0239992064
618.0 46.387483872
620.0 46.715488
622.0 46.978853824
624.0 47.2033204992
626.0 47.4327159488
628.0 47.6701600704
630.0 47.908268
632.0 48.1437870784
634.0 48.3797044416
636.0 48.6203348416
638.0 48.8635209024
640.0 49.080304
642.0 49.2566611904
644.0 49.4074451776
646.0 49.564137056
648.0 49.728595488
650.0 49.88932
652.0 50.042659648
654.0 50.1906722368
656.0 50.3335569088
658.0 50.472807232
660.0 50.625732
662.0 50.800728384
664.0 50.989332832
666.0 51.1734731712
668.0 51.3519213568
670.0 51.528096
672.0 51.7022460288
674.0 51.8754833216
676.0 52.0530187712
678.0 52.2336575232
680.0 52.399344
682.0 52.5416644352
684.0 52.6682028352
686.0 52.794475712
688.0 52.9218770624
690.0 53.05278
692.0 53.1864045504
694.0 53.3234974976
696.0 53.468323808
698.0 53.61660192
700.0 53.716588
702.0 53.7435552
704.0 53.7237571264
706.0 53.7124723904
708.0 53.714015744
710.0 53.716588
712.0 53.716588
714.0 53.716588
716.0 53.716588
718.0 53.716588
720.0 53.716588
722.0 53.716588
724.0 53.716588
726.0 53.716588
728.0 53.716588
730.0 53.716588
732.0 53.716588
734.0 53.716588
736.0 53.716588
738.0 53.716588
740.0 53.716588
742.0 53.716588
744.0 53.716588
746.0 53.716588
748.0 53.716588
750.0 53.716588
