380.0 18.182116
382.0 18.1823494444
384.0 18.1826829365
386.0 18.1815824127
388.0 18.1817825079
390.0 18.182116
392.0 18.18502016
394.0 18.186762656
396.0 18.173984352
398.0 18.151331904
400.0 18.182116
402.0 18.295295264
404.0 18.462408928
406.0 18.625871648
408.0 18.779045344
410.0 18.908156
412.0 19.00689744
414.0 19.0817086016
416.0 19.147873664
418.0 19.2114000896
420.0 19.323036
422.0 19.5110264256
424.0 19.7446702464
426.0 19.9519774848
428.0 20.1336451392
430.0 20.370608
432.0 20.6988776512
434.0 21.083703744
436.0 21.4586556928
438.0 21.8179915584
440.0 22.164964
442.0 22.4969841664
444.0 22.8192961408
446.0 23.1521460672
448.0 23.493575712
450.0 23.80374
452.0 24.062791072
454.0 24.2893819328
456.0 24.5236729664
458.0 24.7664607424
460.0 24.986148
462.0 25.1690602944
464.0 25.32966864
466.0 25.4946747136
468.0 25.6660367488
470.0 25.836652
472.0 26.0054915648
474.0 26.171792064
476.0 26.3290813696
478.0 26.4796496192
480.0 26.65604
482.0 26.8756940672
484.0 27.1204068864
486.0 27.3488232192
488.0 27.5615073024
490.0 27.807332
492.0 28.1085680704
494.0 28.4427456128
496.0 28.7657213952
498.0 29.074707424
500.0 29.383876
502.0 29.696114688
504.0 30.0109920128
506.0 30.3355775296
508.0 30.6659547712
510.0 30.950048
512.0 31.1604087552
514.0 31.3262777792
516.0 31.5133388736
518.0 31.7214592768
520.0 31.883528
522.0 31.9693915648
524.0 32.0075107392
526.0 32.0525667072
528.0 32.1085423168
530.0 32.163572
532.0 32.2162451648
534.0 32.2668107392
536.0 32.3067387904
538.0 32.3396138816
540.0 32.4125
542.0 32.5477176896
544.0 32.722249408
546.0 32.8880686464
548.0 33.0415576512
550.0 33.1904
552.0 33.3352097152
554.0 33.4782603392
556.0 33.6310191552
558.0 33.7914947392
560.0 33.926812
562.0 34.0263997952
564.0 34.0972778944
566.0 34.1455201408
568.0 34.1812827968
570.0 34.310576
572.0 34.5949181568
574.0 34.9683101568
576.0 35.2731639808
578.0 35.5169474688
580.0 35.93898
582.0 36.6524740288
584.0 37.5442834816
586.0 38.382872128
588.0 39.1574862784
590.0 39.98406
592.0 40.9049608384
594.0 41.8845588992
596.0 42.8773999296
598.0 43.870406912
600.0 44.765552
602.0 45.507938272
604.0 46.1567110208
606.0 46.8517511872
608.0 47.5922622016
610.0 48.2298
612.0 48.6950132416
614.0 49.055494176
616.0 49.4464936832
618.0 49.8729239424
620.0 50.25234
622.0 50.5494272704
624.0 50.7981727232
626.0 51.0587505536
628.0 51.334678944
630.0 51.6007
632.0 51.845313248
634.0 52.0803178752
636.0 52.327403808
638.0 52.5849779072
640.0 52.814224
642.0 52.9963729152
644.0 53.1494968256
646.0 53.311416192
648.0 53.4834918208
650.0 53.643984
652.0 53.7842798208
654.0 53.912162432
656.0 54.0398127104
658.0 54.1690893184
660.0 54.307792
662.0 54.4598372224
664.0 54.6211757568
666.0 54.782497696
668.0 54.9425749952
670.0 55.096064
672.0 55.2391312192
674.0 55.3769045696
676.0 55.5225772352
678.0 55.6751203136
680.0 55.811732
682.0 55.9218909376
684.0 56.0144589632
686.0 56.1071929408
688.0 56.2017192
690.0 56.299216
692.0 56.398953152
694.0 56.5028556992
696.0 56.6164498432
698.0 56.736250592
700.0 56.817816
702.0 56.83980464
704.0 56.82362432
706.0 56.81449696
708.0 56.8157416
710.0 56.817816
712.0 56.817816
714.0 56.817816
716.0 56.817816
718.0 56.817816
720.0 56.817816
722.0 56.817816
724.0 56.817816
726.0 56.817816
728.0 56.817816
730.0 56.817816
732.0 56.817816
734.0 56.817816
736.0 56.817816
738.0 56.817816
740.0 56.817816
742.0 56.817816
744.0 56.817816
746.0 56.817816
748.0 56.817816
750.0 56.817816
