380.0 13.234672
382.0 13.2350121619
384.0 13.2354981075
386.0 13.2338944871
388.0 13.2341860544
390.0 13.234672
392.0 13.238903776
394.0 13.2414428416
396.0 13.2228230272
398.0 13.1898151744
400.0 13.234672
402.0 13.4005742144
404.0 13.6446730112
406.0 13.8785491648
408.0 14.0942037888
410.0 14.292616
412.0 14.4727403008
414.0 14.6373148992
416.0 14.7977904832
418.0 14.9583158528
420.0 15.153492
422.0 15.4033161408
424.0 15.6848371136
426.0 15.943506496
428.0 16.1808510464
430.0 16.470736
432.0 16.8469823744
434.0 17.2764993408
436.0 17.6937856448
438.0 18.0941946304
440.0 18.493276
442.0 18.8945811264
444.0 19.2963509184
446.0 19.703646912
448.0 20.1139466368
450.0 20.495072
452.0 20.8306103488
454.0 21.1374058112
456.0 21.45261504
458.0 21.777134176
460.0 22.081988
462.0 22.353817376
464.0 22.6064129152
466.0 22.8667086272
468.0 23.135202368
470.0 23.38886
472.0 23.617624832
474.0 23.8310888896
476.0 24.046942656
478.0 24.2665469376
480.0 24.488292
482.0 24.7145343616
484.0 24.9408596992
486.0 25.1522161664
488.0 25.3523542784
490.0 25.598096
492.0 25.9167570304
494.0 26.2809552896
496.0 26.6331054336
498.0 26.9697224704
500.0 27.309476
502.0 27.6557680384
504.0 28.0083496576
506.0 28.3778085952
508.0 28.7581373888
510.0 29.072716
512.0 29.2811351168
514.0 29.425364
516.0 29.5999786944
518.0 29.8048464384
520.0 29.943964
522.0 29.9746153344
524.0 29.937989728
526.0 29.912516096
528.0 29.9043346624
530.0 29.902476
532.0 29.9076537024
534.0 29.9157355648
536.0 29.90538016
538.0 29.8810018112
540.0 29.912848
542.0 30.0345074112
544.0 30.21239136
546.0 30.3762523648
548.0 30.5216761024
550.0 30.670004
552.0 30.8271107584
554.0 30.9898432896
556.0 31.1611721344
558.0 31.3378446336
560.0 31.47902
562.0 31.5709242176
564.0 31.625804544
566.0 31.6599242752
568.0 31.6856634304
570.0 31.821296
572.0 32.1352273984
574.0 32.5526132736
576.0 32.895171392
578.0 33.170236832
580.0 33.636396
582.0 34.413632192
584.0 35.3845509632
586.0 36.313284736
588.0 37.1849642112
590.0 38.075612
592.0 39.0061214592
594.0 39.9618722176
596.0 40.9460173632
598.0 41.9454134976
600.0 42.815616
602.0 43.4817971136
604.0 44.022004064
606.0 44.6106855936
608.0 45.251127552
610.0 45.802752
612.0 46.201617632
614.0 46.5098402816
616.0 46.8470215552
618.0 47.2172770624
620.0 47.545248
622.0 47.7985239424
624.0 48.0076898432
626.0 48.2271115776
628.0 48.459975424
630.0 48.686168
632.0 48.897507872
634.0 49.1014130944
636.0 49.3092181888
638.0 49.5207903936
640.0 49.723368
642.0 49.9101137856
644.0 50.088130496
646.0 50.2732167616
648.0 50.46434368
650.0 50.636104
652.0 50.777329152
654.0 50.8980260416
656.0 51.0172459584
658.0 51.1375445632
660.0 51.268796
662.0 51.4168417792
664.0 51.575309344
666.0 51.7282009216
668.0 51.8749854656
670.0 52.025952
672.0 52.1847348736
674.0 52.3482639744
676.0 52.5127555968
678.0 52.6765834112
680.0 52.824596
682.0 52.9488276672
684.0 53.0583062016
686.0 53.1733773184
688.0 53.2944393024
690.0 53.405428
692.0 53.4976475264
694.0 53.5793954816
696.0 53.6691921088
698.0 53.7653115072
700.0 53.83068
702.0 53.8481215552
704.0 53.8353100608
706.0 53.828024768
708.0 53.82902048
710.0 53.83068
712.0 53.83068
714.0 53.83068
716.0 53.83068
718.0 53.83068
720.0 53.83068
722.0 53.83068
724.0 53.83068
726.0 53.83068
728.0 53.83068
730.0 53.83068
732.0 53.83068
734.0 53.83068
736.0 53.83068
738.0 53.83068
740.0 53.83068
742.0 53.83068
744.0 53.83068
746.0 53.83068
748.0 53.83068
750.0 53.83068
