380.0 12.155984
382.0 12.1562641333
384.0 12.1566643238
386.0 12.1553436952
388.0 12.1555838095
390.0 12.155984
392.0 12.159468992
394.0 12.1615599872
396.0 12.1462094272
398.0 12.118893728
400.0 12.155984
402.0 12.293558208
404.0 12.49494096
406.0 12.6838939072
408.0 12.8542104448
410.0 13.01686
412.0 13.1763232768
414.0 13.3287169984
416.0 13.4699421504
418.0 13.6038156288
420.0 13.774016
422.0 14.0047556608
424.0 14.2711915968
426.0 14.5153899648
428.0 14.7391762368
430.0 15.018656
432.0 15.3892102208
434.0 15.8159889792
436.0 16.2289937216
438.0 16.6242747904
440.0 17.030824
442.0 17.4583495424
444.0 17.8983048896
446.0 18.3420771328
448.0 18.7859489472
450.0 19.198572
452.0 19.5630191872
454.0 19.897810752
456.0 20.2456129536
458.0 20.6068904576
460.0 20.941068
462.0 21.2292934336
464.0 21.4908171904
466.0 21.76377504
468.0 22.049129504
470.0 22.320544
472.0 22.566733792
474.0 22.7968594304
476.0 23.026835712
478.0 23.2579570624
480.0 23.49258
482.0 23.7340733504
484.0 23.9773755776
486.0 24.207667168
488.0 24.42730464
490.0 24.674988
492.0 24.968474112
494.0 25.2917983936
496.0 25.6128491328
498.0 25.9282409088
500.0 26.230788
502.0 26.5131387328
504.0 26.7843374912
506.0 27.0710693568
508.0 27.3701480512
510.0 27.620636
512.0 27.7917491072
514.0 27.9149020864
516.0 28.0582680192
518.0 28.2224111424
520.0 28.346676
522.0 28.4044604864
524.0 28.4204748544
526.0 28.4406546176
528.0 28.4690821952
530.0 28.502256
532.0 28.5425989312
534.0 28.5873561856
536.0 28.6221729152
538.0 28.6503349696
540.0 28.720068
542.0 28.8546218816
544.0 29.0299169792
546.0 29.1952383616
548.0 29.3477980352
550.0 29.50834
552.0 29.6838508352
554.0 29.8694349568
556.0 30.0613584448
558.0 30.2569660672
560.0 30.431448
562.0 30.5777512832
564.0 30.7003068352
566.0 30.800774176
568.0 30.8891768064
570.0 31.074512
572.0 31.4191445184
574.0 31.85573104
576.0 32.2250406208
578.0 32.5339436736
580.0 33.014076
582.0 33.7732732096
584.0 34.7066868288
586.0 35.6029935808
588.0 36.4494151616
590.0 37.318456
592.0 38.2312417856
594.0 39.172056864
596.0 40.137648576
598.0 41.1162343296
600.0 41.985856
602.0 42.6824893056
604.0 43.2726146176
606.0 43.9064019008
608.0 44.5856102464
610.0 45.180432
612.0 45.6312737984
614.0 45.9955716288
616.0 46.385326496
618.0 46.8042889152
620.0 47.182228
622.0 47.4889238912
624.0 47.7529037376
626.0 48.024932256
628.0 48.3080297728
630.0 48.582448
632.0 48.8398229568
634.0 49.0886513856
636.0 49.3431885632
638.0 49.6029034432
640.0 49.847832
642.0 50.0679009472
644.0 50.2726193344
646.0 50.4824822336
648.0 50.697257312
650.0 50.895404
652.0 51.067911104
654.0 51.2232255808
656.0 51.3763992768
658.0 51.529921472
660.0 51.694048
662.0 51.874686752
664.0 52.06619536
666.0 52.2543683328
668.0 52.4387741952
670.0 52.627528
672.0 52.8230360512
674.0 53.0235226624
676.0 53.2281414784
678.0 53.4349010752
680.0 53.62324
682.0 53.7824045632
684.0 53.9235467392
686.0 54.0718248512
688.0 54.2277367552
690.0 54.370024
692.0 54.4870367552
694.0 54.5916860864
696.0 54.71271488
698.0 54.8476006656
700.0 54.940484
702.0 54.9652606336
704.0 54.9470059136
706.0 54.9367666752
708.0 54.938160672
710.0 54.940484
712.0 54.940484
714.0 54.940484
716.0 54.940484
718.0 54.940484
720.0 54.940484
722.0 54.940484
724.0 54.940484
726.0 54.940484
728.0 54.940484
730.0 54.940484
732.0 54.940484
734.0 54.940484
736.0 54.940484
738.0 54.940484
740.0 54.940484
742.0 54.940484
744.0 54.940484
746.0 54.940484
748.0 54.940484
750.0 54.940484
