380.0 15.620232
382.0 15.6205654921
384.0 15.6210419093
386.0 15.6194697324
388.0 15.6197555828
390.0 15.620232
392.0 15.6243808
394.0 15.62687008
396.0 15.6085987648
398.0 15.5761053632
400.0 15.620232
402.0 15.7835453632
404.0 16.0230472896
406.0 16.2499534592
408.0 16.4564309376
410.0 16.64706
412.0 16.8228529536
414.0 16.98435744
416.0 17.1379128256
418.0 17.288132576
420.0 17.47682
422.0 17.726909664
424.0 18.0142057664
426.0 18.282433984
428.0 18.5322249344
430.0 18.82518
432.0 19.1884821184
434.0 19.5967406336
436.0 20.001945632
438.0 20.399317696
440.0 20.785488
442.0 21.155312032
444.0 21.5147972544
446.0 21.884256192
448.0 22.2619961344
450.0 22.61096
452.0 22.9130258304
454.0 23.1864483456
456.0 23.4698113856
458.0 23.7642766144
460.0 24.042296
462.0 24.2919209984
464.0 24.5252329152
466.0 24.7642867712
468.0 25.0104101824
470.0 25.25582
472.0 25.4980601344
474.0 25.7382590592
476.0 25.9759355136
478.0 26.211952448
480.0 26.458972
482.0 26.72491008
484.0 27.0003572096
486.0 27.2624783936
488.0 27.513265056
490.0 27.79696
492.0 28.133676608
494.0 28.504496352
496.0 28.8718808896
498.0 29.2319801344
500.0 29.580944
502.0 29.9124663104
504.0 30.234048096
506.0 30.5702834432
508.0 30.9171231232
510.0 31.209348
512.0 31.4140663872
514.0 31.5641035904
516.0 31.7309185408
518.0 31.9157060928
520.0 32.059852
522.0 32.1380817728
524.0 32.175105664
526.0 32.2160294272
528.0 32.2649354816
530.0 32.319152
532.0 32.3810189056
534.0 32.4465699456
536.0 32.4998073472
538.0 32.543353152
540.0 32.61994
542.0 32.750295296
544.0 32.9143222528
546.0 33.069503968
548.0 33.2136166848
550.0 33.366724
552.0 33.5361443968
554.0 33.7141279168
556.0 33.8896885376
558.0 34.060735264
560.0 34.217228
562.0 34.35911696
564.0 34.4853566464
566.0 34.5863716288
568.0 34.6716543616
570.0 34.84992
572.0 35.1826205696
574.0 35.6051509568
576.0 35.96553232
578.0 36.2700044544
580.0 36.737624
582.0 37.4699203904
584.0 38.3662271424
586.0 39.2244479104
588.0 40.0319703424
590.0 40.855308
592.0 41.7134789824
594.0 42.5940368896
596.0 43.499006336
598.0 44.417633632
600.0 45.232292
602.0 45.88199408
604.0 46.4290216576
606.0 47.0129071744
608.0 47.6362062912
610.0 48.188312
612.0 48.6184761792
614.0 48.9761857152
616.0 49.3575102208
618.0 49.7647398336
620.0 50.127876
622.0 50.4160184576
624.0 50.658009664
626.0 50.9072031872
628.0 51.1665197824
630.0 51.414004
632.0 51.6407276224
634.0 51.8555524864
636.0 52.072667488
638.0 52.2925372928
640.0 52.503064
642.0 52.6978750528
644.0 52.8842723392
646.0 53.0780544896
648.0 53.2782589824
650.0 53.457288
652.0 53.6026951424
654.0 53.7265949056
656.0 53.8527848064
658.0 53.9836545536
660.0 54.121096
662.0 54.2673494976
664.0 54.4195440768
666.0 54.5685191872
668.0 54.7143080192
670.0 54.86788
672.0 55.0332677632
674.0 55.2062063424
676.0 55.3800576576
678.0 55.552597952
680.0 55.708012
682.0 55.838035392
684.0 55.9512644416
686.0 56.0673146752
688.0 56.1869826624
690.0 56.299216
692.0 56.3976587264
694.0 56.4890318976
696.0 56.5886030976
698.0 56.6942149504
700.0 56.765956
702.0 56.7851566464
704.0 56.7710507264
706.0 56.7630352448
708.0 56.764130528
710.0 56.765956
712.0 56.765956
714.0 56.765956
716.0 56.765956
718.0 56.765956
720.0 56.765956
722.0 56.765956
724.0 56.765956
726.0 56.765956
728.0 56.765956
730.0 56.765956
732.0 56.765956
734.0 56.765956
736.0 56.765956
738.0 56.765956
740.0 56.765956
742.0 56.765956
744.0 56.765956
746.0 56.765956
748.0 56.765956
750.0 56.765956
