380.0 14.033316
382.0 14.0334694063
384.0 14.0336885583
386.0 14.0329653569
388.0 14.0330968481
390.0 14.033316
392.0 14.035224448
394.0 14.0363695168
396.0 14.0279557504
398.0 14.0129370944
400.0 14.033316
402.0 14.1091062784
404.0 14.2195639296
406.0 14.3212925056
408.0 14.4111389184
410.0 14.500056
412.0 14.5943499264
414.0 14.6874489984
416.0 14.765330272
418.0 14.8321093568
420.0 14.946052
422.0 15.1389546048
424.0 15.3774276288
426.0 15.584884224
428.0 15.7635813376
430.0 16.014368
432.0 16.3841588416
434.0 16.8267362304
436.0 17.2492832128
438.0 17.6468544192
440.0 18.057652
442.0 18.4950350912
444.0 18.9486648832
446.0 19.4080698048
448.0 19.8692338176
450.0 20.298004
452.0 20.6761754176
454.0 21.0227827648
456.0 21.3815377984
458.0 21.753237088
460.0 22.102732
462.0 22.413643072
464.0 22.7020510528
466.0 22.9996693696
468.0 23.3068963072
470.0 23.5963
472.0 23.8561974272
474.0 24.0976078016
476.0 24.3402960064
478.0 24.5863198464
480.0 24.84094
482.0 25.1084878144
484.0 25.3823418048
486.0 25.6449442496
488.0 25.8973572416
490.0 26.168556
492.0 26.4708873536
494.0 26.7941286592
496.0 27.1196932928
498.0 27.444063072
500.0 27.7451
502.0 28.006557376
504.0 28.2470384192
506.0 28.5157976832
508.0 28.807026848
510.0 29.010484
512.0 29.070558624
514.0 29.0432263296
516.0 29.0499639808
518.0 29.0921987648
520.0 29.062344
522.0 28.9146301248
524.0 28.6936982272
526.0 28.4801180032
528.0 28.2830168128
530.0 28.118492
532.0 28.0017281728
534.0 27.913458304
536.0 27.7976569984
538.0 27.6585062464
540.0 27.599892
542.0 27.6708696704
544.0 27.8219855616
546.0 27.9517600256
548.0 28.0543847424
550.0 28.170352
552.0 28.3124401024
554.0 28.4708578816
556.0 28.6394485184
558.0 28.8119722176
560.0 28.927508
562.0 28.9627396096
564.0 28.9387595456
566.0 28.890915584
568.0 28.8343425472
570.0 28.896392
572.0 29.1596914432
574.0 29.5326187776
576.0 29.7843679616
578.0 29.9356829952
580.0 30.44182
582.0 31.5196948352
584.0 32.9522920704
586.0 34.2902302848
588.0 35.5101434368
590.0 36.810228
592.0 38.2614616448
594.0 39.8046492928
596.0 41.3700579136
598.0 42.936843936
600.0 44.350672
602.0 45.525861088
604.0 46.5525729216
606.0 47.6437073216
608.0 48.799264288
610.0 49.806344
612.0 50.564661664
614.0 51.1740705984
616.0 51.8355054848
618.0 52.5538121216
620.0 53.177244
622.0 53.6384743936
624.0 54.0028717952
626.0 54.392676448
628.0 54.8140949568
630.0 55.210156
632.0 55.5569790848
634.0 55.8766856128
636.0 56.206033952
638.0 56.5459534336
640.0 56.869676
642.0 57.1642076096
644.0 57.4425091136
646.0 57.7309502848
648.0 58.0286349824
650.0 58.301012
652.0 58.5327971584
654.0 58.7379802112
656.0 58.94324624
658.0 59.1516487616
660.0 59.369328
662.0 59.6007148736
664.0 59.8414116544
666.0 60.0786566336
668.0 60.3123834304
670.0 60.551736
672.0 60.8002823104
674.0 61.0555496768
676.0 61.3139867264
678.0 61.5743986048
680.0 61.827492
682.0 62.0671100928
684.0 62.299376512
686.0 62.5402060544
688.0 62.7878064384
690.0 63.0099
692.0 63.1881656384
694.0 63.3413227392
696.0 63.513232416
698.0 63.7009739136
700.0 63.829288
702.0 63.8634409216
704.0 63.838332384
706.0 63.8241102976
708.0 63.826051936
710.0 63.829288
712.0 63.829288
714.0 63.829288
716.0 63.829288
718.0 63.829288
720.0 63.829288
722.0 63.829288
724.0 63.829288
726.0 63.829288
728.0 63.829288
730.0 63.829288
732.0 63.829288
734.0 63.829288
736.0 63.829288
738.0 63.829288
740.0 63.829288
742.0 63.829288
744.0 63.829288
746.0 63.829288
748.0 63.829288
750.0 63.829288
