380.0 15.018656
382.0 15.018822746
384.0 15.0190609546
386.0 15.0182748662
388.0 15.0184177914
390.0 15.018656
392.0 15.0207304
394.0 15.02197504
396.0 15.0128310848
398.0 14.9965180032
400.0 15.018656
402.0 15.1010677632
404.0 15.2211672256
406.0 15.331558496
408.0 15.4289557248
410.0 15.526884
412.0 15.6325788288
414.0 15.7386719424
416.0 15.8300948992
418.0 15.910565024
420.0 16.035112
422.0 16.233175712
424.0 16.47405504
426.0 16.688216096
428.0 16.876986496
430.0 17.124172
432.0 17.467941568
434.0 17.8710555712
436.0 18.2604121536
438.0 18.6310659456
440.0 19.001504
442.0 19.3764393536
444.0 19.7538142016
446.0 20.1386734848
448.0 20.5284615424
450.0 20.889208
452.0 21.2036372544
454.0 21.489456384
456.0 21.785597728
458.0 22.0928910464
460.0 22.382776
462.0 22.6422751424
464.0 22.8832374464
466.0 23.1282655744
468.0 23.3780233344
470.0 23.617044
472.0 23.8391209664
474.0 24.0506599808
476.0 24.2623815424
478.0 24.4757460288
480.0 24.695732
482.0 24.9263057088
484.0 25.1620737152
486.0 25.388664576
488.0 25.607306336
490.0 25.847024
492.0 26.1208448
494.0 26.4161065984
496.0 26.707982976
498.0 26.9937855104
500.0 27.267988
502.0 27.5220937024
504.0 27.7677856384
506.0 28.0402124416
508.0 28.3323377472
510.0 28.533372
512.0 28.5864932352
514.0 28.5493199872
516.0 28.5488221312
518.0 28.5858294272
520.0 28.543744
522.0 28.3727470592
524.0 28.1199357824
526.0 27.8706094976
528.0 27.634824896
530.0 27.43394
532.0 27.28707248
534.0 27.1719183872
536.0 27.023457728
538.0 26.8473992512
540.0 26.770132
542.0 26.8508842432
544.0 27.03026176
546.0 27.187003424
548.0 27.3131435392
550.0 27.444312
552.0 27.5885408832
554.0 27.7425775296
556.0 27.9187189824
558.0 28.1087340224
560.0 28.21184
562.0 28.1867314624
564.0 28.0712952512
566.0 27.9340031616
568.0 27.79364096
570.0 27.786588
572.0 28.002408576
574.0 28.340618752
576.0 28.5462830656
578.0 28.6412739904
580.0 29.114204
582.0 30.1945847104
584.0 31.656422688
586.0 33.0375416128
588.0 34.3081365056
590.0 35.607076
592.0 36.9719980096
594.0 38.3784080192
596.0 39.8386196672
598.0 41.3300634816
600.0 42.597804
602.0 43.5107557376
604.0 44.2039538368
606.0 44.9777382272
608.0 45.8387801792
610.0 46.559908
612.0 47.0390280192
614.0 47.373985536
616.0 47.7500991488
618.0 48.1745711744
620.0 48.54096
622.0 48.8041100864
624.0 49.006289408
626.0 49.2207325824
628.0 49.451787552
630.0 49.671508
632.0 49.868824928
634.0 50.0543758592
636.0 50.2441419712
638.0 50.43862112
640.0 50.625732
642.0 50.79915184
644.0 50.9653693632
646.0 51.1383909184
648.0 51.3171544128
650.0 51.476236
652.0 51.6036705408
654.0 51.7113236032
656.0 51.8234739648
658.0 51.9415820032
660.0 52.057068
662.0 52.1666129152
664.0 52.273137504
666.0 52.3806412096
668.0 52.4892567936
670.0 52.596412
672.0 52.7015094016
674.0 52.8048809024
676.0 52.9060286464
678.0 53.0057823936
680.0 53.115012
682.0 53.2376173376
684.0 53.3694662016
686.0 53.5040200832
688.0 53.638258656
690.0 53.747704
692.0 53.819229312
694.0 53.8665920128
696.0 53.9215221248
698.0 53.984517504
700.0 54.027748
702.0 54.039032736
704.0 54.0307517312
706.0 54.0260220992
708.0 54.026669312
710.0 54.027748
712.0 54.027748
714.0 54.027748
716.0 54.027748
718.0 54.027748
720.0 54.027748
722.0 54.027748
724.0 54.027748
726.0 54.027748
728.0 54.027748
730.0 54.027748
732.0 54.027748
734.0 54.027748
736.0 54.027748
738.0 54.027748
740.0 54.027748
742.0 54.027748
744.0 54.027748
746.0 54.027748
748.0 54.027748
750.0 54.027748
