380.0 15.92102
382.0 15.921273454
384.0 15.9216355311
386.0 15.9204406767
388.0 15.9206579229
390.0 15.92102
392.0 15.924173088
394.0 15.9260649408
396.0 15.9121581632
398.0 15.8872985536
400.0 15.92102
402.0 16.0461975936
404.0 16.2285954368
406.0 16.397053312
408.0 16.5460284224
410.0 16.688548
412.0 16.8312169344
414.0 16.9682932864
416.0 17.0896705792
418.0 17.2005597056
420.0 17.362728
422.0 17.6107930496
424.0 17.90953984
426.0 18.1763242752
428.0 18.4145649664
430.0 18.742204
432.0 19.2137068224
434.0 19.7748071296
436.0 20.3168727424
438.0 20.8326681536
440.0 21.355948
442.0 21.8963374976
444.0 22.4464683776
446.0 23.0055440704
448.0 23.5686523968
450.0 24.083784
452.0 24.5237891328
454.0 24.9175434432
456.0 25.3298677824
458.0 25.7616914816
460.0 26.158184
462.0 26.4941206336
464.0 26.7933984704
466.0 27.1026002368
468.0 27.4230867392
470.0 27.724356
472.0 27.9940445952
474.0 28.2434870464
476.0 28.4913529536
478.0 28.74039712
480.0 29.000112
482.0 29.277334816
484.0 29.5649628224
486.0 29.8434136832
488.0 30.1139154432
490.0 30.410704
492.0 30.7491796992
494.0 31.1128801024
496.0 31.469394784
498.0 31.8157034176
500.0 32.1532
502.0 32.4780178496
504.0 32.7967120704
506.0 33.1317691584
508.0 33.4783765056
510.0 33.76086
512.0 33.9407187776
514.0 34.0573830336
516.0 34.1972473792
518.0 34.36160624
520.0 34.476528
522.0 34.509884352
524.0 34.4930070336
526.0 34.4836805312
528.0 34.4870161664
530.0 34.497272
532.0 34.5158088384
534.0 34.5401374016
536.0 34.556019008
538.0 34.565976128
540.0 34.611364
542.0 34.712760672
544.0 34.8485260032
546.0 34.9720938624
548.0 35.0820702528
550.0 35.21294
552.0 35.3792073088
554.0 35.5665671168
556.0 35.7498279104
558.0 35.9264672192
560.0 36.09456
562.0 36.2563797952
564.0 36.4092215872
566.0 36.5430120896
568.0 36.6649204288
570.0 36.862088
572.0 37.1879181568
574.0 37.5834979392
576.0 37.905345248
578.0 38.165309056
580.0 38.6357
582.0 39.443554336
584.0 40.463329376
586.0 41.43987392
588.0 42.355265152
590.0 43.271984
592.0 44.204385312
594.0 45.145250176
596.0 46.114160928
598.0 47.10049664
600.0 47.9705
602.0 48.655052
604.0 49.225429024
606.0 49.8402148032
608.0 50.5015003328
610.0 51.071728
612.0 51.4875041408
614.0 51.8115586112
616.0 52.1667954624
618.0 52.5567992576
620.0 52.8972
622.0 53.1511563456
624.0 53.352987168
626.0 53.5650904192
628.0 53.7910506624
630.0 54.007004
632.0 54.2035243584
634.0 54.389772288
636.0 54.5795549952
638.0 54.7734699072
640.0 54.961228
642.0 55.1374026432
644.0 55.308316608
646.0 55.4875613632
648.0 55.674074816
650.0 55.842848
652.0 55.982330656
654.0 56.103143712
656.0 56.226612
658.0 56.35439504
660.0 56.485912
662.0 56.621743712
664.0 56.76014768
666.0 56.8953487744
668.0 57.0272142336
670.0 57.160092
672.0 57.2963054016
674.0 57.4341949184
676.0 57.5700100352
678.0 57.7041490368
680.0 57.844644
682.0 57.9939012288
684.0 58.1493484672
686.0 58.30806496
688.0 58.467295904
690.0 58.6018
692.0 58.697720256
694.0 58.7696770432
696.0 58.8516905216
698.0 58.9434619776
700.0 59.006308
702.0 59.0228700096
704.0 59.010705728
706.0 59.0037855296
708.0 59.004731456
710.0 59.006308
712.0 59.006308
714.0 59.006308
716.0 59.006308
718.0 59.006308
720.0 59.006308
722.0 59.006308
724.0 59.006308
726.0 59.006308
728.0 59.006308
730.0 59.006308
732.0 59.006308
734.0 59.006308
736.0 59.006308
738.0 59.006308
740.0 59.006308
742.0 59.006308
744.0 59.006308
746.0 59.006308
748.0 59.006308
750.0 59.006308
