380.0 17.985048
382.0 17.9851080286
384.0 17.9851937837
386.0 17.9849107918
388.0 17.9849622449
390.0 17.985048
392.0 17.985794784
394.0 17.9862428544
396.0 17.9829404096
398.0 17.9769827328
400.0 17.985048
402.0 18.0157325248
404.0 18.0594442816
406.0 18.095074176
408.0 18.1224894464
410.0 18.161372
412.0 18.2250477824
414.0 18.2994274688
416.0 18.3490305216
418.0 18.3800635456
420.0 18.493276
422.0 18.7410921216
424.0 19.0693949632
426.0 19.3579854912
428.0 19.6075275136
430.0 19.945356
432.0 20.4275793216
434.0 21.000312864
436.0 21.5617948608
438.0 22.1024664768
440.0 22.621332
442.0 23.1112886848
444.0 23.5824927936
446.0 24.0710388864
448.0 24.57417216
450.0 25.027636
452.0 25.400530144
454.0 25.7230246656
456.0 26.0579821824
458.0 26.4079583552
460.0 26.739016
462.0 27.0360866752
464.0 27.3135750144
466.0 27.5978010048
468.0 27.8889637888
470.0 28.15998
472.0 28.4002619008
474.0 28.6208618944
476.0 28.8401840576
478.0 29.0623108096
480.0 29.311272
482.0 29.6018207616
484.0 29.9170465856
486.0 30.2151129728
488.0 30.4974471104
490.0 30.825584
492.0 31.2279678144
494.0 31.6751586688
496.0 32.1081606272
498.0 32.523189984
500.0 32.941472
502.0 33.366806976
504.0 33.7981494144
506.0 34.2459211008
508.0 34.7026873856
510.0 35.078104
512.0 35.3247584576
514.0 35.491822336
516.0 35.6898694528
518.0 35.9192980928
520.0 36.073816
522.0 36.1066579008
524.0 36.0626640256
526.0 36.026021824
528.0 36.0042323264
530.0 35.99084
532.0 35.9893796224
534.0 35.994822848
536.0 35.9824262336
538.0 35.9568032448
540.0 35.99084
542.0 36.1193532288
544.0 36.3067960128
546.0 36.4789380224
548.0 36.6312653632
550.0 36.789484
552.0 36.9608460352
554.0 37.1411196928
556.0 37.3322963968
558.0 37.5297294912
560.0 37.681476
562.0 37.7679535872
564.0 37.8059565952
566.0 37.8223858432
568.0 37.8300196352
570.0 37.940776
572.0 38.2262300352
574.0 38.6073388032
576.0 38.8863041152
578.0 39.0802190272
580.0 39.56918
582.0 40.5300586752
584.0 41.7889705472
586.0 42.9931680448
588.0 44.1167294656
590.0 45.232292
592.0 46.3520199296
594.0 47.4740711872
596.0 48.644514048
598.0 49.8479813568
600.0 50.87466
602.0 51.6185232448
604.0 52.1872241536
606.0 52.8162818048
608.0 53.5114381376
610.0 54.100352
612.0 54.5054906176
614.0 54.8017315328
616.0 55.1308807296
618.0 55.4978171968
620.0 55.811732
622.0 56.0340081088
624.0 56.201636224
626.0 56.3796861248
628.0 56.572704896
630.0 56.765956
632.0 56.954643424
634.0 57.1409411392
636.0 57.323471744
638.0 57.5021356672
640.0 57.678692
642.0 57.8528752192
644.0 58.0261457024
646.0 58.2034488192
648.0 58.3830254784
650.0 58.539568
652.0 58.6608291264
654.0 58.759122496
656.0 58.8605523584
658.0 58.966811424
660.0 59.06854
662.0 59.16271776
664.0 59.2524314112
666.0 59.3408008512
668.0 59.428987744
670.0 59.524908
672.0 59.633274656
674.0 59.7489763904
676.0 59.8595336128
678.0 59.9654773696
680.0 60.084996
682.0 60.2241965376
684.0 60.3780340416
686.0 60.5405176448
688.0 60.7067683584
690.0 60.83178
692.0 60.8928005504
694.0 60.9124160768
696.0 60.9407440832
698.0 60.98030704
700.0 61.008104
702.0 61.014991008
704.0 61.0099460672
706.0 61.0070419072
708.0 61.007440192
710.0 61.008104
712.0 61.008104
714.0 61.008104
716.0 61.008104
718.0 61.008104
720.0 61.008104
722.0 61.008104
724.0 61.008104
726.0 61.008104
728.0 61.008104
730.0 61.008104
732.0 61.008104
734.0 61.008104
736.0 61.008104
738.0 61.008104
740.0 61.008104
742.0 61.008104
744.0 61.008104
746.0 61.008104
748.0 61.008104
750.0 61.008104
