380.0 22.061244
382.0 22.061410746
384.0 22.0616489546
386.0 22.0608628662
388.0 22.0610057914
390.0 22.061244
392.0 22.0633184
394.0 22.06456304
396.0 22.05543568
398.0 22.03925536
400.0 22.061244
402.0 22.142643456
404.0 22.2623446336
406.0 22.376635776
408.0 22.4815672256
410.0 22.579844
412.0 22.6750672576
414.0 22.762142272
416.0 22.8282077632
418.0 22.8801673344
420.0 23.005096
422.0 23.2501573184
424.0 23.5666609728
426.0 23.8429544576
428.0 24.0812615296
430.0 24.415688
432.0 24.9069557056
434.0 25.4959691392
436.0 26.0673418752
438.0 26.6124444096
440.0 27.153896
442.0 27.6951152576
444.0 28.236068992
446.0 28.7930702848
448.0 29.3612069568
450.0 29.87136
452.0 30.2884637568
454.0 30.6484136448
456.0 31.0298543168
458.0 31.4342793408
460.0 31.800552
462.0 32.1007425728
464.0 32.3612872128
466.0 32.6331663744
468.0 32.9178404352
470.0 33.180028
472.0 33.4050755072
474.0 33.6073378048
476.0 33.8116247168
478.0 34.0205914752
480.0 34.237972
482.0 34.4678321152
484.0 34.7043469056
486.0 34.930572672
488.0 35.1478702208
490.0 35.389264
492.0 35.6698722368
494.0 35.9748754176
496.0 36.2746843008
498.0 36.5667432256
500.0 36.851716
502.0 37.1254206336
504.0 37.3946943488
506.0 37.6824053312
508.0 37.9836082112
510.0 38.22082
512.0 38.3541790272
514.0 38.4246754368
516.0 38.5227862592
518.0 38.6490425408
520.0 38.718676
522.0 38.6947623168
524.0 38.6125331008
526.0 38.537290464
528.0 38.4752742016
530.0 38.42826
532.0 38.4025042496
534.0 38.3893276608
536.0 38.3590912064
538.0 38.315246688
540.0 38.32454
542.0 38.41871776
544.0 38.5661329216
546.0 38.7011846592
548.0 38.8200228864
550.0 38.94686
552.0 39.0890310784
554.0 39.2411260864
556.0 39.4010540288
558.0 39.564865248
560.0 39.693644
562.0 39.773881792
564.0 39.816365504
566.0 39.8357321024
568.0 39.8437973696
570.0 39.952944
572.0 40.2333696896
574.0 40.6088360896
576.0 40.8904566336
578.0 41.0934989056
580.0 41.570976
582.0 42.4868318976
584.0 43.6786161856
586.0 44.8175115712
588.0 45.879255872
590.0 46.9333
592.0 47.99165888
594.0 49.052009184
596.0 50.156336768
598.0 51.290037856
600.0 52.254136
602.0 52.947898336
604.0 53.474381056
606.0 54.0592954752
608.0 54.7080516288
610.0 55.251644
612.0 55.6141495488
614.0 55.8695994624
616.0 56.1582231808
618.0 56.4851984064
620.0 56.765956
622.0 56.9643018304
624.0 57.113542464
626.0 57.2720764096
628.0 57.4433554688
630.0 57.606088
632.0 57.7519432128
634.0 57.8890527552
636.0 58.0294149568
638.0 58.1734944832
640.0 58.311384
642.0 58.4379389952
644.0 58.5591669312
646.0 58.6878958976
648.0 58.8233293248
650.0 58.944076
652.0 59.0402285888
654.0 59.1207982848
656.0 59.203873856
658.0 59.2907165376
660.0 59.3797
662.0 59.4706914816
664.0 59.5627616512
666.0 59.6523259456
668.0 59.7392516032
670.0 59.825696
672.0 59.9130863232
674.0 60.0005928128
676.0 60.085908736
678.0 60.169797472
680.0 60.26132
682.0 60.363629408
684.0 60.4740372736
686.0 60.588826272
688.0 60.7053743616
690.0 60.800664
692.0 60.8624479296
694.0 60.9027742656
696.0 60.9493901824
698.0 61.0026939648
700.0 61.03922
702.0 61.0487456448
704.0 61.0417590656
706.0 61.0377596224
708.0 61.038307264
710.0 61.03922
712.0 61.03922
714.0 61.03922
716.0 61.03922
718.0 61.03922
720.0 61.03922
722.0 61.03922
724.0 61.03922
726.0 61.03922
728.0 61.03922
730.0 61.03922
732.0 61.03922
734.0 61.03922
736.0 61.03922
738.0 61.03922
740.0 61.03922
742.0 61.03922
744.0 61.03922
746.0 61.03922
748.0 61.03922
750.0 61.03922
