380.0 10.517208
382.0 10.5174414444
384.0 10.5177749365
386.0 10.5166744127
388.0 10.5168745079
390.0 10.517208
392.0 10.52011216
394.0 10.521854656
396.0 10.5090597568
398.0 10.4862745472
400.0 10.517208
402.0 10.6321463552
404.0 10.8001063744
406.0 10.9563667776
408.0 11.096048576
410.0 11.232876
412.0 11.372607584
414.0 11.5100490304
416.0 11.6379482368
418.0 11.7588276736
420.0 11.907056
422.0 12.1017674816
424.0 12.3227325696
426.0 12.5229702528
428.0 12.7042396224
430.0 12.933884
432.0 13.2437495744
434.0 13.6014923008
436.0 13.9410798784
438.0 14.2598238848
440.0 14.593404
442.0 14.9556606208
444.0 15.3357404864
446.0 15.7182930368
448.0 16.1001983744
450.0 16.460364
452.0 16.7864098944
454.0 17.0917117888
456.0 17.408862656
458.0 17.7372982592
460.0 18.036908
462.0 18.2890056832
464.0 18.5127421696
466.0 18.7465353472
468.0 18.9920115456
470.0 19.229688
472.0 19.4521134656
474.0 19.6643826688
476.0 19.8729013568
478.0 20.0793290496
480.0 20.298004
482.0 20.5370246656
484.0 20.7877615424
486.0 21.0297527488
488.0 21.2633633792
490.0 21.511528
492.0 21.7842867072
494.0 22.0727610688
496.0 22.3603890752
498.0 22.6453784448
500.0 22.92212
502.0 23.1842245888
504.0 23.4403715008
506.0 23.7154867264
508.0 24.0052223232
510.0 24.239364
512.0 24.3818503872
514.0 24.4682449984
516.0 24.57707632
518.0 24.7086430656
520.0 24.78908
522.0 24.7860596736
524.0 24.731245728
526.0 24.6838166464
528.0 24.6489501312
530.0 24.623128
532.0 24.6102833152
534.0 24.6032635456
536.0 24.5755993472
538.0 24.5320701376
540.0 24.550524
542.0 24.6679018496
544.0 24.8481257216
546.0 25.0162516928
548.0 25.1670688704
550.0 25.318052
552.0 25.4730843584
554.0 25.6303404736
556.0 25.7960269504
558.0 25.9672230336
560.0 26.106324
562.0 26.2012983296
564.0 26.261821024
566.0 26.2983802496
568.0 26.323223264
570.0 26.458972
572.0 26.77594032
574.0 27.198205184
576.0 27.5456422912
578.0 27.8253211968
580.0 28.294816
582.0 29.0747738048
584.0 30.045941504
586.0 30.9667593664
588.0 31.8244822784
590.0 32.72366
592.0 33.6999058304
594.0 34.7241781696
596.0 35.7675017984
598.0 36.8163350336
600.0 37.75408
602.0 38.5172600576
604.0 39.1727040768
606.0 39.8755605824
608.0 40.625962336
610.0 41.270188
612.0 41.737425856
614.0 42.0969940544
616.0 42.4854379008
618.0 42.9085989056
620.0 43.292728
622.0 43.6071738496
624.0 43.8802976512
626.0 44.1595284864
628.0 44.4482849664
630.0 44.734436
632.0 45.0126047424
634.0 45.2885663232
636.0 45.5720289344
638.0 45.8611007232
640.0 46.124284
642.0 46.3460954432
644.0 46.5421843264
646.0 46.7459733824
648.0 46.9587902272
650.0 47.161484
652.0 47.3467860032
654.0 47.521101984
656.0 47.6936256832
658.0 47.866282144
660.0 48.053476
662.0 48.262326592
664.0 48.4840882496
666.0 48.6996598976
668.0 48.907382016
670.0 49.11142
672.0 49.312470848
674.0 49.5104349888
676.0 49.7080008448
678.0 49.904338656
680.0 50.086388
682.0 50.248108224
684.0 50.3962037888
686.0 50.5443823296
688.0 50.6940378432
690.0 50.843544
692.0 50.9897643072
694.0 51.1374615872
696.0 51.2999783808
698.0 51.4726348416
700.0 51.590328
702.0 51.6219916416
704.0 51.5986919808
706.0 51.5855485824
708.0 51.587340864
710.0 51.590328
712.0 51.590328
714.0 51.590328
716.0 51.590328
718.0 51.590328
720.0 51.590328
722.0 51.590328
724.0 51.590328
726.0 51.590328
728.0 51.590328
730.0 51.590328
732.0 51.590328
734.0 51.590328
736.0 51.590328
738.0 51.590328
740.0 51.590328
742.0 51.590328
744.0 51.590328
746.0 51.590328
748.0 51.590328
750.0 51.590328
