380.0 20.266888
382.0 20.2670213968
384.0 20.2672119637
386.0 20.266583093
388.0 20.2666974331
390.0 20.266888
392.0 20.26854752
394.0 20.269543232
396.0 20.2622247488
398.0 20.2491477312
400.0 20.266888
402.0 20.3336172992
404.0 20.4301349824
406.0 20.5150360256
408.0 20.58676048
410.0 20.671396
412.0 20.784907168
414.0 20.9100681664
416.0 21.006287136
418.0 21.0801689664
420.0 21.241856
422.0 21.5484025344
424.0 21.94175856
426.0 22.2932946816
428.0 22.6033096128
430.0 23.005096
432.0 23.5581974208
434.0 24.203601344
436.0 24.828161696
438.0 25.4234149248
440.0 26.012976
442.0 26.6007613888
444.0 27.1869702336
446.0 27.7882807104
448.0 28.399614688
450.0 28.948252
452.0 29.396903232
454.0 29.7838867008
456.0 30.1937881408
458.0 30.627769216
460.0 31.01228
462.0 31.314146688
464.0 31.5662443712
466.0 31.8316845952
468.0 32.113620448
470.0 32.381384
472.0 32.623507968
474.0 32.8499660672
476.0 33.0742501952
478.0 33.299181536
480.0 33.543048
482.0 33.815873088
484.0 34.1063056832
486.0 34.3877768704
488.0 34.6595564608
490.0 34.943268
492.0 35.2471095168
494.0 35.5630821248
496.0 35.8788555904
498.0 36.1912436352
500.0 36.478324
502.0 36.7261069312
504.0 36.9508059392
506.0 37.1928967168
508.0 37.4496908416
510.0 37.65036
512.0 37.7600210816
514.0 37.8138891008
516.0 37.8866424576
518.0 37.9798411008
520.0 38.034124
522.0 38.0242332608
524.0 37.9746965888
526.0 37.929491264
528.0 37.8931975616
530.0 37.868172
532.0 37.8599241856
534.0 37.8617496576
536.0 37.8505478976
538.0 37.8296379456
540.0 37.8578
542.0 37.9625654976
544.0 38.1159051456
546.0 38.260316576
548.0 38.3913522752
550.0 38.521608
552.0 38.6535564352
554.0 38.7856210368
556.0 38.9225314368
558.0 39.0621302592
560.0 39.175044
562.0 39.2533069632
564.0 39.3039555136
566.0 39.331619712
568.0 39.3481153408
570.0 39.475832
572.0 39.7849010048
574.0 40.198884864
576.0 40.5369124928
578.0 40.80635216
580.0 41.270188
582.0 42.051655968
584.0 43.0289141056
586.0 43.9549926464
588.0 44.8168477632
590.0 45.719776
592.0 46.6989093952
594.0 47.7267828928
596.0 48.7792504768
598.0 49.8417083712
600.0 50.781312
602.0 51.5258722432
604.0 52.1505653568
606.0 52.8296243456
608.0 53.5627836864
610.0 54.172956
612.0 54.5784099264
614.0 54.8599806848
616.0 55.1774302656
618.0 55.5376290816
620.0 55.85322
622.0 56.0877599616
624.0 56.2750367936
626.0 56.4718724608
628.0 56.6820174784
630.0 56.89042
632.0 57.0902593984
634.0 57.2872610176
636.0 57.4908841216
638.0 57.6986394304
640.0 57.87576
642.0 58.0057336064
644.0 58.1050392832
646.0 58.2080456896
648.0 58.317275296
650.0 58.425476
652.0 58.531021472
654.0 58.6346750912
656.0 58.7337650304
658.0 58.8292206208
660.0 58.933704
662.0 59.0529239168
664.0 59.181304384
666.0 59.3076934272
668.0 59.4305310976
670.0 59.545652
672.0 59.6505834496
674.0 59.7473002752
676.0 59.8412622976
678.0 59.9330005632
680.0 60.022764
682.0 60.1109011072
684.0 60.1976940032
686.0 60.2831260928
688.0 60.3671641856
690.0 60.448016
692.0 60.5234909696
694.0 60.5963107072
696.0 60.6744077184
698.0 60.7558901504
700.0 60.811036
702.0 60.8258389184
704.0 60.8149690624
706.0 60.8087790528
708.0 60.809625408
710.0 60.811036
712.0 60.811036
714.0 60.811036
716.0 60.811036
718.0 60.811036
720.0 60.811036
722.0 60.811036
724.0 60.811036
726.0 60.811036
728.0 60.811036
730.0 60.811036
732.0 60.811036
734.0 60.811036
736.0 60.811036
738.0 60.811036
740.0 60.811036
742.0 60.811036
744.0 60.811036
746.0 60.811036
748.0 60.811036
750.0 60.811036
