380.0 13.774016
382.0 13.7742894635
384.0 13.7746801256
386.0 13.7733909406
388.0 13.7736253379
390.0 13.774016
392.0 13.777418016
394.0 13.7794592256
396.0 13.76447376
398.0 13.7378052736
400.0 13.774016
402.0 13.9084869056
404.0 14.105173216
406.0 14.2888986752
408.0 14.4539545344
410.0 14.614148
412.0 14.7757354624
414.0 14.9336221952
416.0 15.0803237632
418.0 15.2198230144
420.0 15.40242
422.0 15.6554470144
424.0 15.949480768
426.0 16.2172111296
428.0 16.4600984768
430.0 16.761152
432.0 17.1585074688
434.0 17.615555872
436.0 18.059809376
438.0 18.4866213248
440.0 18.918528
442.0 19.3619351488
444.0 19.8116982592
446.0 20.2668216192
448.0 20.7239861888
450.0 21.148508
452.0 21.5220493568
454.0 21.8644415232
456.0 22.2205247296
458.0 22.5906640704
460.0 22.932492
462.0 23.2268410624
464.0 23.4923144768
466.0 23.7648076608
468.0 24.0463120384
470.0 24.32234
472.0 24.5875644864
474.0 24.8465491776
476.0 25.1049862272
478.0 25.3638381568
480.0 25.629212
482.0 25.9047587008
484.0 26.1857652224
486.0 26.4609468288
488.0 26.7306686144
490.0 27.008688
492.0 27.3002988544
494.0 27.6022319232
496.0 27.909973312
498.0 28.2211001216
500.0 28.512628
502.0 28.7683268416
504.0 29.0058207488
506.0 29.2711448064
508.0 29.5581256
510.0 29.757268
512.0 29.813608704
514.0 29.7823765376
516.0 29.7831233216
518.0 29.81784048
520.0 29.788384
522.0 29.653382048
524.0 29.4523809856
526.0 29.255512128
528.0 29.0711062656
530.0 28.917136
532.0 28.8098978176
534.0 28.7297098112
536.0 28.61966704
538.0 28.4849803968
540.0 28.440024
542.0 28.5379190848
544.0 28.7255112256
546.0 28.8950477888
548.0 29.0383307456
550.0 29.176436
552.0 29.3123174976
554.0 29.446273952
556.0 29.5946184448
558.0 29.7524387968
560.0 29.850616
562.0 29.8643734208
564.0 29.8152018432
566.0 29.7344330048
568.0 29.6401224832
570.0 29.695036
572.0 29.9955086912
574.0 30.4374720576
576.0 30.7692267008
578.0 31.003650496
580.0 31.53088
582.0 32.534557696
584.0 33.8327006208
586.0 35.0542401024
588.0 36.1795606144
590.0 37.370316
592.0 38.6814529664
594.0 40.0674840704
596.0 41.4825567744
598.0 42.9054292224
600.0 44.153604
602.0 45.1279413824
604.0 45.9334889856
606.0 46.8136817984
608.0 47.7692500096
610.0 48.561704
612.0 49.0815154496
614.0 49.4364867776
616.0 49.8382565696
618.0 50.2961181376
620.0 50.698336
622.0 50.9986759296
624.0 51.2390574016
626.0 51.4886160192
628.0 51.752297152
630.0 52.01558
632.0 52.272556672
634.0 52.5284712512
636.0 52.7901941504
638.0 53.0553356608
640.0 53.291336
642.0 53.4820812288
644.0 53.6439176192
646.0 53.812093376
648.0 53.988168448
650.0 54.152212
652.0 54.296424288
654.0 54.4285386752
656.0 54.5607194432
658.0 54.694792064
660.0 54.836764
662.0 54.989605792
664.0 55.150247328
666.0 55.3115360768
668.0 55.4720448512
670.0 55.625036
672.0 55.7663607232
674.0 55.8998359168
676.0 56.0353689152
678.0 56.1724950528
680.0 56.299216
682.0 56.4101383168
684.0 56.5097593024
686.0 56.6067582464
688.0 56.7019649088
690.0 56.797072
692.0 56.8916480448
694.0 56.986589184
696.0 57.0855629568
698.0 57.185980512
700.0 57.25344
702.0 57.271611744
704.0 57.2582857984
706.0 57.2506520064
708.0 57.251697504
710.0 57.25344
712.0 57.25344
714.0 57.25344
716.0 57.25344
718.0 57.25344
720.0 57.25344
722.0 57.25344
724.0 57.25344
726.0 57.25344
728.0 57.25344
730.0 57.25344
732.0 57.25344
734.0 57.25344
736.0 57.25344
738.0 57.25344
740.0 57.25344
742.0 57.25344
744.0 57.25344
746.0 57.25344
748.0 57.25344
750.0 57.25344
