380.0 16.512224
382.0 16.5123307175
384.0 16.512483171
386.0 16.5119800744
388.0 16.5120715465
390.0 16.512224
392.0 16.513551616
394.0 16.5143481856
396.0 16.5085066752
398.0 16.4981512704
400.0 16.512224
402.0 16.5648639744
404.0 16.6417993216
406.0 16.7125612544
408.0 16.7755566336
410.0 16.844128
412.0 16.9267389056
414.0 17.0141956096
416.0 17.0847584
418.0 17.1429411712
420.0 17.259008
422.0 17.4707793472
424.0 17.7387420416
426.0 17.9731492416
428.0 18.1761583232
430.0 18.46216
432.0 18.8845244352
434.0 19.3898814656
436.0 19.870843552
438.0 20.3221334208
440.0 20.79586
442.0 21.3108754368
444.0 21.8511155776
446.0 22.3965334208
448.0 22.9412542656
450.0 23.44072
452.0 23.8702535616
454.0 24.2567557696
456.0 24.6633381696
458.0 25.0900007616
460.0 25.473632
462.0 25.7849247616
464.0 26.0519249344
466.0 26.330276224
468.0 26.622102816
470.0 26.894596
472.0 27.134562592
474.0 27.3547643008
476.0 27.5760115072
478.0 27.8008266816
480.0 28.035516
482.0 28.2848256896
484.0 28.5424827648
486.0 28.7916596928
488.0 29.0330202816
490.0 29.290528
492.0 29.5743557056
494.0 29.8756249664
496.0 30.1782384384
498.0 30.4793749376
500.0 30.763352
502.0 31.0177232256
504.0 31.2569928192
506.0 31.5205245952
508.0 31.8030080896
510.0 32.007992
512.0 32.0865370816
514.0 32.0886778624
516.0 32.1234448064
518.0 32.1916676736
520.0 32.194688
522.0 32.0898561216
524.0 31.916967328
526.0 31.7488745472
528.0 31.5931451904
530.0 31.458276
532.0 31.3559168064
534.0 31.271828928
536.0 31.1607074688
538.0 31.0282611776
540.0 30.981164
542.0 31.0695832256
544.0 31.2429864704
546.0 31.3975043776
548.0 31.5257686784
550.0 31.655344
552.0 31.7930343744
554.0 31.934226336
556.0 32.0835499456
558.0 32.2364913088
560.0 32.339896
562.0 32.3765547968
564.0 32.3611876416
566.0 32.3113190656
568.0 32.2445399808
570.0 32.329524
572.0 32.6634858048
574.0 33.1430372992
576.0 33.5215074304
578.0 33.8091188416
580.0 34.362436
582.0 35.3479917376
584.0 36.6006140288
586.0 37.7864074496
588.0 38.8866858048
590.0 40.03592
592.0 41.2775562688
594.0 42.577640832
596.0 43.9108660096
598.0 45.2579481792
600.0 46.435444
602.0 47.3447945792
604.0 48.0899688448
606.0 48.909622368
608.0 49.804518528
610.0 50.542756
612.0 51.017876576
614.0 51.3339155648
616.0 51.6949275456
618.0 52.1099403072
620.0 52.471948
622.0 52.7365750592
624.0 52.9448116288
626.0 53.1647478144
628.0 53.4009970816
630.0 53.633612
632.0 53.8536311616
634.0 54.0702814976
636.0 54.2995441856
638.0 54.5387639936
640.0 54.743416
642.0 54.8921587776
644.0 55.0056035648
646.0 55.1268812864
648.0 55.258448032
650.0 55.38648
652.0 55.506546272
654.0 55.6213186752
656.0 55.7313780416
658.0 55.8380851776
660.0 55.95694
662.0 56.0953107776
664.0 56.2458292416
666.0 56.39297888
668.0 56.5352993152
670.0 56.672608
672.0 56.8040585792
674.0 56.9308625024
676.0 57.0574009024
678.0 57.1836737792
680.0 57.3053
682.0 57.4199064512
684.0 57.5299658176
686.0 57.641020896
688.0 57.7527729728
690.0 57.855016
692.0 57.9414603968
694.0 58.0196901696
696.0 58.1077940864
698.0 58.204013056
700.0 58.269896
702.0 58.287486912
704.0 58.274542656
706.0 58.267240768
708.0 58.26823648
710.0 58.269896
712.0 58.269896
714.0 58.269896
716.0 58.269896
718.0 58.269896
720.0 58.269896
722.0 58.269896
724.0 58.269896
726.0 58.269896
728.0 58.269896
730.0 58.269896
732.0 58.269896
734.0 58.269896
736.0 58.269896
738.0 58.269896
740.0 58.269896
742.0 58.269896
744.0 58.269896
746.0 58.269896
748.0 58.269896
750.0 58.269896
