380.0 15.952136
382.0 15.9525295206
384.0 15.953091693
386.0 15.9512365243
388.0 15.9515738277
390.0 15.952136
392.0 15.957031584
394.0 15.9599689344
396.0 15.9384117696
398.0 15.9000934528
400.0 15.952136
402.0 16.1434620608
404.0 16.4252817472
406.0 16.699002976
408.0 16.95324144
410.0 17.16566
412.0 17.322816544
414.0 17.4396799424
416.0 17.556145056
418.0 17.6774891584
420.0 17.819096
422.0 17.9918022464
424.0 18.183941472
426.0 18.3635679168
428.0 18.5317436736
430.0 18.731832
432.0 18.9830501376
434.0 19.266114464
436.0 19.5439347072
438.0 19.8127935424
440.0 20.06982
442.0 20.3111473984
444.0 20.542534272
446.0 20.781588128
448.0 21.0274792064
450.0 21.252228
452.0 21.4425251584
454.0 21.6116136512
456.0 21.7867262016
458.0 21.969057664
460.0 22.14422
462.0 22.306106176
464.0 22.4604249408
466.0 22.6169674624
468.0 22.7760324544
470.0 22.932492
472.0 23.0849521024
474.0 23.233611904
476.0 23.3768782656
478.0 23.5162115648
480.0 23.668904
482.0 23.8444646208
484.0 24.0336167104
486.0 24.2147035328
488.0 24.3882561344
490.0 24.58164
492.0 24.8076168384
494.0 25.052860704
496.0 25.2905537536
498.0 25.5195011328
500.0 25.753676
502.0 25.9961982528
504.0 26.2462049408
506.0 26.5086580288
508.0 26.7787449088
510.0 26.998316
512.0 27.1363714688
514.0 27.2252387648
516.0 27.3383350528
518.0 27.4751624768
520.0 27.558404
522.0 27.5543215808
524.0 27.494429504
526.0 27.4374913728
528.0 27.389879744
530.0 27.361336
532.0 27.362331712
534.0 27.3805698368
536.0 27.3782796992
538.0 27.3593113856
540.0 27.402824
542.0 27.5457584576
544.0 27.7508419392
546.0 27.9421182144
548.0 28.1140444864
550.0 28.284444
552.0 28.4554077504
554.0 28.6276991168
556.0 28.81632016
558.0 29.0153961792
560.0 29.14532
562.0 29.1743781952
564.0 29.1325251008
566.0 29.072135168
568.0 29.00923936
570.0 29.062344
572.0 29.308616768
574.0 29.6623268608
576.0 29.9065086336
578.0 30.0594831872
580.0 30.535168
582.0 31.5291540992
584.0 32.8471116928
586.0 34.0896275072
588.0 35.2333355008
590.0 36.426464
592.0 37.7150646848
594.0 39.0644038016
596.0 40.4563925824
598.0 41.869025792
600.0 43.085288
602.0 43.991136992
604.0 44.7043323072
606.0 45.4916417856
608.0 46.3570814656
610.0 47.078508
612.0 47.5559187136
614.0 47.8860636224
616.0 48.2536804928
618.0 48.6677639232
620.0 49.038816
622.0 49.3299953792
624.0 49.5758864576
626.0 49.8330124864
628.0 50.1044269824
630.0 50.366432
632.0 50.6090040384
634.0 50.8407062208
636.0 51.0754785152
638.0 51.31318816
640.0 51.538468
642.0 51.743667648
644.0 51.9372672512
646.0 52.1371564352
648.0 52.343169248
650.0 52.53418
652.0 52.700629856
654.0 52.851812128
656.0 53.005815584
658.0 53.16396784
660.0 53.322452
662.0 53.479774496
664.0 53.6372297536
666.0 53.796327936
668.0 53.9564384256
670.0 54.110724
672.0 54.2557328576
674.0 54.394252992
676.0 54.5325076032
678.0 54.6707622144
680.0 54.805648
682.0 54.9355386304
684.0 55.062790624
686.0 55.192150208
688.0 55.3234514304
690.0 55.448712
692.0 55.5620074304
694.0 55.670091968
696.0 55.7905067392
698.0 55.9201982272
700.0 56.0088
702.0 56.0325477312
704.0 56.0150729856
706.0 56.0052154368
708.0 56.006559648
710.0 56.0088
712.0 56.0088
714.0 56.0088
716.0 56.0088
718.0 56.0088
720.0 56.0088
722.0 56.0088
724.0 56.0088
726.0 56.0088
728.0 56.0088
730.0 56.0088
732.0 56.0088
734.0 56.0088
736.0 56.0088
738.0 56.0088
740.0 56.0088
742.0 56.0088
744.0 56.0088
746.0 56.0088
748.0 56.0088
750.0 56.0088
