380.0 12.228588
382.0 12.2288147746
384.0 12.2291387383
386.0 12.2280696581
388.0 12.2282640363
390.0 12.228588
392.0 12.231409184
394.0 12.2331018944
396.0 12.2206720896
398.0 12.1985340928
400.0 12.228588
402.0 12.3401741248
404.0 12.5032883456
406.0 12.6553999488
408.0 12.7916299456
410.0 12.923512
412.0 13.0559914816
414.0 13.1845876864
416.0 13.3031106048
418.0 13.4145805632
420.0 13.556204
422.0 13.7491397952
424.0 13.9715984512
426.0 14.1721182528
428.0 14.3533212416
430.0 14.593404
432.0 14.9293406336
434.0 15.32442256
436.0 15.7035067136
438.0 16.06290896
440.0 16.43962
442.0 16.847115136
444.0 17.27311392
446.0 17.7013862464
448.0 18.1278165056
450.0 18.524392
452.0 18.8752643136
454.0 19.1981073344
456.0 19.5349069184
458.0 19.8854971136
460.0 20.204656
462.0 20.4715566016
464.0 20.7065944192
466.0 20.950029408
468.0 21.2037534208
470.0 21.449296
472.0 21.6800356608
474.0 21.9008347968
476.0 22.1169374912
478.0 22.3303683584
480.0 22.5591
482.0 22.8132886784
484.0 23.0821143232
486.0 23.3399705408
488.0 23.5874879488
490.0 23.8556
492.0 24.1583628288
494.0 24.482815584
496.0 24.8036173952
498.0 25.1188764096
500.0 25.432144
502.0 25.7417772416
504.0 26.0508462464
506.0 26.3722288896
508.0 26.7022078464
510.0 26.987944
512.0 27.2014744384
514.0 27.3718573568
516.0 27.5645276288
518.0 27.7788214464
520.0 27.942168
522.0 28.0217751744
524.0 28.0495057536
526.0 28.0872266432
528.0 28.1392194048
530.0 28.191096
532.0 28.2406160768
534.0 28.2871988032
536.0 28.319791776
538.0 28.342278272
540.0 28.408908
542.0 28.54623328
544.0 28.7274362688
546.0 28.8951971456
548.0 29.0465951552
550.0 29.207552
552.0 29.3881243712
554.0 29.5793840512
556.0 29.768386784
558.0 29.9535394304
560.0 30.13066
562.0 30.3027024384
564.0 30.4647877568
566.0 30.5989433536
568.0 30.7143629696
570.0 30.929304
572.0 31.3088860096
574.0 31.7837410624
576.0 32.193775264
578.0 32.543768032
580.0 33.045192
582.0 33.79653968
584.0 34.701475936
586.0 35.5663015936
588.0 36.3805284864
590.0 37.225108
592.0 38.1269243584
594.0 39.0637399936
596.0 40.0150764288
598.0 40.9699144512
600.0 41.830276
602.0 42.5426415552
604.0 43.1641483904
606.0 43.8273755584
608.0 44.5319911552
610.0 45.138944
612.0 45.5838779072
614.0 45.9306843968
616.0 46.306084416
618.0 46.715488
620.0 47.08888
622.0 47.397052864
624.0 47.6670899584
626.0 47.9445948928
628.0 48.2327539456
630.0 48.520216
632.0 48.8017203776
634.0 49.082295424
636.0 49.3706204288
638.0 49.6644384448
640.0 49.930808
642.0 50.1536649408
644.0 50.3492061824
646.0 50.55188336
648.0 50.7633228032
650.0 50.968008
652.0 51.1602799872
654.0 51.3442377792
656.0 51.5244616512
658.0 51.7024451712
660.0 51.891116
662.0 52.0969960512
664.0 52.3133974592
666.0 52.5254841152
668.0 52.7324262592
670.0 52.938688
672.0 53.1450659072
674.0 53.3520910272
676.0 53.5635636608
678.0 53.7781230016
680.0 53.975888
682.0 54.1471172736
684.0 54.301651776
686.0 54.4605176256
688.0 54.624677344
690.0 54.784904
692.0 54.934592704
694.0 55.0804147264
696.0 55.2393801472
698.0 55.4072405952
700.0 55.521316
702.0 55.5519507392
704.0 55.5294310528
706.0 55.516669344
708.0 55.51841184
710.0 55.521316
712.0 55.521316
714.0 55.521316
716.0 55.521316
718.0 55.521316
720.0 55.521316
722.0 55.521316
724.0 55.521316
726.0 55.521316
728.0 55.521316
730.0 55.521316
732.0 55.521316
734.0 55.521316
736.0 55.521316
738.0 55.521316
740.0 55.521316
742.0 55.521316
744.0 55.521316
746.0 55.521316
748.0 55.521316
750.0 55.521316
