380.0 11.875708384
382.0 12.423491069
384.0 12.9380520391
386.0 13.3857251285
388.0 13.7584668543
390.0 14.08508178
392.0 14.3792728654
394.0 14.643612607
396.0 14.8854862138
398.0 15.1054067868
400.0 15.289443332
402.0 15.4326943695
404.0 15.5296034376
406.0 15.5659579416
408.0 15.5473178326
410.0 15.525887872
412.0 15.5306679753
414.0 15.5518274277
416.0 15.5615706994
418.0 15.5668998862
420.0 15.58538166
422.0 15.62818375
424.0 15.7057990557
426.0 15.8337548095
428.0 16.0147998226
430.0 16.256640056
432.0 16.5594357498
434.0 16.9046236898
436.0 17.258603177
438.0 17.6106144212
440.0 17.946605772
442.0 18.2563689397
444.0 18.536739283
446.0 18.7903308711
448.0 19.0172545003
450.0 19.216973716
452.0 19.3907797706
454.0 19.5514415937
456.0 19.7225932429
458.0 19.907004562
460.0 20.088222076
462.0 20.2584786154
464.0 20.422250626
466.0 20.5875970581
468.0 20.7533044666
470.0 20.912441632
472.0 21.0623029766
474.0 21.2012144389
476.0 21.3252162278
478.0 21.4376336408
480.0 21.550646812
482.0 21.6721051519
484.0 21.8115278587
486.0 21.9844680471
488.0 22.194031439
490.0 22.424106056
492.0 22.6657770217
494.0 22.9274228382
496.0 23.2272798371
498.0 23.5614199517
500.0 23.89685492
502.0 24.2146537807
504.0 24.5218567888
506.0 24.8385649894
508.0 25.1580551824
510.0 25.453257232
512.0 25.7078038739
514.0 25.9193397825
516.0 26.0902264298
518.0 26.2169713795
520.0 26.276046216
522.0 26.2592112287
524.0 26.1854413005
526.0 26.0901524002
528.0 25.984124518
530.0 25.878017068
532.0 25.7821355947
534.0 25.7076262349
536.0 25.6655529803
538.0 25.659952293
540.0 25.69422358
542.0 25.769521143
544.0 25.8756488891
546.0 25.9911112316
548.0 26.1121618084
550.0 26.25204662
552.0 26.4152039368
554.0 26.5908000672
556.0 26.7603164706
558.0 26.9184307631
560.0 27.080487864
562.0 27.2489245878
564.0 27.4031200813
566.0 27.5118991275
568.0 27.5774019742
570.0 27.540931968
572.0 27.391634817
574.0 27.2115408562
576.0 27.1421518157
578.0 27.2268828786
580.0 27.564651452
582.0 28.207100889
584.0 29.1371867906
586.0 30.2970097343
588.0 31.6534758478
590.0 33.127075532
592.0 34.6566398331
594.0 36.1639643138
596.0 37.536033306
598.0 38.7475405951
600.0 39.837108472
602.0 40.8222425441
604.0 41.7352302011
606.0 42.6512409229
608.0 43.576906225
610.0 44.446541508
612.0 45.2295109225
614.0 45.9390369875
616.0 46.5989042208
618.0 47.210009013
620.0 47.770820688
622.0 48.28335554
624.0 48.7546702145
626.0 49.1942116887
628.0 49.6062730074
630.0 49.995070032
632.0 50.3647890925
634.0 50.7166557829
636.0 51.0483645253
638.0 51.3618910218
640.0 51.674051356
642.0 51.9923655108
644.0 52.3065078054
646.0 52.5960845018
648.0 52.861746132
650.0 53.092438484
652.0 53.2838964446
654.0 53.4626293812
656.0 53.6816888899
658.0 53.9442732097
660.0 54.214587164
662.0 54.4759633207
664.0 54.7307644484
666.0 54.9816531477
668.0 55.2275130363
670.0 55.479062752
672.0 55.7412433263
674.0 56.0101417547
676.0 56.278084777
678.0 56.5437497525
680.0 56.802081748
682.0 57.0501780829
684.0 57.2895175404
686.0 57.524242977
688.0 57.7534905914
690.0 57.982303648
692.0 58.2128795535
694.0 58.4353356844
696.0 58.6297189586
698.0 58.7948987161
700.0 58.950730864
702.0 59.1069076297
704.0 59.2553784663
706.0 59.379792308
708.0 59.4812090344
710.0 59.573759976
712.0 59.6637539432
714.0 59.750413201
716.0 59.8327565092
718.0 59.9092967771
720.0 59.96837776
722.0 60.0035875983
724.0 60.0146371364
726.0 60.0029862539
728.0 59.9695792644
730.0 59.914186092
732.0 59.8389531148
734.0 59.7524356097
736.0 59.6682256672
738.0 59.5902022463
740.0 59.526871228
742.0 59.4827334359
744.0 59.4513941372
746.0 59.4178943907
748.0 59.3813262813
750.0 59.342517516
752.0 59.3024881186
754.0 59.2638447955
756.0 59.2315846646
758.0 59.2092595141
760.0 59.203651992
762.0 59.2177392246
764.0 59.2582360249
766.0 59.3382571725
768.0 59.4544013396
770.0 59.570948852
772.0 59.6698017773
774.0 59.7526496984
776.0 59.8263225823
778.0 59.8964782253
780.0 59.962805532
