380.0 10.015644656
382.0 10.4361717528
384.0 10.8670261096
386.0 11.3280327678
388.0 11.8022476155
390.0 12.239713928
392.0 12.6135123476
394.0 12.9464330786
396.0 13.2935396738
398.0 13.6507570316
400.0 13.981410328
402.0 14.2690325629
404.0 14.5036376634
406.0 14.6632876099
408.0 14.7511339343
410.0 14.82612808
412.0 14.9210641192
414.0 15.025777892
416.0 15.1112655294
418.0 15.18496146
420.0 15.277488552
422.0 15.4066117646
424.0 15.5688211184
426.0 15.7502702771
428.0 15.9547322372
430.0 16.217474396
432.0 16.5525479078
434.0 16.9411005307
436.0 17.3478067322
438.0 17.7628010315
440.0 18.167264
442.0 18.5480314781
444.0 18.8995334467
446.0 19.2202613665
448.0 19.5083040735
450.0 19.770765144
452.0 20.0129598551
454.0 20.2362218602
456.0 20.4404861253
458.0 20.6293448386
460.0 20.822715756
462.0 21.0304173634
464.0 21.2447100222
466.0 21.4483585531
468.0 21.6405593386
470.0 21.817383464
472.0 21.977212346
474.0 22.1257298412
476.0 22.2749503376
478.0 22.4283314095
480.0 22.584470176
482.0 22.7450056285
484.0 22.9167178859
486.0 23.1086095239
488.0 23.3228763324
490.0 23.56937398
492.0 23.8530229462
494.0 24.1617138612
496.0 24.4691724435
498.0 24.7723782533
500.0 25.09823528
502.0 25.4568151186
504.0 25.8294174759
506.0 26.182823838
508.0 26.510244866
510.0 26.81732264
512.0 27.1033466519
514.0 27.3573108849
516.0 27.5644520283
518.0 27.7223860886
520.0 27.82797674
522.0 27.8820225577
524.0 27.8922834284
526.0 27.8721124672
528.0 27.8299395088
530.0 27.785299676
532.0 27.7520710138
534.0 27.7344959066
536.0 27.731700757
538.0 27.7495762083
540.0 27.80026566
542.0 27.8894822284
544.0 28.0178489305
546.0 28.1851014848
548.0 28.3870983952
550.0 28.607378376
552.0 28.8353813167
554.0 29.0621284753
556.0 29.2742830152
558.0 29.4664783426
560.0 29.658798776
562.0 29.8566273798
564.0 30.0442047487
566.0 30.1989387776
568.0 30.3225652004
570.0 30.3461336
572.0 30.2529598494
574.0 30.1218178296
576.0 30.0888190833
578.0 30.1943970256
580.0 30.54701392
582.0 31.2010141515
584.0 32.1284104337
586.0 33.253013279
588.0 34.5411438452
590.0 35.900284372
592.0 37.265335246
594.0 38.58304716
596.0 39.7880466791
598.0 40.8588290768
600.0 41.83412696
602.0 42.7340245351
604.0 43.5615919097
606.0 44.3260904829
608.0 45.0359157074
610.0 45.718910252
612.0 46.3900815572
614.0 47.0378348109
616.0 47.6334410221
618.0 48.1769873297
620.0 48.67661286
622.0 49.1376525621
624.0 49.5609255957
626.0 49.9463438933
628.0 50.2991242931
630.0 50.643969488
632.0 50.9939729214
634.0 51.3448249181
636.0 51.6842797337
638.0 52.0125545431
640.0 52.323731124
642.0 52.6142768158
644.0 52.8890713457
646.0 53.1597397457
648.0 53.4272759494
650.0 53.676622064
652.0 53.9027022039
654.0 54.1158291646
656.0 54.3331715068
658.0 54.5576558406
660.0 54.807524244
662.0 55.0920996927
664.0 55.3935573475
666.0 55.6731985193
668.0 55.9296665054
670.0 56.187826144
672.0 56.4589205224
674.0 56.7398874882
676.0 57.0263194872
678.0 57.3180990644
680.0 57.608224076
682.0 57.8921491526
684.0 58.1722938857
686.0 58.4557692785
688.0 58.7409658555
690.0 59.014126212
692.0 59.2679317576
694.0 59.5071577618
696.0 59.7431173719
698.0 59.9747462264
700.0 60.192107216
702.0 60.3909390369
704.0 60.5716102685
706.0 60.7340659608
708.0 60.8788033686
710.0 61.021638896
712.0 61.1703495405
714.0 61.3154541991
716.0 61.4367785655
718.0 61.5330735961
720.0 61.617617192
722.0 61.6958152267
724.0 61.7610080774
726.0 61.8019212041
728.0 61.8193366475
730.0 61.808203396
732.0 61.7676067638
734.0 61.7122233873
736.0 61.6697794886
738.0 61.6437598529
740.0 61.627261048
742.0 61.6175452112
744.0 61.6111066848
746.0 61.5987428613
748.0 61.5804961575
750.0 61.5598641
752.0 61.5394669524
754.0 61.5253385033
756.0 61.5286171902
758.0 61.5524651736
760.0 61.590636404
762.0 61.6398546754
764.0 61.7092756967
766.0 61.8172172721
768.0 61.9612297181
770.0 62.10973396
772.0 62.2469691766
774.0 62.3763760597
776.0 62.5072351386
778.0 62.6437104513
780.0 62.781082392
