380.0 20.99405
382.0 21.0079252
384.0 21.0238868
386.0 21.0394244
388.0 21.032402
390.0 20.99405
392.0 20.94292272
394.0 20.885308
396.0 20.85025328
398.0 20.87865096
400.0 20.99405
402.0 21.1953588
404.0 21.49187128
406.0 21.84197136
408.0 22.17794304
410.0 22.45705
412.0 22.6870336
414.0 22.86481736
416.0 23.00740552
418.0 23.14664968
420.0 23.3035
422.0 23.47110128
424.0 23.64569152
426.0 23.83532976
428.0 24.0503824
430.0 24.29625
432.0 24.57223032
434.0 24.88024616
436.0 25.2054836
438.0 25.52461824
440.0 25.82195
442.0 26.09879976
444.0 26.3541476
446.0 26.58633824
448.0 26.79545528
450.0 26.9819
452.0 27.14436824
454.0 27.28155584
456.0 27.39918104
458.0 27.50618904
460.0 27.6089
462.0 27.7077152
464.0 27.80413944
466.0 27.89947688
468.0 27.99431272
470.0 28.0896
472.0 28.18739528
474.0 28.28955448
476.0 28.39723128
478.0 28.51134528
480.0 28.633
482.0 28.76313176
484.0 28.90200808
486.0 29.0528392
488.0 29.22005592
490.0 29.4063
492.0 29.61048464
494.0 29.831406
496.0 30.06854576
498.0 30.32106792
500.0 30.58715
502.0 30.8652872
504.0 31.15509496
506.0 31.44707632
508.0 31.72760448
510.0 31.98745
512.0 32.22683024
514.0 32.44517672
516.0 32.6415364
518.0 32.81607648
520.0 32.96975
522.0 33.1032592
524.0 33.2174568
526.0 33.318362
528.0 33.4145856
530.0 33.51315
532.0 33.61525904
534.0 33.721314
536.0 33.84124656
538.0 33.98851632
540.0 34.1715
542.0 34.3891108
544.0 34.64113136
546.0 34.92349872
548.0 35.22893968
550.0 35.5509
552.0 35.89096808
554.0 36.25415992
556.0 36.61852216
558.0 36.9511164
560.0 37.23335
562.0 37.472446
564.0 37.67104616
566.0 37.84958232
568.0 38.04015688
570.0 38.2679
572.0 38.53159112
574.0 38.82603032
576.0 39.19119512
578.0 39.68393352
580.0 40.337
582.0 41.14320496
584.0 42.10457152
586.0 43.17996848
588.0 44.30310104
590.0 45.42615
592.0 46.54960024
594.0 47.66987368
596.0 48.75745952
598.0 49.77657696
600.0 50.7034
602.0 51.53217696
604.0 52.25336072
606.0 52.88250088
608.0 53.44944264
610.0 53.97425
612.0 54.45259248
614.0 54.88463728
616.0 55.27605248
618.0 55.63269008
620.0 55.95975
622.0 56.26101096
624.0 56.53983368
626.0 56.800766
628.0 57.04857312
630.0 57.2869
632.0 57.51798712
634.0 57.7442756
636.0 57.96529728
638.0 58.17896216
640.0 58.38415
642.0 58.58266656
644.0 58.77613368
646.0 58.9635816
648.0 59.14317112
650.0 59.3142
652.0 59.47752096
654.0 59.633134
656.0 59.78490144
658.0 59.93859168
660.0 60.09795
662.0 60.2627256
664.0 60.43338664
666.0 60.60881288
668.0 60.78666352
670.0 60.9653
672.0 61.14492296
674.0 61.32526488
676.0 61.5056904
678.0 61.68553072
680.0 61.864
682.0 62.03979408
684.0 62.2111908
686.0 62.37815672
688.0 62.54127704
690.0 62.7
692.0 62.85369024
694.0 63.00373552
696.0 63.1409064
698.0 63.25132528
700.0 63.327
702.0 63.3694688
704.0 63.37716
706.0 63.3614432
708.0 63.3407104
710.0 63.327
712.0 63.3189744
714.0 63.3179712
716.0 63.321984
718.0 63.3259968
720.0 63.327
722.0 63.327
724.0 63.327
726.0 63.327
728.0 63.327
730.0 63.327
732.0 63.327
734.0 63.327
736.0 63.327
738.0 63.327
740.0 63.327
742.0 63.327
744.0 63.327
746.0 63.327
748.0 63.327
750.0 63.327
