380.0 6.6227990604
382.0 6.82256025483
384.0 7.01132440777
386.0 7.17190890953
388.0 7.31270522546
390.0 7.4674747956
392.0 7.65283008087
394.0 7.8514825853
396.0 8.02542536979
398.0 8.17354371984
400.0 8.3131419272
402.0 8.4521897737
404.0 8.58768179844
406.0 8.714727494
408.0 8.8341805073
410.0 8.954485362
412.0 9.08092893521
414.0 9.20585401646
416.0 9.31144880389
418.0 9.40082393965
420.0 9.5048064024
422.0 9.64067595409
424.0 9.80243118231
426.0 9.9728873039
428.0 10.1552353772
430.0 10.37719922
432.0 10.6503200679
434.0 10.9635492726
436.0 11.2961699989
438.0 11.6420532553
440.0 11.98539224
442.0 12.315436605
444.0 12.6295095599
446.0 12.9294444299
448.0 13.213960927
450.0 13.476598484
452.0 13.7147883779
454.0 13.9411406266
456.0 14.1810323529
458.0 14.4359836526
460.0 14.683401012
462.0 14.9125105072
464.0 15.1306888956
466.0 15.3524366953
468.0 15.5773560831
470.0 15.794895432
472.0 16.0004543747
474.0 16.1974920863
476.0 16.3924672612
478.0 16.5871448611
480.0 16.778298636
482.0 16.965565929
484.0 17.1577789914
486.0 17.370520422
488.0 17.6045821853
490.0 17.853168412
492.0 18.1125978703
494.0 18.3775183241
496.0 18.637059283
498.0 18.8886847569
500.0 19.144224628
502.0 19.4072785915
504.0 19.6698786455
506.0 19.9194807184
508.0 20.151132302
510.0 20.356009148
512.0 20.5277362434
514.0 20.6626903314
516.0 20.7585315646
518.0 20.8144540526
520.0 20.828518076
522.0 20.8027074359
524.0 20.7426778016
526.0 20.655899104
528.0 20.5510525742
530.0 20.451487324
532.0 20.3726463602
534.0 20.3203715387
536.0 20.2973804259
538.0 20.3082089156
540.0 20.358129996
542.0 20.4488800415
544.0 20.576524807
546.0 20.7328536815
548.0 20.9129115319
550.0 21.111571252
552.0 21.3236280728
554.0 21.5374523843
556.0 21.7345531931
558.0 21.9090732773
560.0 22.08017854
562.0 22.253297872
564.0 22.4102377909
566.0 22.5228639274
568.0 22.5947550563
570.0 22.576046808
572.0 22.4585178632
574.0 22.3181481858
576.0 22.2859349857
578.0 22.3995691732
580.0 22.74239332
582.0 23.3563626175
584.0 24.2210389898
586.0 25.2773088328
588.0 26.4935720555
590.0 27.7868603
592.0 29.0981781214
594.0 30.3703389903
596.0 31.5266085292
598.0 32.5470598265
600.0 33.477715732
602.0 34.3414113601
604.0 35.1466594266
606.0 35.9149791916
608.0 36.6534386012
610.0 37.356746724
612.0 38.024043584
614.0 38.6550367924
616.0 39.2446482867
618.0 39.7948752495
620.0 40.31491952
622.0 40.8104882122
624.0 41.2844057514
626.0 41.739989384
628.0 42.1796084093
630.0 42.602344124
632.0 43.0085913099
634.0 43.4002574177
636.0 43.779409882
638.0 44.1476462057
640.0 44.506825612
642.0 44.8567966324
644.0 45.2021399945
646.0 45.5540226753
648.0 45.9123078841
650.0 46.230664872
652.0 46.4868683364
654.0 46.7162804166
656.0 46.9920449182
658.0 47.3169279075
660.0 47.632155244
662.0 47.9101098854
664.0 48.1726231047
666.0 48.4623178483
668.0 48.7787909469
670.0 49.088617596
672.0 49.3759641207
674.0 49.6549142801
676.0 49.9535703027
678.0 50.2705764145
680.0 50.585386064
682.0 50.8878676322
684.0 51.1785285701
686.0 51.4587936553
688.0 51.7274850409
690.0 51.989657548
692.0 52.2477220125
694.0 52.4992434929
696.0 52.7393457354
698.0 52.9673792003
700.0 53.185755796
702.0 53.3956661266
704.0 53.593696523
706.0 53.7729338053
708.0 53.9335104423
710.0 54.08832668
712.0 54.2435817812
714.0 54.3929900806
716.0 54.523513213
718.0 54.6344456803
720.0 54.734364992
722.0 54.8267015118
724.0 54.9068429636
726.0 54.9670185282
728.0 55.0080167449
730.0 55.024791116
732.0 55.0164809293
734.0 54.9957091999
736.0 54.985825616
738.0 54.9901921299
740.0 55.006763908
742.0 55.0348494257
744.0 55.070076775
746.0 55.1018676623
748.0 55.1289642406
750.0 55.15260222
752.0 55.1741664743
754.0 55.1946773153
756.0 55.2154357113
758.0 55.2392131065
760.0 55.280693436
762.0 55.3469629092
764.0 55.4352490095
766.0 55.5388601974
768.0 55.6554430519
770.0 55.774760984
772.0 55.8907724938
774.0 56.0013453859
776.0 56.1049774066
778.0 56.2026823647
780.0 56.296979788
