380.0 13.763859502
382.0 13.9943082356
384.0 14.240910115
386.0 14.516963577
388.0 14.845618479
390.0 15.2364955871
392.0 15.643396502
394.0 16.0176788987
396.0 16.330131077
398.0 16.5533787065
400.0 16.725024816
402.0 16.8916161756
404.0 17.013337751
406.0 17.050933595
408.0 17.09102193
410.0 17.2168804735
412.0 17.365997188
414.0 17.4759103304
416.0 17.556735015
418.0 17.6201713126
420.0 17.681759404
422.0 17.7585891695
424.0 17.900911408
426.0 18.1563399445
428.0 18.463114093
430.0 18.7553170006
432.0 19.065480574
434.0 19.4234152155
436.0 19.809998348
438.0 20.2075215228
440.0 20.599805928
442.0 20.9705223399
444.0 21.314241059
446.0 21.6268827143
448.0 21.91952233
450.0 22.204772105
452.0 22.462748727
454.0 22.6752192502
456.0 22.85044595
458.0 22.9981079001
460.0 23.132919254
462.0 23.2708789659
464.0 23.415080977
466.0 23.5666875912
468.0 23.732672475
470.0 23.916805892
472.0 24.111565022
474.0 24.3101637911
476.0 24.489924866
478.0 24.6288332196
480.0 24.76435737
482.0 24.9352871888
484.0 25.119650169
486.0 25.2974064228
488.0 25.473777052
490.0 25.6525542675
492.0 25.863414118
494.0 26.1354246058
496.0 26.448824562
498.0 26.7803854188
500.0 27.131337717
502.0 27.5013731343
504.0 27.867271937
506.0 28.2062693952
508.0 28.53338186
510.0 28.8640729519
512.0 29.174997496
514.0 29.4430112586
516.0 29.672934087
518.0 29.8718528391
520.0 30.018969915
522.0 30.0954019593
524.0 30.142707776
526.0 30.2046694427
528.0 30.250404241
530.0 30.2509142115
532.0 30.243237878
534.0 30.2617072972
536.0 30.32165578
538.0 30.4381771408
540.0 30.57996648
542.0 30.7123528731
544.0 30.864721361
546.0 31.0652444647
548.0 31.292592431
550.0 31.5257903149
552.0 31.761883672
554.0 31.9974361204
556.0 32.22893354
558.0 32.4545302373
560.0 32.677459415
562.0 32.8983652007
564.0 33.126065698
566.0 33.3708531701
568.0 33.573918156
570.0 33.682569466
572.0 33.746121939
574.0 33.8223444827
576.0 33.94785556
578.0 34.1678301755
580.0 34.515807417
582.0 35.009254509
584.0 35.762834987
586.0 36.8756820211
588.0 38.139082356
590.0 39.3336337728
592.0 40.502625261
594.0 41.6905604107
596.0 42.83474874
598.0 43.8889921622
600.0 44.848758069
602.0 45.7117422686
604.0 46.52829022
606.0 47.3513501986
608.0 48.137204045
610.0 48.8415838965
612.0 49.479907084
614.0 50.0665166987
616.0 50.611297899
618.0 51.125373844
620.0 51.607412305
622.0 52.056273907
624.0 52.459355167
626.0 52.8050657902
628.0 53.119705867
630.0 53.4303092109
632.0 53.742124093
634.0 54.0585618854
636.0 54.38073448
638.0 54.7063902565
640.0 55.021556087
642.0 55.312708351
644.0 55.57218002
646.0 55.7960441762
648.0 55.99693528
650.0 56.1871871647
652.0 56.402764507
654.0 56.6773643444
656.0 56.961941841
658.0 57.2054414502
660.0 57.417774793
662.0 57.6106901927
664.0 57.783510581
666.0 57.9392305277
668.0 58.100529172
670.0 58.2896211478
672.0 58.499121679
674.0 58.7183842833
676.0 58.957879472
678.0 59.2260984557
680.0 59.49227104
682.0 59.7260271863
684.0 59.941892474
686.0 60.1567921198
688.0 60.360798052
690.0 60.5440258974
692.0 60.736001882
694.0 60.9647607967
696.0 61.189462798
698.0 61.3693448383
700.0 61.519236108
702.0 61.6552103155
704.0 61.778079511
706.0 61.8889127125
708.0 62.005694457
710.0 62.145076778
712.0 62.269141218
714.0 62.3404024939
716.0 62.378867985
718.0 62.4045839396
720.0 62.426761
722.0 62.4553339907
724.0 62.472935294
726.0 62.4617382837
728.0 62.421323409
730.0 62.352799892
732.0 62.269472901
734.0 62.1858032337
736.0 62.111812915
738.0 62.0560447059
740.0 62.011916026
742.0 61.971294988
744.0 61.928311808
746.0 61.8770257953
748.0 61.822917022
750.0 61.7725604127
752.0 61.725723852
754.0 61.682713974
756.0 61.646612431
758.0 61.6214380525
760.0 61.605564147
762.0 61.5957203704
764.0 61.617142899
766.0 61.6930248473
768.0 61.788190817
770.0 61.867030861
772.0 61.930422518
774.0 61.9798884307
776.0 62.024710949
778.0 62.0763645082
780.0 62.132517975
