380.0 22.05995
382.0 22.06581784
384.0 22.0725956
386.0 22.07924576
388.0 22.07628632
390.0 22.05995
392.0 22.03842168
394.0 22.01484736
396.0 22.00088264
398.0 22.01275032
400.0 22.05995
402.0 22.14314872
404.0 22.26772944
406.0 22.41580176
408.0 22.55793848
410.0 22.6765
412.0 22.77651904
414.0 22.85771136
416.0 22.93313528
418.0 23.0245268
420.0 23.14675
422.0 23.29649432
424.0 23.47093408
426.0 23.67956624
428.0 23.9351816
430.0 24.244
432.0 24.60378096
434.0 25.01566144
436.0 25.45997872
438.0 25.906386
440.0 26.334
442.0 26.74352296
444.0 27.13306552
446.0 27.49794608
448.0 27.83482064
450.0 28.14185
452.0 28.41679368
454.0 28.65680928
456.0 28.87049088
458.0 29.07188328
460.0 29.27045
462.0 29.46567272
464.0 29.65908968
466.0 29.85058384
468.0 30.0382324
470.0 30.2214
472.0 30.40279528
474.0 30.58475904
476.0 30.7680604
478.0 30.95311736
480.0 31.141
482.0 31.33264464
484.0 31.52765
486.0 31.73260376
488.0 31.95711992
490.0 32.2069
492.0 32.47950288
494.0 32.77267136
496.0 33.08473344
498.0 33.41301392
500.0 33.7535
502.0 34.10376728
504.0 34.46338104
506.0 34.8151364
508.0 35.13437136
510.0 35.4046
512.0 35.6268088
514.0 35.8006968
516.0 35.9251772
518.0 36.0012532
520.0 36.0316
522.0 36.01745488
524.0 35.9591188
526.0 35.87311112
528.0 35.78350864
530.0 35.70765
532.0 35.64663872
534.0 35.60249792
536.0 35.58368792
538.0 35.59948832
540.0 35.6554
542.0 35.75175736
544.0 35.88924592
546.0 36.06067608
548.0 36.25417664
550.0 36.46005
552.0 36.68046976
554.0 36.92125448
556.0 37.1583608
558.0 37.35600792
560.0 37.4946
562.0 37.5835504
564.0 37.6277748
566.0 37.6512664
568.0 37.6908928
570.0 37.77675
572.0 37.90964056
574.0 38.0846488
576.0 38.35554624
578.0 38.79865968
580.0 39.4592
582.0 40.32840592
584.0 41.40794944
586.0 42.65385696
588.0 43.99381448
590.0 45.3739
592.0 46.79304344
594.0 48.24694776
596.0 49.68956608
598.0 51.0617096
600.0 52.32315
602.0 53.46641344
604.0 54.47825768
606.0 55.37247672
608.0 56.17991896
610.0 56.92115
612.0 57.58901368
614.0 58.18143672
616.0 58.70764856
618.0 59.179604
620.0 59.6068
622.0 59.99289824
624.0 60.34194496
626.0 60.65997608
628.0 60.953178
630.0 61.22655
632.0 61.48355312
634.0 61.72771528
636.0 61.95992264
638.0 62.1795064
640.0 62.3865
642.0 62.58347832
644.0 62.77284904
646.0 62.95394336
648.0 63.12492208
650.0 63.2852
652.0 63.43614816
654.0 63.57818456
656.0 63.71528856
658.0 63.85322856
660.0 63.9958
662.0 64.14295272
664.0 64.29530536
666.0 64.451838
668.0 64.61029344
670.0 64.7691
672.0 64.92847504
674.0 65.0881176
676.0 65.24750936
678.0 65.40614872
680.0 65.5633
682.0 65.71790984
684.0 65.86890816
686.0 66.01480688
688.0 66.1538504
690.0 66.28435
692.0 66.40605488
694.0 66.51975088
696.0 66.62023808
698.0 66.69990888
700.0 66.7546
702.0 66.78524776
704.0 66.79086568
706.0 66.77968
708.0 66.76473232
710.0 66.7546
712.0 66.7485808
714.0 66.7478284
716.0 66.750838
718.0 66.7538476
720.0 66.7546
722.0 66.7546
724.0 66.7546
726.0 66.7546
728.0 66.7546
730.0 66.7546
732.0 66.7546
734.0 66.7546
736.0 66.7546
738.0 66.7546
740.0 66.7546
742.0 66.7546
744.0 66.7546
746.0 66.7546
748.0 66.7546
750.0 66.7546
