380.0 8.799063218
382.0 9.07082152742
384.0 9.32482788105
386.0 9.54238455963
388.0 9.72200386293
390.0 9.8891370732
392.0 10.0553166673
394.0 10.2215578652
396.0 10.3916983757
398.0 10.5655160878
400.0 10.70392986
402.0 10.7878933952
404.0 10.8411873378
406.0 10.9138240241
408.0 11.0088113158
410.0 11.091394784
412.0 11.1472426662
414.0 11.193653063
416.0 11.261315301
418.0 11.3543208404
420.0 11.460522376
422.0 11.5770362909
424.0 11.7143381657
426.0 11.8875384421
428.0 12.0989355432
430.0 12.35974192
432.0 12.6733693848
434.0 13.0273393002
436.0 13.3979954233
438.0 13.7772317932
440.0 14.153949316
442.0 14.5198884171
444.0 14.8676960605
446.0 15.1894898466
448.0 15.4838442453
450.0 15.763672948
452.0 16.0361409956
454.0 16.3004062595
456.0 16.5535234659
458.0 16.797746476
460.0 17.038872824
462.0 17.2794730096
464.0 17.5213105539
466.0 17.7678366609
468.0 18.0178274173
470.0 18.255369228
472.0 18.4730881688
474.0 18.6735981807
476.0 18.8623364458
478.0 19.0416315752
480.0 19.224406688
482.0 19.4185750923
484.0 19.6235649114
486.0 19.8345975468
488.0 20.0532148307
490.0 20.286001156
492.0 20.5358225966
494.0 20.7993636829
496.0 21.0698051762
498.0 21.3451762086
500.0 21.628317868
502.0 21.9177473055
504.0 22.2078675792
506.0 22.4921442844
508.0 22.7640948291
510.0 23.004868268
512.0 23.2017980004
514.0 23.3547938463
516.0 23.4715908024
518.0 23.5491637551
520.0 23.56097062
522.0 23.497988013
524.0 23.3752031747
526.0 23.2185463771
528.0 23.0397925681
530.0 22.872925512
532.0 22.7401804512
534.0 22.6433525195
536.0 22.5730258081
538.0 22.5352134092
540.0 22.542473384
542.0 22.5999801855
544.0 22.707446883
546.0 22.8639075703
548.0 23.0632421682
550.0 23.289522084
552.0 23.5304978758
554.0 23.7706590218
556.0 23.9867996195
558.0 24.1696029196
560.0 24.332439084
562.0 24.4780913056
564.0 24.589091608
566.0 24.6397083426
568.0 24.6365453659
570.0 24.538051296
572.0 24.3433414112
574.0 24.132781845
576.0 24.0400617638
578.0 24.1081553424
580.0 24.44437384
582.0 25.1006252916
584.0 26.0492699578
586.0 27.2172817757
588.0 28.5659888028
590.0 29.97693598
592.0 31.371125849
594.0 32.696841043
596.0 33.8957515835
598.0 34.9470939363
600.0 35.894111904
602.0 36.7594297007
604.0 37.5546491493
606.0 38.3056667162
608.0 39.0208790388
610.0 39.694891608
612.0 40.3271001983
614.0 40.9186010401
616.0 41.4663942457
618.0 41.9731065616
620.0 42.442100052
622.0 42.8767874094
624.0 43.2856339707
626.0 43.6825913301
628.0 44.0710374784
630.0 44.446611536
632.0 44.8081582889
634.0 45.157338113
636.0 45.4950367544
638.0 45.8216234168
640.0 46.14079894
642.0 46.4542346802
644.0 46.7589621864
646.0 47.0490982264
648.0 47.3251923319
650.0 47.584556212
652.0 47.8265894506
654.0 48.0603494452
656.0 48.3034829317
658.0 48.5585959441
660.0 48.812037008
662.0 49.0572912625
664.0 49.3042979136
666.0 49.5728097074
668.0 49.8627530464
670.0 50.14464984
672.0 50.4043882538
674.0 50.6570365687
676.0 50.933297749
678.0 51.2325971649
680.0 51.538987352
682.0 51.8441082316
684.0 52.1448324091
686.0 52.4356163562
688.0 52.7141410655
690.0 52.980023536
692.0 53.2324740758
694.0 53.4746177746
696.0 53.7145087966
698.0 53.9518267579
700.0 54.173280648
702.0 54.3726331731
704.0 54.5549640123
706.0 54.7304906269
708.0 54.8995082069
710.0 55.062296112
712.0 55.2191240821
714.0 55.3669870757
716.0 55.4990672306
718.0 55.6139480445
720.0 55.719348828
722.0 55.8184458109
724.0 55.9027353533
726.0 55.9562180338
728.0 55.9797211593
730.0 55.980713332
732.0 55.9643338868
734.0 55.9393470321
736.0 55.9211908445
738.0 55.9129778006
740.0 55.913426428
742.0 55.9224130932
744.0 55.9351034153
746.0 55.9397840708
748.0 55.9358830551
750.0 55.934875004
752.0 55.9436754508
754.0 55.9564590902
756.0 55.9591783855
758.0 55.9550792425
760.0 55.976791764
762.0 56.0399425342
764.0 56.1356055361
766.0 56.2445593402
768.0 56.3642073883
770.0 56.488096204
772.0 56.611491382
774.0 56.7319816225
776.0 56.8484604127
778.0 56.9608893499
780.0 57.0710693
