380.0 8.8724488879
382.0 9.10198193353
384.0 9.2745341174
386.0 9.36280564865
388.0 9.4888133966
390.0 9.75591754767
392.0 10.068438485
394.0 10.3247795895
396.0 10.544142264
398.0 10.7434140103
400.0 10.925557612
402.0 11.0984036775
404.0 11.264045139
406.0 11.4252881495
408.0 11.568218552
410.0 11.6786497528
412.0 11.784877908
414.0 11.9179051309
416.0 12.054224606
418.0 12.1686153118
420.0 12.316646165
422.0 12.5535412072
424.0 12.815939641
426.0 13.0392418442
428.0 13.283562416
430.0 13.606683613
432.0 13.969573319
434.0 14.3346442883
436.0 14.704472286
438.0 15.0788843249
440.0 15.467001452
442.0 15.8787937488
444.0 16.292791612
446.0 16.686199452
448.0 17.060587502
450.0 17.4194252416
452.0 17.740004949
454.0 18.0032455075
456.0 18.240645259
458.0 18.4843531909
460.0 18.739637205
462.0 19.010993946
464.0 19.286853849
466.0 19.552369467
468.0 19.813918238
470.0 20.0772969977
472.0 20.328288214
474.0 20.5553445835
476.0 20.755656734
478.0 20.9278732771
480.0 21.100305524
482.0 21.3020684735
484.0 21.523834562
486.0 21.7545452553
488.0 22.000844971
490.0 22.2675857117
492.0 22.5453981
494.0 22.8237835131
496.0 23.112425265
498.0 23.420673534
500.0 23.723686881
502.0 23.9974077271
504.0 24.252289073
506.0 24.4989942052
508.0 24.738415739
510.0 24.9709564602
512.0 25.191605278
514.0 25.3940870703
516.0 25.560607641
518.0 25.6755654824
520.0 25.737686159
522.0 25.7480766943
524.0 25.733344127
526.0 25.7224960748
528.0 25.703060464
530.0 25.6624398579
532.0 25.623325881
534.0 25.6068242591
536.0 25.613928196
538.0 25.6459153465
540.0 25.698467157
542.0 25.7651192642
544.0 25.865685644
546.0 26.0181454546
548.0 26.203710825
550.0 26.4019485826
552.0 26.60620312
554.0 26.8095821996
556.0 27.003579456
558.0 27.1809417577
560.0 27.349323805
562.0 27.5155329517
564.0 27.671488508
566.0 27.8116559064
568.0 27.905586349
570.0 27.9292154648
572.0 27.921708153
574.0 27.9306347759
576.0 27.995914686
578.0 28.1642247666
580.0 28.474030705
582.0 28.9474368097
584.0 29.691679202
586.0 30.7976489964
588.0 32.055885473
590.0 33.2476283813
592.0 34.405738916
594.0 35.5632555387
596.0 36.689979431
598.0 37.7756245329
600.0 38.756193654
602.0 39.5670903914
604.0 40.354202144
606.0 41.2649906664
608.0 42.154929253
610.0 42.8795856228
612.0 43.507090283
614.0 44.1048111211
616.0 44.660020391
618.0 45.1667872566
620.0 45.652657151
622.0 46.1395255887
624.0 46.630699859
626.0 47.1279165864
628.0 47.591957397
630.0 47.9840311238
632.0 48.331057682
634.0 48.6625941573
636.0 48.986955789
638.0 49.3131963688
640.0 49.647708529
642.0 49.9927567677
644.0 50.340544061
646.0 50.6830382857
648.0 50.997598033
650.0 51.2641885191
652.0 51.509505514
654.0 51.7618164344
656.0 52.035323579
658.0 52.3420731889
660.0 52.673431416
662.0 53.0173648182
664.0 53.351582437
666.0 53.6543556593
668.0 53.930630598
670.0 54.1900213486
672.0 54.437884466
674.0 54.6788614705
676.0 54.95333995
678.0 55.298736715
680.0 55.656990358
682.0 55.9682138408
684.0 56.246883548
686.0 56.5101580286
688.0 56.751453799
690.0 56.9656679744
692.0 57.195949223
694.0 57.4840552487
696.0 57.771107647
698.0 57.9970359096
700.0 58.193118984
702.0 58.3915430777
704.0 58.577760703
706.0 58.7387681039
708.0 58.898528317
710.0 59.0790834209
712.0 59.252042089
714.0 59.3896018025
716.0 59.498995159
718.0 59.5880300972
720.0 59.666444819
722.0 59.7437010845
724.0 59.824506845
726.0 59.9133367585
728.0 59.979282194
730.0 59.9920236033
732.0 59.981845199
734.0 59.9800446566
736.0 59.9853731
738.0 59.9971100375
740.0 60.012199219
742.0 60.0252361512
744.0 60.040734008
746.0 60.0636049015
748.0 60.083651778
750.0 60.0918518628
752.0 60.100185673
754.0 60.119423444
756.0 60.159496624
758.0 60.2304483605
760.0 60.302542456
762.0 60.3463685459
764.0 60.384236984
766.0 60.4385288347
768.0 60.516176461
770.0 60.6234091666
772.0 60.748233949
774.0 60.8770863443
776.0 60.997428392
778.0 61.0988732229
780.0 61.188397392
