380.0 8.6391792493
382.0 8.73606063234
384.0 8.7807978393
386.0 8.74589561126
388.0 8.715392967
390.0 8.76635531005
392.0 8.8620008734
394.0 8.95989188119
396.0 9.0704163992
398.0 9.20083831262
400.0 9.3135671759
402.0 9.37483416929
404.0 9.417113583
406.0 9.47403541523
408.0 9.5495847579
410.0 9.64739436829
412.0 9.7564866031
414.0 9.86367262257
416.0 9.9628034801
418.0 10.0498717046
420.0 10.126493061
422.0 10.1956102466
424.0 10.285761207
426.0 10.4246680411
428.0 10.593372062
430.0 10.7715153186
432.0 10.957670557
434.0 11.1489543575
436.0 11.353569396
438.0 11.5803573724
440.0 11.818438197
442.0 12.0571383359
444.0 12.294765138
446.0 12.5287364385
448.0 12.767041526
450.0 13.0177099324
452.0 13.263058376
454.0 13.4860949345
456.0 13.687411596
458.0 13.8691547988
460.0 14.039287055
462.0 14.2060816725
464.0 14.381242177
466.0 14.5761506586
468.0 14.768406697
470.0 14.9339858895
472.0 15.094601851
474.0 15.2734991289
476.0 15.444075121
478.0 15.5804436732
480.0 15.721392262
482.0 15.9048318066
484.0 16.105159544
486.0 16.2968712187
488.0 16.487429227
490.0 16.6827224342
492.0 16.885991581
494.0 17.1013823123
496.0 17.321029014
498.0 17.5364165651
500.0 17.751453038
502.0 17.969344466
504.0 18.185786901
506.0 18.396737446
508.0 18.594169082
510.0 18.7694021814
512.0 18.929390034
514.0 19.0813202433
516.0 19.209792832
518.0 19.3004430366
520.0 19.356075086
522.0 19.3820342277
524.0 19.379765293
526.0 19.3522658748
528.0 19.326535197
530.0 19.3292885036
532.0 19.348245357
534.0 19.370176639
536.0 19.404541008
538.0 19.4588330942
540.0 19.540068692
542.0 19.6545613605
544.0 19.79102206
546.0 19.9368487603
548.0 20.090632319
550.0 20.2510223294
552.0 20.412897532
554.0 20.5721484421
556.0 20.731886119
558.0 20.8950716815
560.0 21.061579021
562.0 21.2289704951
564.0 21.394890283
566.0 21.5586542884
568.0 21.680459295
570.0 21.7263388513
572.0 21.738664636
574.0 21.7674803426
576.0 21.841164734
578.0 21.9932561912
580.0 22.263598213
582.0 22.6790376487
584.0 23.305776352
586.0 24.1965858813
588.0 25.209596568
590.0 26.1940662623
592.0 27.160163985
594.0 28.1220266639
596.0 29.03020279
598.0 29.8492075827
600.0 30.608521371
602.0 31.3395803456
604.0 32.07314304
606.0 32.8388930804
608.0 33.597467649
610.0 34.3072767287
612.0 34.964725281
614.0 35.5669173222
616.0 36.135194384
618.0 36.6922255154
620.0 37.238924847
622.0 37.7766982624
624.0 38.277756003
626.0 38.7140530305
628.0 39.120492149
630.0 39.5329277491
632.0 39.943538386
634.0 40.3444896193
636.0 40.738783557
638.0 41.1268873744
640.0 41.50721266
642.0 41.8794125759
644.0 42.233467767
646.0 42.5609370423
648.0 42.882470888
650.0 43.2168934137
652.0 43.576100449
654.0 43.9715551987
656.0 44.358520544
658.0 44.6901318521
660.0 45.005694383
662.0 45.3472909277
664.0 45.676236797
666.0 45.9569062213
668.0 46.234177858
670.0 46.5513553019
672.0 46.9019864
674.0 47.2768051118
676.0 47.674084118
678.0 48.0895698825
680.0 48.487752772
682.0 48.8346279763
684.0 49.15702876
686.0 49.4854716474
688.0 49.809067283
690.0 50.1157629473
692.0 50.440119318
694.0 50.814841446
696.0 51.18029506
698.0 51.4766601809
700.0 51.742387184
702.0 52.017520863
704.0 52.284176288
706.0 52.5255134403
708.0 52.767619337
710.0 53.0342781777
712.0 53.292774036
714.0 53.5108386867
716.0 53.70008076
718.0 53.8722130867
720.0 54.031824066
722.0 54.1845441425
724.0 54.326680202
726.0 54.4540794538
728.0 54.561441409
730.0 54.6442453554
732.0 54.709130803
734.0 54.7645165637
736.0 54.816575993
738.0 54.8698875963
740.0 54.942303952
742.0 55.0502993557
744.0 55.157938106
746.0 55.2288865053
748.0 55.283877136
750.0 55.3449124617
752.0 55.408087394
754.0 55.470408541
756.0 55.54423824
758.0 55.6416219079
760.0 55.743469162
762.0 55.8295407827
764.0 55.928528174
766.0 56.0682358569
768.0 56.220951968
770.0 56.3588683742
772.0 56.489444331
774.0 56.6196418702
776.0 56.745493556
778.0 56.8636672703
780.0 56.976998239
