380.0 12.539748
382.0 12.5397413302
384.0 12.5397318018
386.0 12.5397632454
388.0 12.5397575283
390.0 12.539748
392.0 12.539665024
394.0 12.5396152384
396.0 12.5399803328
398.0 12.5406275456
400.0 12.539748
402.0 12.5366446976
404.0 12.531948256
406.0 12.5266875776
408.0 12.521161376
410.0 12.519004
412.0 12.524978272
414.0 12.532363136
416.0 12.5220077312
418.0 12.4983263808
420.0 12.529376
422.0 12.6505043648
424.0 12.8252352256
426.0 12.9725176256
428.0 13.0923515648
430.0 13.265788
432.0 13.5299669888
434.0 13.848611424
436.0 14.1506108736
438.0 14.4326131072
440.0 14.72824
442.0 15.0503694272
444.0 15.3883804608
446.0 15.7275863488
448.0 16.0653318592
450.0 16.38776
452.0 16.6863242432
454.0 16.969670688
456.0 17.25983776
458.0 17.5561616512
460.0 17.829468
462.0 18.0657172672
464.0 18.2796791808
466.0 18.501905504
468.0 18.733159616
470.0 18.949644
472.0 19.141650464
474.0 19.3181238208
476.0 19.4940993216
478.0 19.6719666752
480.0 19.86238
482.0 20.0710812352
484.0 20.2919965376
486.0 20.5106548928
488.0 20.725994208
490.0 20.941068
492.0 21.1547312
494.0 21.36922416
496.0 21.59408912
498.0 21.82600704
500.0 22.019756
502.0 22.14878368
504.0 22.241633824
506.0 22.366429728
508.0 22.518524736
510.0 22.579844
512.0 22.4927192
514.0 22.3151837504
516.0 22.1695110848
518.0 22.0588874816
520.0 21.895292
522.0 21.6434266496
524.0 21.3355027136
526.0 21.024044
528.0 20.7182110592
530.0 20.463956
532.0 20.2897229952
534.0 20.1642134976
536.0 20.0086500928
538.0 19.825289728
540.0 19.717172
542.0 19.732024704
544.0 19.8229166144
546.0 19.8959520896
548.0 19.9455883328
550.0 20.007588
552.0 20.0924558528
554.0 20.1919108864
556.0 20.3027834176
558.0 20.4187008896
560.0 20.474328
562.0 20.4446723776
564.0 20.3530668736
566.0 20.2387425408
568.0 20.1177303424
570.0 20.12168
572.0 20.3355423424
574.0 20.6652391808
576.0 20.8741561536
578.0 20.9827717376
580.0 21.449296
582.0 22.4930179136
584.0 23.89418384
586.0 25.196243232
588.0 26.3774563776
590.0 27.662124
592.0 29.1331723136
594.0 30.7189266496
596.0 32.3244790592
598.0 33.926563072
600.0 35.36852
602.0 36.561880832
604.0 37.6018522304
606.0 38.7155726976
608.0 39.9024779968
610.0 40.927912
612.0 41.6816493888
614.0 42.2725214848
616.0 42.9191534528
618.0 43.6276855168
620.0 44.246952
622.0 44.7101904128
624.0 45.0805454912
626.0 45.47458192
628.0 45.897510592
630.0 46.290236
632.0 46.62753344
634.0 46.9330344768
636.0 47.2474969216
638.0 47.5719828672
640.0 47.877152
642.0 48.1492468992
644.0 48.4017926528
646.0 48.6614577472
648.0 48.9281094208
650.0 49.173652
652.0 49.3858880128
654.0 49.5764506944
656.0 49.7669469952
658.0 49.959766624
660.0 50.158992
662.0 50.367759616
664.0 50.5823687424
666.0 50.792264832
668.0 50.9974146944
670.0 51.206564
672.0 51.4230815744
674.0 51.6446938752
676.0 51.8682478144
678.0 52.0925153472
680.0 52.305996
682.0 52.5020019072
684.0 52.6877187904
686.0 52.8803890624
688.0 53.0793489152
690.0 53.26022
692.0 53.4090125632
694.0 53.5406124992
696.0 53.689703776
698.0 53.8533656384
700.0 53.965516
702.0 53.9954205504
704.0 53.9734153152
706.0 53.9610021056
708.0 53.962694816
710.0 53.965516
712.0 53.965516
714.0 53.965516
716.0 53.965516
718.0 53.965516
720.0 53.965516
722.0 53.965516
724.0 53.965516
726.0 53.965516
728.0 53.965516
730.0 53.965516
732.0 53.965516
734.0 53.965516
736.0 53.965516
738.0 53.965516
740.0 53.965516
742.0 53.965516
744.0 53.965516
746.0 53.965516
748.0 53.965516
750.0 53.965516
