380.0 14.033316
382.0 14.0334694063
384.0 14.0336885583
386.0 14.0329653569
388.0 14.0330968481
390.0 14.033316
392.0 14.035224448
394.0 14.0363695168
396.0 14.0279723456
398.0 14.0130864512
400.0 14.033316
402.0 14.1082599232
404.0 14.2184188608
406.0 14.3233337152
408.0 14.4195526848
410.0 14.510428
412.0 14.5995276288
414.0 14.6826529856
416.0 14.7491997376
418.0 14.8051421568
420.0 14.925308
422.0 15.1488287488
424.0 15.4351789248
426.0 15.693499808
428.0 15.9233931136
430.0 16.211436
432.0 16.5951668096
434.0 17.0388394816
436.0 17.476488096
438.0 17.9013418112
440.0 18.30658
442.0 18.6845522752
444.0 19.0449336384
446.0 19.4178277824
448.0 19.8019070912
450.0 20.152796
452.0 20.4493688192
454.0 20.7126516672
456.0 20.98587504
458.0 21.2707648384
460.0 21.542644
462.0 21.7903605504
464.0 22.0246681792
466.0 22.2656636736
468.0 22.513214272
470.0 22.745796
472.0 22.954812544
474.0 23.1481300288
476.0 23.3388586624
478.0 23.5299523904
480.0 23.741508
482.0 23.9852417024
484.0 24.2477777664
486.0 24.4969546944
488.0 24.7334362944
490.0 24.99652
492.0 25.3037303424
494.0 25.6388704064
496.0 25.9708739776
498.0 26.2966875392
500.0 26.614552
502.0 26.9182607552
504.0 27.215547168
506.0 27.532764416
508.0 27.8639382272
510.0 28.118492
512.0 28.2501915072
514.0 28.3071960192
516.0 28.3952003648
518.0 28.5154989696
520.0 28.57486
522.0 28.5331728576
524.0 28.4284571456
526.0 28.3298982528
528.0 28.2445657344
530.0 28.180724
532.0 28.1480646464
534.0 28.1335770368
536.0 28.097830976
538.0 28.0439131712
540.0 28.045888
542.0 28.1383398592
544.0 28.2870826368
546.0 28.4226156352
548.0 28.5401594368
550.0 28.657836
552.0 28.7792962688
554.0 28.9031462464
556.0 29.0372354624
558.0 29.1774151168
560.0 29.269784
562.0 29.2943283008
564.0 29.269535072
566.0 29.224728032
568.0 29.1731833408
570.0 29.228296
572.0 29.4601143488
574.0 29.7912549696
576.0 30.031005824
578.0 30.1925103104
580.0 30.607772
582.0 31.4310930624
584.0 32.5110257024
586.0 33.5413718848
588.0 34.50059104
590.0 35.461868
592.0 36.44139968
594.0 37.4316186688
596.0 38.4585794304
598.0 39.5093045184
600.0 40.419684
602.0 41.1053478784
604.0 41.6523920512
606.0 42.2517774848
608.0 42.9064581248
610.0 43.45868
612.0 43.8370339648
614.0 44.1107717888
616.0 44.412821024
618.0 44.7487576576
620.0 45.045596
622.0 45.2723362176
624.0 45.45798672
626.0 45.652648416
628.0 45.8588105856
630.0 46.05168
632.0 46.2208348736
634.0 46.376696992
636.0 46.5370398144
638.0 46.7023943872
640.0 46.860696
642.0 47.0062524992
644.0 47.1439262784
646.0 47.2832595776
648.0 47.424020064
650.0 47.55562
652.0 47.673279968
654.0 47.781646624
656.0 47.8897809472
658.0 47.9984463168
660.0 48.105336
662.0 48.2094542848
664.0 48.3124606912
666.0 48.4172925696
668.0 48.5236512064
670.0 48.623936
672.0 48.7145789824
674.0 48.7991149312
676.0 48.8847627584
678.0 48.9719539392
680.0 49.05956
682.0 49.1470332992
684.0 49.2341580992
686.0 49.3202871872
688.0 49.4049227072
690.0 49.484812
692.0 49.5571006912
694.0 49.6251742016
696.0 49.698392224
698.0 49.7751284288
700.0 49.827088
702.0 49.8410113728
704.0 49.8307887296
706.0 49.8249638144
708.0 49.825760384
710.0 49.827088
712.0 49.827088
714.0 49.827088
716.0 49.827088
718.0 49.827088
720.0 49.827088
722.0 49.827088
724.0 49.827088
726.0 49.827088
728.0 49.827088
730.0 49.827088
732.0 49.827088
734.0 49.827088
736.0 49.827088
738.0 49.827088
740.0 49.827088
742.0 49.827088
744.0 49.827088
746.0 49.827088
748.0 49.827088
750.0 49.827088
