380.0 8.370204
382.0 8.37045745396
384.0 8.37081953105
386.0 8.36962467665
388.0 8.36984192291
390.0 8.370204
392.0 8.373357088
394.0 8.3752489408
396.0 8.3613587584
398.0 8.3366319104
400.0 8.370204
402.0 8.4943692864
404.0 8.6763688448
406.0 8.848726592
408.0 9.0052359232
410.0 9.148104
412.0 9.2770652992
414.0 9.3931819136
416.0 9.5033906368
418.0 9.610612224
420.0 9.739308
422.0 9.903517504
424.0 10.0882054848
426.0 10.2574599296
428.0 10.4123429312
430.0 10.600184
432.0 10.8437351552
434.0 11.120277568
436.0 11.3828800128
438.0 11.6304472064
440.0 11.896684
442.0 12.1954307904
444.0 12.5146394624
446.0 12.8342132288
448.0 13.151198144
450.0 13.452484
452.0 13.73003872
454.0 13.9926909504
456.0 14.2627280448
458.0 14.5400172416
460.0 14.800844
462.0 15.0342222976
464.0 15.2509390144
466.0 15.4724185536
468.0 15.6995902464
470.0 15.92102
472.0 16.1321441344
474.0 16.3370948544
476.0 16.542344288
478.0 16.7486890048
480.0 16.95822
482.0 17.1722814848
484.0 17.389363296
486.0 17.6054493952
488.0 17.8203074496
490.0 18.036908
492.0 18.2556825216
494.0 18.4758676352
496.0 18.6976956736
498.0 18.9197062592
500.0 19.125968
502.0 19.3065403712
504.0 19.473056608
506.0 19.6538779072
508.0 19.84661456
510.0 19.997216
512.0 20.078781408
514.0 20.1178465088
516.0 20.171299648
518.0 20.2400701568
520.0 20.27726
522.0 20.2633034368
524.0 20.2172019712
526.0 20.1723451456
528.0 20.1330809024
530.0 20.111308
532.0 20.1160708224
534.0 20.1368314176
536.0 20.1445149952
538.0 20.1407478848
540.0 20.17354
542.0 20.2657927168
544.0 20.3939408512
546.0 20.509343872
548.0 20.609910784
550.0 20.723256
552.0 20.85975152
554.0 21.0103197696
556.0 21.1622322304
558.0 21.3124021952
560.0 21.438924
562.0 21.5346948992
564.0 21.606286592
566.0 21.6624779392
568.0 21.71150016
570.0 21.83306
572.0 22.076511584
574.0 22.3871239424
576.0 22.630376384
578.0 22.8165247424
580.0 23.191792
582.0 23.8733070784
584.0 24.7444057216
586.0 25.5642086016
588.0 26.3206012224
590.0 27.12278
592.0 28.0103244864
594.0 28.9502600192
596.0 29.9023266432
598.0 30.8552396224
600.0 31.727948
602.0 32.4743503104
604.0 33.1430041088
606.0 33.850225152
608.0 34.5944534912
610.0 35.244056
612.0 35.7375308672
614.0 36.1355169536
616.0 36.5597068608
618.0 37.015012768
620.0 37.432548
622.0 37.782955648
624.0 38.0937671488
626.0 38.4128928448
628.0 38.742822016
630.0 39.060952
632.0 39.357923104
634.0 39.6430950208
636.0 39.9320672384
638.0 40.2254703744
640.0 40.513032
642.0 40.7892093184
644.0 41.0597442688
646.0 41.3371994176
648.0 41.6201475776
650.0 41.882136
652.0 42.1114484736
654.0 42.318672736
656.0 42.5243038592
658.0 42.7312625984
660.0 42.950452
662.0 43.1882114304
664.0 43.4384006656
666.0 43.685370432
668.0 43.92832416
670.0 44.174348
672.0 44.425599328
674.0 44.6797216256
676.0 44.9343583744
678.0 45.1880823872
680.0 45.42936
682.0 45.6523331072
684.0 45.8630257664
686.0 46.0748800896
688.0 46.288659456
690.0 46.497676
692.0 46.695324832
694.0 46.8902686464
696.0 47.1058568896
698.0 47.3362148608
700.0 47.493388
702.0 47.5356061888
704.0 47.5045399744
706.0 47.4870154432
708.0 47.489405152
710.0 47.493388
712.0 47.493388
714.0 47.493388
716.0 47.493388
718.0 47.493388
720.0 47.493388
722.0 47.493388
724.0 47.493388
726.0 47.493388
728.0 47.493388
730.0 47.493388
732.0 47.493388
734.0 47.493388
736.0 47.493388
738.0 47.493388
740.0 47.493388
742.0 47.493388
744.0 47.493388
746.0 47.493388
748.0 47.493388
750.0 47.493388
