380.0 13.234672
382.0 13.2348654254
384.0 13.2351417474
386.0 13.2342298848
388.0 13.234395678
390.0 13.234672
392.0 13.237078304
394.0 13.2385220864
396.0 13.2279177536
398.0 13.2090158208
400.0 13.234672
402.0 13.3299118528
404.0 13.4690460096
406.0 13.598604736
408.0 13.7144724224
410.0 13.825876
412.0 13.9385076224
414.0 14.0471066112
416.0 14.1403716352
418.0 14.2236131584
420.0 14.36522
422.0 14.6011539584
424.0 14.89336224
426.0 15.1564459456
428.0 15.3905378368
430.0 15.682464
432.0 16.0706921088
434.0 16.518945056
436.0 16.9585684992
438.0 17.3836877376
440.0 17.798352
442.0 18.2003375296
444.0 18.5937931264
446.0 18.9968075584
448.0 19.4075553536
450.0 19.789776
452.0 20.1254637056
454.0 20.4321264064
456.0 20.7473024448
458.0 21.0716888192
460.0 21.376692
462.0 21.6494507072
464.0 21.9023947456
466.0 22.15915568
468.0 22.4207624128
470.0 22.673192
472.0 22.9111505728
474.0 23.1400315712
476.0 23.3679998336
478.0 23.5967480704
480.0 23.834856
482.0 24.0870532544
484.0 24.348311488
486.0 24.606615776
488.0 24.8614682624
490.0 25.120984
492.0 25.3868722944
494.0 25.657589792
496.0 25.9339496576
498.0 26.2127656128
500.0 26.458972
502.0 26.6515427008
504.0 26.8139931136
506.0 27.0029792512
508.0 27.2146510272
510.0 27.350964
512.0 27.3637588992
514.0 27.3008630912
516.0 27.2635238912
518.0 27.2538986752
520.0 27.195384
522.0 27.0569136512
524.0 26.8670313728
526.0 26.6733321984
528.0 26.4837486336
530.0 26.334508
532.0 26.2485946496
534.0 26.2012651392
536.0 26.1290428288
538.0 26.034051904
540.0 26.002604
542.0 26.07437824
544.0 26.2097286912
546.0 26.3297617728
548.0 26.4292997824
550.0 26.531576
552.0 26.6420502464
554.0 26.7585485504
556.0 26.8886051328
558.0 27.027274624
560.0 27.112408
562.0 27.120124768
564.0 27.0720152832
566.0 27.0038919872
568.0 26.9298608
570.0 26.9672
572.0 27.191318176
574.0 27.5180444736
576.0 27.7363543296
578.0 27.86417056
580.0 28.305188
582.0 29.251778208
584.0 30.5128972416
586.0 31.6930814848
588.0 32.7720184128
590.0 33.926812
592.0 35.2199763648
594.0 36.5984566528
596.0 38.0009667904
598.0 39.4070614912
600.0 40.65824
602.0 41.6674107072
604.0 42.5273739712
606.0 43.4552613888
608.0 44.4517035776
610.0 45.304896
612.0 45.9165618816
614.0 46.3831857152
616.0 46.8959608
618.0 47.4614256448
620.0 47.960128
622.0 48.3401414848
624.0 48.6499738688
626.0 48.9767831424
628.0 49.3246849152
630.0 49.650764
632.0 49.9365499392
634.0 50.200148096
636.0 50.4732553024
638.0 50.7562366528
640.0 51.019868
642.0 51.2501098048
644.0 51.4609352256
646.0 51.6808050304
648.0 51.909619648
650.0 52.1193
652.0 52.297532448
654.0 52.4553693952
656.0 52.6134054848
658.0 52.7737649024
660.0 52.938688
662.0 53.1103155584
664.0 53.2867391296
666.0 53.4613704192
668.0 53.6341762368
670.0 53.809936
672.0 53.9898943488
674.0 54.1732381184
676.0 54.3601664512
678.0 54.549086208
680.0 54.722672
682.0 54.8720288
684.0 55.0063171584
686.0 55.1458993856
688.0 55.2912069568
690.0 55.427968
692.0 55.5477687488
694.0 55.6588570176
696.0 55.780616
698.0 55.9102577024
700.0 55.998428
702.0 56.0220263744
704.0 56.0046843904
706.0 55.9948434368
708.0 55.996187648
710.0 55.998428
712.0 55.998428
714.0 55.998428
716.0 55.998428
718.0 55.998428
720.0 55.998428
722.0 55.998428
724.0 55.998428
726.0 55.998428
728.0 55.998428
730.0 55.998428
732.0 55.998428
734.0 55.998428
736.0 55.998428
738.0 55.998428
740.0 55.998428
742.0 55.998428
744.0 55.998428
746.0 55.998428
748.0 55.998428
750.0 55.998428
