380.0 15.319444
382.0 15.3196174159
384.0 15.3198651528
386.0 15.3190476209
388.0 15.319196263
390.0 15.319444
392.0 15.321601376
394.0 15.3228958016
396.0 15.3134033472
398.0 15.2965758144
400.0 15.319444
402.0 15.4034489024
404.0 15.527547808
406.0 15.6492901952
408.0 15.7636311232
410.0 15.858788
412.0 15.9299150272
414.0 15.9817252416
416.0 16.0244578816
418.0 16.0635893632
420.0 16.149204
422.0 16.3098621312
424.0 16.5143149952
426.0 16.6885811904
428.0 16.834917664
430.0 17.051568
432.0 17.384633664
434.0 17.7892744256
436.0 18.1747145408
438.0 18.5365728768
440.0 18.918528
442.0 19.3365444928
444.0 19.7761845312
446.0 20.21834704
448.0 20.658285792
450.0 21.065532
452.0 21.423241536
454.0 21.7492874304
456.0 22.085970848
458.0 22.4339224064
460.0 22.756168
462.0 23.0357473344
464.0 23.289952608
466.0 23.5525550528
468.0 23.8246167616
470.0 24.083784
472.0 24.3209791936
474.0 24.5437863488
476.0 24.7644029376
478.0 24.9847208128
480.0 25.214332
482.0 25.4584307968
484.0 25.711524192
486.0 25.9605683584
488.0 26.2047667264
490.0 26.4486
492.0 26.6921677504
494.0 26.9362333568
496.0 27.1862400448
498.0 27.4395325824
500.0 27.662124
502.0 27.8326728704
504.0 27.9745784256
506.0 28.1455089856
508.0 28.3399881344
510.0 28.440024
512.0 28.3875333824
514.0 28.2419270976
516.0 28.129444832
518.0 28.053272864
520.0 27.921424
522.0 27.696393088
524.0 27.4119679552
526.0 27.1244229248
528.0 26.8425202624
530.0 26.60418
532.0 26.4343613184
534.0 26.3058480896
536.0 26.147729024
538.0 25.9631904
540.0 25.857396
542.0 25.879135712
544.0 25.979619648
546.0 26.0607203904
548.0 26.1163309056
550.0 26.178928
552.0 26.2574730816
554.0 26.3467220672
556.0 26.4499110208
558.0 26.561198432
560.0 26.614552
562.0 26.585261472
564.0 26.4946184896
566.0 26.3763776896
568.0 26.247134272
570.0 26.251532
572.0 26.48096064
574.0 26.8355668736
576.0 27.06635632
578.0 27.1936083136
580.0 27.682868
582.0 28.7562953216
584.0 30.1922945728
586.0 31.5318259264
588.0 32.752452672
590.0 34.07202
592.0 35.569819776
594.0 37.1780440128
596.0 38.8109121216
598.0 40.4449252992
600.0 41.913252
602.0 43.1218140352
604.0 44.1709625792
606.0 45.299668512
608.0 46.5063386944
610.0 47.534876
612.0 48.2650150144
614.0 48.815527584
616.0 49.425318208
618.0 50.1018547264
620.0 50.687964
622.0 51.1149916864
624.0 51.4475097088
626.0 51.80274656
628.0 52.1864441792
630.0 52.544552
632.0 52.8544839552
634.0 53.1371334016
636.0 53.4270681408
638.0 53.725217504
640.0 54.007004
642.0 54.260661632
644.0 54.4978568256
646.0 54.7420220032
648.0 54.9926261184
650.0 55.220528
652.0 55.4130655104
654.0 55.5823365504
656.0 55.7510101632
658.0 55.9219739136
660.0 56.102148
662.0 56.2959467456
664.0 56.4991549696
666.0 56.7001394368
668.0 56.8983359104
670.0 57.09786
672.0 57.2993589184
674.0 57.5027496896
676.0 57.7104220224
678.0 57.9207827776
680.0 58.114316
682.0 58.2811475456
684.0 58.4313838912
686.0 58.5872128192
688.0 58.7492981376
690.0 58.902588
692.0 59.0379716416
694.0 59.1652568256
696.0 59.30751088
698.0 59.4612820032
700.0 59.566396
702.0 59.5945414592
704.0 59.5738306496
706.0 59.5621476288
708.0 59.563740768
710.0 59.566396
712.0 59.566396
714.0 59.566396
716.0 59.566396
718.0 59.566396
720.0 59.566396
722.0 59.566396
724.0 59.566396
726.0 59.566396
728.0 59.566396
730.0 59.566396
732.0 59.566396
734.0 59.566396
736.0 59.566396
738.0 59.566396
740.0 59.566396
742.0 59.566396
744.0 59.566396
746.0 59.566396
748.0 59.566396
750.0 59.566396
