380.0 18.151
382.0 18.1511133873
384.0 18.1512753692
386.0 18.150740829
388.0 18.1508380181
390.0 18.151
392.0 18.152410592
394.0 18.1532569472
396.0 18.1470337472
398.0 18.135898368
400.0 18.151
402.0 18.206262016
404.0 18.2873959488
406.0 18.3660571968
408.0 18.438428864
410.0 18.493276
412.0 18.52729616
414.0 18.5430947904
416.0 18.54389136
418.0 18.5362907584
420.0 18.586624
422.0 18.7300397184
424.0 18.9306590912
426.0 19.1067507584
428.0 19.2577504832
430.0 19.457872
432.0 19.7390942592
434.0 20.07106464
436.0 20.3982887936
438.0 20.7149252096
440.0 21.013672
442.0 21.2872936576
444.0 21.5447515904
446.0 21.8131955456
448.0 22.0915634304
450.0 22.341288
452.0 22.5441145344
454.0 22.718164992
456.0 22.900463264
458.0 23.0925029184
460.0 23.274768
462.0 23.4390106944
464.0 23.5921843904
466.0 23.7459389184
468.0 23.9009380864
470.0 24.052668
472.0 24.2008963264
474.0 24.3457890176
476.0 24.484060224
478.0 24.618232416
480.0 24.778708
482.0 24.981418368
484.0 25.209104512
486.0 25.4231162112
488.0 25.6232211328
490.0 25.847024
492.0 26.1109540608
494.0 26.399312256
496.0 26.6828744384
498.0 26.9588526144
500.0 27.2265
502.0 27.4801078464
504.0 27.7276418496
506.0 27.9958036864
508.0 28.2783535616
510.0 28.481512
512.0 28.5572358976
514.0 28.554862784
516.0 28.583074624
518.0 28.6430330816
520.0 28.637092
522.0 28.5237135936
524.0 28.3428093184
526.0 28.1663027712
528.0 28.0025579328
530.0 27.869564
532.0 27.7825885568
534.0 27.7226466944
536.0 27.6360197504
538.0 27.5261927168
540.0 27.4858
542.0 27.5578065728
544.0 27.69987808
546.0 27.8266156224
548.0 27.9319121664
550.0 28.035516
552.0 28.1402649024
554.0 28.24627504
556.0 28.3677684992
558.0 28.4990365312
560.0 28.564488
562.0 28.5352970432
564.0 28.4374019584
566.0 28.3132034816
568.0 28.180060192
570.0 28.180724
572.0 28.4068336
574.0 28.7577888896
576.0 28.9807619968
578.0 29.0972603008
580.0 29.591316
582.0 30.6931377088
584.0 32.1726495744
586.0 33.5543659264
588.0 34.8132280128
590.0 36.156792
592.0 37.6573133888
594.0 39.254949888
596.0 40.8848972416
598.0 42.5225613632
600.0 43.966908
602.0 45.1087573312
604.0 46.0637613056
606.0 47.1003804736
608.0 48.2204403072
610.0 49.173652
612.0 49.8441976512
614.0 50.345605024
616.0 50.9018263424
618.0 51.5201966848
620.0 52.057068
622.0 52.4494449088
624.0 52.7566054656
626.0 53.086468256
628.0 53.4435471744
630.0 53.768448
632.0 54.0356639104
634.0 54.2699383488
636.0 54.5148669056
638.0 54.7720095296
640.0 55.013088
642.0 55.2250584896
644.0 55.4206329216
646.0 55.6242726208
648.0 55.8357452544
650.0 56.029544
652.0 56.1942015744
654.0 56.3400899776
656.0 56.4871400448
658.0 56.6369449152
660.0 56.7867
662.0 56.9357414912
664.0 57.0851314816
666.0 57.2352184704
668.0 57.3857369344
670.0 57.533484
672.0 57.6766507904
674.0 57.8164155648
676.0 57.955748864
678.0 58.0944183552
680.0 58.228408
682.0 58.3552119232
684.0 58.4775683328
686.0 58.6021650944
688.0 58.7283052096
690.0 58.840356
692.0 58.9294390336
694.0 59.005727168
696.0 59.0927358016
698.0 59.189104128
700.0 59.255236
702.0 59.272826912
704.0 59.259882656
706.0 59.252580768
708.0 59.25357648
710.0 59.255236
712.0 59.255236
714.0 59.255236
716.0 59.255236
718.0 59.255236
720.0 59.255236
722.0 59.255236
724.0 59.255236
726.0 59.255236
728.0 59.255236
730.0 59.255236
732.0 59.255236
734.0 59.255236
736.0 59.255236
738.0 59.255236
740.0 59.255236
742.0 59.255236
744.0 59.255236
746.0 59.255236
748.0 59.255236
750.0 59.255236
