380.0 13.24015
382.0 13.24399096
384.0 13.24837672
386.0 13.25258368
388.0 13.25062744
390.0 13.24015
392.0 13.22639312
394.0 13.21153368
396.0 13.20283744
398.0 13.2103596
400.0 13.24015
402.0 13.29310224
404.0 13.37310744
406.0 13.46949824
408.0 13.56446784
410.0 13.6477
412.0 13.72295672
414.0 13.79052224
416.0 13.86034496
418.0 13.94839248
420.0 14.0657
422.0 14.21037816
424.0 14.38075496
426.0 14.58390296
428.0 14.82918536
430.0 15.12115
432.0 15.45835896
434.0 15.84191576
436.0 16.25690616
438.0 16.68025656
440.0 17.0962
442.0 17.50480336
444.0 17.90340816
446.0 18.29114496
448.0 18.66976936
450.0 19.0399
452.0 19.39852728
454.0 19.74352776
456.0 20.07506864
458.0 20.39415312
460.0 20.70145
462.0 20.99679208
464.0 21.28058064
466.0 21.5525816
468.0 21.81229336
470.0 22.05995
472.0 22.2966216
474.0 22.5230104
476.0 22.7424604
478.0 22.9596532
480.0 23.1781
482.0 23.39741624
484.0 23.6163312
486.0 23.84001136
488.0 24.07589712
490.0 24.3276
492.0 24.59251168
494.0 24.86912736
496.0 25.14942144
498.0 25.42143912
500.0 25.67565
502.0 25.91088368
504.0 26.12670544
506.0 26.3106756
508.0 26.44599056
510.0 26.5221
512.0 26.54055888
514.0 26.5022868
516.0 26.41067792
518.0 26.27216944
520.0 26.09365
522.0 25.8780456
524.0 25.62742952
526.0 25.36017704
528.0 25.10186976
530.0 24.871
532.0 24.66913944
534.0 24.49809384
536.0 24.36742704
538.0 24.28783984
540.0 24.2649
542.0 24.29782168
544.0 24.38698944
546.0 24.5187096
548.0 24.67158056
550.0 24.8292
552.0 24.99415952
554.0 25.172796
556.0 25.33696968
558.0 25.44571656
560.0 25.4771
562.0 25.44197128
564.0 25.34574768
566.0 25.22051488
568.0 25.11534608
570.0 25.06955
572.0 25.08441408
574.0 25.15530688
576.0 25.34491168
578.0 25.74125928
580.0 26.3967
582.0 27.30255616
584.0 28.46235568
586.0 29.8242164
588.0 31.30244832
590.0 32.8339
592.0 34.41808656
594.0 36.049574
596.0 37.68005824
598.0 39.24859488
600.0 40.7132
602.0 42.06415928
604.0 43.28610704
606.0 44.3919344
608.0 45.41215536
610.0 46.36665
612.0 47.24699144
614.0 48.050354
616.0 48.78382696
618.0 49.45660632
620.0 50.0764
622.0 50.646552
624.0 51.17035616
626.0 51.65536992
628.0 52.11053848
630.0 52.5426
632.0 52.95456408
634.0 53.35002552
636.0 53.72935216
638.0 54.090872
640.0 54.43405
642.0 54.7618456
644.0 55.07690056
646.0 55.37883032
648.0 55.66621368
650.0 55.93885
652.0 56.19837784
654.0 56.44556632
656.0 56.6847292
658.0 56.92196928
660.0 57.1615
662.0 57.40345512
664.0 57.6483028
666.0 57.89674528
668.0 58.14903336
670.0 58.40505
672.0 58.66474504
674.0 58.92803488
676.0 59.19249512
678.0 59.45453096
680.0 59.7113
682.0 59.96154824
684.0 60.20330272
686.0 60.4357776
688.0 60.65880568
690.0 60.87125
692.0 61.07234144
694.0 61.2635848
696.0 61.43501496
698.0 61.57175112
700.0 61.66545
702.0 61.7179508
704.0 61.72753136
706.0 61.70826992
708.0 61.68265488
710.0 61.66545
712.0 61.65528424
714.0 61.65401352
716.0 61.6590964
718.0 61.66417928
720.0 61.66545
722.0 61.66545
724.0 61.66545
726.0 61.66545
728.0 61.66545
730.0 61.66545
732.0 61.66545
734.0 61.66545
736.0 61.66545
738.0 61.66545
740.0 61.66545
742.0 61.66545
744.0 61.66545
746.0 61.66545
748.0 61.66545
750.0 61.66545
