380.0 19.167456
382.0 19.1674426603
384.0 19.1674236036
386.0 19.1674864907
388.0 19.1674750567
390.0 19.167456
392.0 19.167290048
394.0 19.1671904768
396.0 19.1679040704
398.0 19.1690657344
400.0 19.167456
402.0 19.1621787264
404.0 19.1531343424
406.0 19.1390948032
408.0 19.1212881536
410.0 19.115596
412.0 19.1339005056
414.0 19.1625936064
416.0 19.1659292416
418.0 19.1494833984
420.0 19.208944
422.0 19.3938477184
424.0 19.6531643136
426.0 19.8740464256
428.0 20.0569919104
430.0 20.318748
432.0 20.7117555264
434.0 21.1859633664
436.0 21.6450861696
438.0 22.0820875712
440.0 22.517612
442.0 22.9559078272
444.0 23.394585344
446.0 23.841411104
448.0 24.2930660672
450.0 24.706104
452.0 25.0586856192
454.0 25.3738450624
456.0 25.701733024
458.0 26.0438098816
460.0 26.365624
462.0 26.6518580096
464.0 26.9164684736
466.0 27.1852775232
468.0 27.45924768
470.0 27.724356
472.0 27.975109472
474.0 28.2164368704
476.0 28.455872416
478.0 28.6947105344
480.0 28.93788
482.0 29.1880028544
484.0 29.4430544832
486.0 29.6979567552
488.0 29.9520458624
490.0 30.203264
492.0 30.4478274624
494.0 30.68991824
496.0 30.9431941824
498.0 31.203705632
500.0 31.416788
502.0 31.550296384
504.0 31.6387985856
506.0 31.7648059392
508.0 31.9224769344
510.0 31.966504
512.0 31.8260588224
514.0 31.572368
516.0 31.3553359744
518.0 31.179310688
520.0 30.939676
522.0 30.594827744
524.0 30.1832833792
526.0 29.7671587392
528.0 29.357572608
530.0 29.010484
532.0 28.761224096
534.0 28.5707112
536.0 28.3398553728
538.0 28.0725398912
540.0 27.911052
542.0 27.9209427392
544.0 28.0371257344
546.0 28.1296771648
548.0 28.1898347648
550.0 28.253328
552.0 28.3279898048
554.0 28.410899424
556.0 28.5157976832
558.0 28.6348184576
560.0 28.668208
562.0 28.5763203776
564.0 28.3956484352
566.0 28.189685408
568.0 27.9789097728
570.0 27.921424
572.0 28.1198859968
574.0 28.4596229312
576.0 28.6513804672
578.0 28.7197195008
580.0 29.217924
582.0 30.4098576448
584.0 32.0331171328
586.0 33.5441764736
588.0 34.915554016
590.0 36.395348
592.0 38.071214272
594.0 39.868972288
596.0 41.7025261504
598.0 43.5425355456
600.0 45.159688
602.0 46.4281089216
604.0 47.4815390272
606.0 48.632731456
608.0 49.8825823488
610.0 50.92652
612.0 51.6236677568
614.0 52.1121474688
616.0 52.6648506048
618.0 53.2919002368
620.0 53.83068
622.0 54.2111083648
624.0 54.4985870144
626.0 54.8089338496
628.0 55.1477248576
630.0 55.459084
632.0 55.7192635456
634.0 55.9511814656
636.0 56.1941517888
638.0 56.4489378944
640.0 56.68298
642.0 56.8806620224
644.0 57.0575004736
646.0 57.2449266624
648.0 57.4426750656
650.0 57.61646
652.0 57.7512628096
654.0 57.8614715328
656.0 57.9741197504
658.0 58.091995456
660.0 58.218036
662.0 58.35411664
664.0 58.4980634048
666.0 58.6435037376
668.0 58.7888444992
670.0 58.923332
672.0 59.0415893952
674.0 59.1491262912
676.0 59.258223136
678.0 59.3699420224
680.0 59.48342
682.0 59.5978770944
684.0 59.7141928512
686.0 59.8343586944
688.0 59.9568146752
690.0 60.064252
692.0 60.1469126912
694.0 60.2144219648
696.0 60.2895816256
698.0 60.3714623424
700.0 60.427272
702.0 60.4420749184
704.0 60.4312050624
706.0 60.4250150528
708.0 60.425861408
710.0 60.427272
712.0 60.427272
714.0 60.427272
716.0 60.427272
718.0 60.427272
720.0 60.427272
722.0 60.427272
724.0 60.427272
726.0 60.427272
728.0 60.427272
730.0 60.427272
732.0 60.427272
734.0 60.427272
736.0 60.427272
738.0 60.427272
740.0 60.427272
742.0 60.427272
744.0 60.427272
746.0 60.427272
748.0 60.427272
750.0 60.427272
