380.0 15.91535
382.0 15.91737688
384.0 15.91976888
386.0 15.92221208
388.0 15.92120888
390.0 15.91535
392.0 15.90796312
394.0 15.90078648
396.0 15.89705624
398.0 15.9010172
400.0 15.91535
402.0 15.94175088
404.0 15.98401904
406.0 16.035316
408.0 16.08402136
410.0 16.12435
412.0 16.16011408
414.0 16.1919824
416.0 16.23313032
418.0 16.30353824
420.0 16.41695
422.0 16.57154312
424.0 16.76557872
426.0 17.00643032
428.0 17.30346112
430.0 17.6605
432.0 18.0754068
434.0 18.54910112
436.0 19.06108424
438.0 19.58017336
440.0 20.0849
442.0 20.57514712
444.0 21.04767104
446.0 21.49971296
448.0 21.93127288
450.0 22.3421
452.0 22.72888376
454.0 23.08886536
456.0 23.42585696
458.0 23.74663016
460.0 24.0559
462.0 24.35336552
464.0 24.63972896
466.0 24.9163948
468.0 25.18461704
470.0 25.44575
472.0 25.70133192
474.0 25.952784
476.0 26.20181168
478.0 26.45025416
480.0 26.69975
482.0 26.9503828
484.0 27.20108248
486.0 27.45654736
488.0 27.72371624
490.0 28.006
492.0 28.30025528
494.0 28.60370656
496.0 28.91133784
498.0 29.21604312
500.0 29.5108
502.0 29.79305032
504.0 30.06209184
506.0 30.30061936
508.0 30.48438888
510.0 30.5976
512.0 30.64264368
514.0 30.62164336
516.0 30.53334504
518.0 30.37774872
520.0 30.1587
522.0 29.88042904
524.0 29.54444064
526.0 29.17961024
528.0 28.82765424
530.0 28.51805
532.0 28.25141616
534.0 28.02960864
536.0 27.86515072
538.0 27.771502
540.0 27.7552
542.0 27.8151412
544.0 27.95201112
546.0 28.14430784
548.0 28.35875856
550.0 28.5703
552.0 28.78259384
554.0 29.00405024
556.0 29.19666464
558.0 29.30559544
560.0 29.3018
562.0 29.19828648
564.0 28.99895064
566.0 28.7545544
568.0 28.54326376
570.0 28.424
572.0 28.39514128
574.0 28.4505012
576.0 28.65918352
578.0 29.11632504
580.0 29.87655
582.0 30.93006048
584.0 32.28249112
586.0 33.85880256
588.0 35.5380256
590.0 37.23335
592.0 38.94569536
594.0 40.66760456
596.0 42.35013816
598.0 43.93544496
600.0 45.38435
602.0 46.68519944
604.0 47.82075496
606.0 48.81444128
608.0 49.71274
610.0 50.54665
612.0 51.30796176
614.0 51.99550488
616.0 52.6187596
618.0 53.18834312
620.0 53.713
622.0 54.19782984
624.0 54.6478988
626.0 55.06803896
628.0 55.46234672
630.0 55.83435
632.0 56.18761016
634.0 56.52552136
636.0 56.84830096
638.0 57.15452776
640.0 57.44365
642.0 57.71805864
644.0 57.98007776
646.0 58.22855368
648.0 58.461062
650.0 58.67675
652.0 58.87708904
654.0 59.06246368
656.0 59.23788992
658.0 59.41072456
660.0 59.5859
662.0 59.76353328
664.0 59.94464432
666.0 60.12834696
668.0 60.3123004
670.0 60.49505
672.0 60.6769636
674.0 60.85742256
676.0 61.03763072
678.0 61.21967808
680.0 61.4042
682.0 61.58989232
684.0 61.77632032
686.0 61.95840112
688.0 62.12869432
690.0 62.282
692.0 62.41866928
694.0 62.53908672
696.0 62.64035976
698.0 62.7188936
700.0 62.77315
702.0 62.80356368
704.0 62.80923176
706.0 62.79834704
708.0 62.78353312
710.0 62.77315
712.0 62.76686328
714.0 62.76607744
716.0 62.7692208
718.0 62.77236416
720.0 62.77315
722.0 62.77315
724.0 62.77315
726.0 62.77315
728.0 62.77315
730.0 62.77315
732.0 62.77315
734.0 62.77315
736.0 62.77315
738.0 62.77315
740.0 62.77315
742.0 62.77315
744.0 62.77315
746.0 62.77315
748.0 62.77315
750.0 62.77315
