380.0 13.452484
382.0 13.452650746
384.0 13.4528889546
386.0 13.4521028662
388.0 13.4522457914
390.0 13.452484
392.0 13.4545584
394.0 13.45580304
396.0 13.44667568
398.0 13.43049536
400.0 13.452484
402.0 13.53380048
404.0 13.653451872
406.0 13.7681081088
408.0 13.8736867712
410.0 13.971084
412.0 14.0611295552
414.0 14.142263488
416.0 14.212212256
418.0 14.2749587072
420.0 14.375592
422.0 14.5384904832
424.0 14.7388443328
426.0 14.919582656
428.0 15.081468832
430.0 15.288328
432.0 15.569284736
434.0 15.8959114624
436.0 16.2124151168
438.0 16.5153438976
440.0 16.823384
442.0 17.1425594816
444.0 17.4682070912
446.0 17.7972899072
448.0 18.1278165056
450.0 18.441416
452.0 18.7279819136
454.0 18.99818496
456.0 19.2768847488
458.0 19.5638157568
460.0 19.831264
462.0 20.0662354368
464.0 20.2815581568
466.0 20.5030211008
468.0 20.7314540288
470.0 20.95144
472.0 21.1572868608
474.0 21.3531931968
476.0 21.5444196864
478.0 21.7330905152
480.0 21.93678
482.0 22.1643997632
484.0 22.4075360384
486.0 22.647303488
488.0 22.8825072576
490.0 23.119188
492.0 23.3579597376
494.0 23.5984407808
496.0 23.8442986688
498.0 24.0928781696
500.0 24.311968
502.0 24.4822015616
504.0 24.6253019712
506.0 24.7935441088
508.0 24.983077888
510.0 25.10024
512.0 25.098912384
514.0 25.0249143872
516.0 24.9754938816
518.0 24.9526754816
520.0 24.882428
522.0 24.7346145536
524.0 24.5369823168
526.0 24.3360808256
528.0 24.1394443008
530.0 23.980064
532.0 23.8803102528
534.0 23.815688544
536.0 23.7217763072
538.0 23.6026559616
540.0 23.565184
542.0 23.6585817856
544.0 23.8344909056
546.0 23.995995392
548.0 24.1356605952
550.0 24.27048
552.0 24.4006029632
554.0 24.5294315008
556.0 24.6808129152
558.0 24.8479763648
560.0 24.934288
562.0 24.9009150528
564.0 24.783769536
566.0 24.6458800192
568.0 24.5056007936
570.0 24.498664
572.0 24.7133726976
574.0 25.0509024704
576.0 25.261545344
578.0 25.366012128
580.0 25.836652
582.0 26.896753376
584.0 28.325185216
586.0 29.6673883968
588.0 30.8970429312
590.0 32.184316
592.0 33.5838058112
594.0 35.0531946048
596.0 36.5635569472
598.0 38.0921906048
600.0 39.423972
602.0 40.4448921088
604.0 41.2738057536
606.0 42.1815631936
608.0 43.1714834688
610.0 44.008396
612.0 44.5853945088
614.0 45.0063981376
616.0 45.4722088064
618.0 45.991356448
620.0 46.456188
622.0 46.821199424
624.0 47.1281110528
626.0 47.448083104
628.0 47.7847001408
630.0 48.105336
632.0 48.3962332608
634.0 48.6709170112
636.0 48.9523052224
638.0 49.2406634176
640.0 49.515928
642.0 49.7678099456
644.0 50.006067232
646.0 50.2516927872
648.0 50.5036245184
650.0 50.729452
652.0 50.9146876224
654.0 51.0741177088
656.0 51.2365515264
658.0 51.4047770688
660.0 51.579956
662.0 51.7636482688
664.0 51.9530326912
666.0 52.139463168
668.0 52.32217632
670.0 52.503064
672.0 52.682541088
674.0 52.8604250368
676.0 53.0374792256
678.0 53.2134381312
680.0 53.384684
682.0 53.5489100992
684.0 53.7086554944
686.0 53.8702263616
688.0 54.033058464
690.0 54.183328
692.0 54.312189728
694.0 54.4301152192
696.0 54.5626278912
698.0 54.70690656
700.0 54.805648
702.0 54.832034368
704.0 54.812617984
706.0 54.801665152
708.0 54.80315872
710.0 54.805648
712.0 54.805648
714.0 54.805648
716.0 54.805648
718.0 54.805648
720.0 54.805648
722.0 54.805648
724.0 54.805648
726.0 54.805648
728.0 54.805648
730.0 54.805648
732.0 54.805648
734.0 54.805648
736.0 54.805648
738.0 54.805648
740.0 54.805648
742.0 54.805648
744.0 54.805648
746.0 54.805648
748.0 54.805648
750.0 54.805648
