380.0 13.338392
382.0 13.3384853778
384.0 13.3386187746
386.0 13.3381785651
388.0 13.3382586032
390.0 13.338392
392.0 13.339553664
394.0 13.3402506624
396.0 13.3351227456
398.0 13.3259290048
400.0 13.338392
402.0 13.3842611328
404.0 13.4512559552
406.0 13.514550048
408.0 13.571388608
410.0 13.618436
412.0 13.6557752
414.0 13.6827589952
416.0 13.6962177024
418.0 13.7010635008
420.0 13.753272
422.0 13.8828639168
424.0 14.058457728
426.0 14.2084285504
428.0 14.3333074304
430.0 14.510428
432.0 14.7751546304
434.0 15.0929527104
436.0 15.3960474432
438.0 15.6806883136
440.0 15.97288
442.0 16.2811856256
444.0 16.5995645376
446.0 16.9240172928
448.0 17.2513244224
450.0 17.549424
452.0 17.8017042304
454.0 18.0253411456
456.0 18.2589019904
458.0 18.5034488576
460.0 18.731832
462.0 18.9316879936
464.0 19.115015168
466.0 19.3047646848
468.0 19.5013348288
470.0 19.686056
472.0 19.8514105728
474.0 20.0042855552
476.0 20.1560818496
478.0 20.3088240704
480.0 20.474328
482.0 20.6588998144
484.0 20.8551712448
486.0 21.046115616
488.0 21.2308367872
490.0 21.41818
492.0 21.6102860352
494.0 21.8059102528
496.0 22.0064964352
498.0 22.2092565888
500.0 22.382776
502.0 22.5078872128
504.0 22.6054503936
506.0 22.7263464256
508.0 22.8665924608
510.0 22.932492
512.0 22.8782091008
514.0 22.7499116096
516.0 22.6451129216
518.0 22.5664682688
520.0 22.445008
522.0 22.2533998208
524.0 22.0164203648
526.0 21.7736657792
528.0 21.5328030464
530.0 21.335204
532.0 21.2059605824
534.0 21.118387712
536.0 21.0057726848
538.0 20.8698414016
540.0 20.79586
542.0 20.8227940096
544.0 20.9118106624
546.0 20.986206944
548.0 21.040805152
550.0 21.096648
552.0 21.158133216
554.0 21.2241489216
556.0 21.3044033088
558.0 21.3938514368
560.0 21.428552
562.0 21.3838113408
564.0 21.2812696
566.0 21.1567890048
568.0 21.024707808
570.0 21.0033
572.0 21.170413664
574.0 21.4401354496
576.0 21.594421024
578.0 21.6542135296
580.0 22.061244
582.0 23.0319470336
584.0 24.3480957504
586.0 25.5473478784
588.0 26.6159294016
590.0 27.869564
592.0 29.4369474496
594.0 31.198976
596.0 32.9572540352
598.0 34.6841671424
600.0 36.281256
602.0 37.6826708544
604.0 38.9634220096
606.0 40.3202953472
608.0 41.7472834048
610.0 42.981568
612.0 43.8969426368
614.0 44.6193814784
616.0 45.40903088
618.0 46.2728276352
620.0 47.026648
622.0 47.5887440192
624.0 48.0368144192
626.0 48.5154199872
628.0 49.0307009472
630.0 49.505556
632.0 49.9066785792
634.0 50.2654833984
636.0 50.6372988544
638.0 51.0234525632
640.0 51.382888
642.0 51.6962219712
644.0 51.9825721472
646.0 52.2799581312
648.0 52.5882139712
650.0 52.866084
652.0 53.0951973312
654.0 53.2940244224
656.0 53.4979628352
658.0 53.7099001344
660.0 53.924028
662.0 54.1388860544
664.0 54.3552708672
666.0 54.5713569664
668.0 54.7869120192
670.0 55.002716
672.0 55.2188020992
674.0 55.4345396992
676.0 55.6492981824
678.0 55.862679264
680.0 56.071032
682.0 56.27141904
684.0 56.4680057792
686.0 56.6715459072
688.0 56.880545856
690.0 57.066744
692.0 57.214109376
694.0 57.3396686592
696.0 57.4831507584
698.0 57.6421659648
700.0 57.751296
702.0 57.7803210048
704.0 57.7589629824
706.0 57.7469148672
708.0 57.748557792
710.0 57.751296
712.0 57.751296
714.0 57.751296
716.0 57.751296
718.0 57.751296
720.0 57.751296
722.0 57.751296
724.0 57.751296
726.0 57.751296
728.0 57.751296
730.0 57.751296
732.0 57.751296
734.0 57.751296
736.0 57.751296
738.0 57.751296
740.0 57.751296
742.0 57.751296
744.0 57.751296
746.0 57.751296
748.0 57.751296
750.0 57.751296
