380.0 11.025090899
382.0 11.3390139081
384.0 11.6527671519
386.0 11.9584235337
388.0 12.2658251142
390.0 12.593042369
392.0 12.9480097695
394.0 13.3006229004
396.0 13.5880599461
398.0 13.8070426419
400.0 14.010728027
402.0 14.2246978618
404.0 14.4326083603
406.0 14.6022571421
408.0 14.7365464467
410.0 14.857263902
412.0 14.9765759771
414.0 15.0938700605
416.0 15.2050678142
418.0 15.315418621
420.0 15.437504139
422.0 15.5797732345
424.0 15.744924262
426.0 15.9332426092
428.0 16.1474685478
430.0 16.400495006
432.0 16.6959134136
434.0 17.0271592238
436.0 17.3839592437
438.0 17.7578578366
440.0 18.116262522
442.0 18.4407832751
444.0 18.7304834186
446.0 18.9905389317
448.0 19.2211049148
450.0 19.435157823
452.0 19.6411856055
454.0 19.8420414744
456.0 20.0396027523
458.0 20.2371317985
460.0 20.440290739
462.0 20.6511839592
464.0 20.8697174854
466.0 21.0959194837
468.0 21.327527909
470.0 21.543080236
472.0 21.7316763745
474.0 21.9011570982
476.0 22.0697098424
478.0 22.2400491261
480.0 22.40037686
482.0 22.5470887054
484.0 22.6978761353
486.0 22.8848562219
488.0 23.1105918819
490.0 23.354925145
492.0 23.6081726409
494.0 23.8728427195
496.0 24.1530454807
498.0 24.4466792925
500.0 24.751494225
502.0 25.0643003671
504.0 25.3837071426
506.0 25.7104254937
508.0 26.0385966167
510.0 26.349035224
512.0 26.6293769213
514.0 26.876108477
516.0 27.0887081921
518.0 27.26340516
520.0 27.391066475
522.0 27.4686790301
524.0 27.5003198352
526.0 27.4936279006
528.0 27.4561913621
530.0 27.398678971
532.0 27.3311039616
534.0 27.2721740752
536.0 27.2505556717
538.0 27.2742229542
540.0 27.331573604
542.0 27.4181847286
544.0 27.5419634763
546.0 27.7144669602
548.0 27.9312190651
550.0 28.190510154
552.0 28.4867740832
554.0 28.7936550795
556.0 29.0651461975
558.0 29.2896983411
560.0 29.483116024
562.0 29.6500860494
564.0 29.7733488155
566.0 29.8273175249
568.0 29.82217381
570.0 29.740381946
572.0 29.5947542173
574.0 29.4560173523
576.0 29.4336537826
578.0 29.5742072807
580.0 30.008277018
582.0 30.7987896681
584.0 31.9221901924
586.0 33.3130248277
588.0 34.9285905814
590.0 36.629751564
592.0 38.322490486
594.0 39.9416463413
596.0 41.4106089139
598.0 42.7002178414
600.0 43.841275534
602.0 44.8503685514
604.0 45.7455445344
606.0 46.5684361426
608.0 47.3313282277
610.0 48.042492625
612.0 48.7103058012
614.0 49.332047601
616.0 49.8917276038
618.0 50.39495758
620.0 50.859490696
622.0 51.295575461
624.0 51.7142596636
626.0 52.134378514
628.0 52.5585989124
630.0 52.959952458
632.0 53.3259738992
634.0 53.6655097337
636.0 53.9955407029
638.0 54.3182927655
640.0 54.629144051
642.0 54.9244995502
644.0 55.2176268071
646.0 55.537364305
648.0 55.8797083893
650.0 56.173549423
652.0 56.385850129
654.0 56.5396300311
656.0 56.681513335
658.0 56.8169914686
660.0 56.970340876
662.0 57.1539833852
664.0 57.3585235402
666.0 57.5607870082
668.0 57.7549464398
670.0 57.919939014
672.0 58.0454021965
674.0 58.1290304536
676.0 58.1687122087
678.0 58.1698306301
680.0 58.177559241
682.0 58.2148879412
684.0 58.2787257657
686.0 58.3586346869
688.0 58.4514787452
690.0 58.531439075
692.0 58.5850005483
694.0 58.6069643809
696.0 58.590050095
698.0 58.5375800107
700.0 58.48249437
702.0 58.4428351285
704.0 58.4239992705
706.0 58.4320950304
708.0 58.4669538319
710.0 58.513926285
712.0 58.563860906
714.0 58.6057881531
716.0 58.6207854504
718.0 58.6056934828
720.0 58.575362772
722.0 58.5375573514
724.0 58.490032798
726.0 58.4281843616
728.0 58.3552751467
730.0 58.279912894
732.0 58.207017414
734.0 58.1415494624
736.0 58.0916219356
738.0 58.0574539762
740.0 58.02645322
742.0 57.9921685626
744.0 57.9543922477
746.0 57.9133857239
748.0 57.8690801226
750.0 57.824813183
752.0 57.7843276131
754.0 57.7475991988
756.0 57.7111034676
758.0 57.6794026048
760.0 57.679730347
762.0 57.7250889995
764.0 57.810797849
766.0 57.9258258057
768.0 58.0658190727
770.0 58.213566752
772.0 58.35855352
774.0 58.4944043034
776.0 58.6135401991
778.0 58.7171142438
780.0 58.812332079
