380.0 13.58732
382.0 13.5873666889
384.0 13.5874333873
386.0 13.5872132825
388.0 13.5872533016
390.0 13.58732
392.0 13.587900832
394.0 13.5882493312
396.0 13.5856936704
398.0 13.5811631808
400.0 13.58732
402.0 13.6100388288
404.0 13.6435113472
406.0 13.6758387968
408.0 13.7058263232
410.0 13.732528
412.0 13.7581012032
414.0 13.7793928448
416.0 13.7858981632
418.0 13.7827948608
420.0 13.836248
422.0 13.9808585728
424.0 14.1807975424
426.0 14.3557773312
428.0 14.505532416
430.0 14.707496
432.0 14.99625248
434.0 15.3384123136
436.0 15.6702831232
438.0 15.9873510144
440.0 16.304784
442.0 16.6262662144
444.0 16.9497730432
446.0 17.2792043584
448.0 17.6123364032
450.0 17.922816
452.0 18.1970682752
454.0 18.4483361984
456.0 18.7061758208
458.0 18.9711181888
460.0 19.219316
462.0 19.4400985408
464.0 19.6445016192
466.0 19.8535513536
468.0 20.0682766464
470.0 20.27726
472.0 20.4766015424
474.0 20.6695041472
476.0 20.8593864256
478.0 21.04810704
480.0 21.252228
482.0 21.479914144
484.0 21.722867872
486.0 21.9629838208
488.0 22.1988348032
490.0 22.434636
492.0 22.6695576512
494.0 22.9048941824
496.0 23.1487938368
498.0 23.3978048128
500.0 23.606672
502.0 23.7487932928
504.0 23.8535256
506.0 23.990767904
508.0 24.1558735488
510.0 24.228992
512.0 24.1514758208
514.0 23.981640544
516.0 23.8425395776
518.0 23.7371268672
520.0 23.575556
522.0 23.3221638912
524.0 23.009327776
526.0 22.6891067968
528.0 22.3716904064
530.0 22.113104
532.0 21.9471851904
534.0 21.8377398464
536.0 21.6946394368
538.0 21.52024048
540.0 21.428552
542.0 21.471450592
544.0 21.598320896
546.0 21.7096580928
548.0 21.7980607232
550.0 21.88492
552.0 21.9724762752
554.0 22.0613103808
556.0 22.1694944896
558.0 22.2901249984
560.0 22.330916
562.0 22.2559388864
564.0 22.0986329856
566.0 21.9156377152
568.0 21.7268341248
570.0 21.687852
572.0 21.8975987328
574.0 22.246944288
576.0 22.4626984832
578.0 22.5658708416
580.0 23.056956
582.0 24.1731159616
584.0 25.67775296
586.0 27.0838808512
588.0 28.3652128384
590.0 29.726152
592.0 31.2360994624
594.0 32.8393949248
596.0 34.4826350336
598.0 36.1401636096
600.0 37.588128
602.0 38.7061134336
604.0 39.620376192
606.0 40.6219628928
608.0 41.7132632448
610.0 42.62892
612.0 43.2471575808
614.0 43.6868971904
616.0 44.1806707712
618.0 44.737506112
620.0 45.22192
622.0 45.575646688
624.0 45.8535996928
626.0 46.1526949824
628.0 46.4772141184
630.0 46.77772
632.0 47.0334852224
634.0 47.2630134336
636.0 47.4971717056
638.0 47.7374536064
640.0 47.9705
642.0 48.1898387584
644.0 48.4018756288
646.0 48.619206368
648.0 48.8406029312
650.0 49.038816
652.0 49.2012166272
654.0 49.3409979968
656.0 49.484894976
658.0 49.63499856
660.0 49.7856
662.0 49.9349568
664.0 50.0843136
666.0 50.2336538048
668.0 50.3828778432
670.0 50.532384
672.0 50.6818403712
674.0 50.8310478144
676.0 50.9805207808
678.0 51.1294627008
680.0 51.268796
682.0 51.3937412608
684.0 51.510007232
686.0 51.6303390272
688.0 51.7548362176
690.0 51.870372
692.0 51.9691632256
694.0 52.05955728
696.0 52.1611862848
698.0 52.2717932928
700.0 52.347484
702.0 52.3677135488
704.0 52.3528276544
706.0 52.3444304832
708.0 52.345575552
710.0 52.347484
712.0 52.347484
714.0 52.347484
716.0 52.347484
718.0 52.347484
720.0 52.347484
722.0 52.347484
724.0 52.347484
726.0 52.347484
728.0 52.347484
730.0 52.347484
732.0 52.347484
734.0 52.347484
736.0 52.347484
738.0 52.347484
740.0 52.347484
742.0 52.347484
744.0 52.347484
746.0 52.347484
748.0 52.347484
750.0 52.347484
