380.0 12.846815856
382.0 13.0138450722
384.0 13.1866903497
386.0 13.3778457983
388.0 13.5731988388
390.0 13.731120644
392.0 13.8299354258
394.0 13.883484719
396.0 13.9263431849
398.0 13.9597019684
400.0 13.972736408
402.0 13.9623456101
404.0 13.9340482942
406.0 13.8951852388
408.0 13.8494185727
410.0 13.796869529
412.0 13.7401233761
414.0 13.688469562
416.0 13.6561968711
418.0 13.6488080043
420.0 13.661778094
422.0 13.6959896876
424.0 13.7614269624
426.0 13.871884085
428.0 14.0299712993
430.0 14.250865833
432.0 14.5398046136
434.0 14.8795244276
436.0 15.236623327
438.0 15.6029660155
440.0 15.975237899
442.0 16.3486309736
444.0 16.7163012976
446.0 17.0719017176
448.0 17.4130610222
450.0 17.744961005
452.0 18.0704262097
454.0 18.3873653216
456.0 18.6914307797
458.0 18.9834364082
460.0 19.276408937
462.0 19.5764363222
464.0 19.876748593
466.0 20.1634085648
468.0 20.4351225345
470.0 20.696493746
472.0 20.9496544595
474.0 21.1909586294
476.0 21.4137371749
478.0 21.6200329011
480.0 21.819407767
482.0 22.017426653
484.0 22.2194580695
486.0 22.4345066922
488.0 22.6638741607
490.0 22.896241892
492.0 23.1249257098
494.0 23.354024036
496.0 23.5936170303
498.0 23.8405506572
500.0 24.072139695
502.0 24.2738382996
504.0 24.4538327064
506.0 24.6353162307
508.0 24.8097737289
510.0 24.930357512
512.0 24.9710235628
514.0 24.9325656379
516.0 24.8249339499
518.0 24.6472923552
520.0 24.382844934
522.0 24.0305357037
524.0 23.6144178031
526.0 23.1731314682
528.0 22.7244101866
530.0 22.306607511
532.0 21.9447107307
534.0 21.6429513893
536.0 21.3942384143
538.0 21.2034325302
540.0 21.066641241
542.0 20.9807770642
544.0 20.9492081081
546.0 20.9794468696
548.0 21.0656201299
550.0 21.196590192
552.0 21.3616300123
554.0 21.5433393362
556.0 21.7155153532
558.0 21.8655578275
560.0 21.99130643
562.0 22.0884227181
564.0 22.1385988335
566.0 22.1148867183
568.0 22.0271890961
570.0 21.86446524
572.0 21.6422401554
574.0 21.4347755062
576.0 21.3603103942
578.0 21.4690484209
580.0 21.847499092
582.0 22.544571091
584.0 23.5798889627
586.0 24.9640973738
588.0 26.667501597
590.0 28.588506022
592.0 30.6486355168
594.0 32.7489372059
596.0 34.7419508058
598.0 36.5789163685
600.0 38.262925523
602.0 39.7876525119
604.0 41.159906405
606.0 42.42011793
608.0 43.5728844512
610.0 44.608447089
612.0 45.5274229252
614.0 46.3409357764
616.0 47.0617479434
618.0 47.6990634847
620.0 48.276445278
622.0 48.810885775
624.0 49.3008511388
626.0 49.7313785064
628.0 50.110057763
630.0 50.481416892
632.0 50.8689291059
634.0 51.2567149646
636.0 51.6068968101
638.0 51.9210385079
640.0 52.223473839
642.0 52.5234622061
644.0 52.8196399197
646.0 53.1138032859
648.0 53.4048050853
650.0 53.638557886
652.0 53.7889612736
654.0 53.8956978779
656.0 54.0414611091
658.0 54.2296482135
660.0 54.404707018
662.0 54.5406055557
664.0 54.6541291375
666.0 54.7770159274
668.0 54.9074325772
670.0 55.019243979
672.0 55.1001326284
674.0 55.1581091712
676.0 55.2093431967
678.0 55.2540059699
680.0 55.286106505
682.0 55.3038380166
684.0 55.3085071329
686.0 55.3006458703
688.0 55.2809329717
690.0 55.261831551
692.0 55.2497481389
694.0 55.235225019
696.0 55.1979228006
698.0 55.1384029296
700.0 55.072825018
702.0 55.0097403284
704.0 54.9484031602
706.0 54.8860148521
708.0 54.8241629171
710.0 54.770329532
712.0 54.7277061141
714.0 54.6914547441
716.0 54.6517118947
718.0 54.6059184391
720.0 54.558171698
722.0 54.5093438043
724.0 54.449718978
726.0 54.3621771042
728.0 54.2476645297
730.0 54.114146549
732.0 53.9670678461
734.0 53.8196134909
736.0 53.696109198
738.0 53.5992710413
740.0 53.517092009
742.0 53.4437764164
744.0 53.3743678968
746.0 53.2979312942
748.0 53.2138074635
750.0 53.131112142
752.0 53.0555696675
754.0 52.9888970304
756.0 52.9326509052
758.0 52.8897882767
760.0 52.87202408
762.0 52.8849310184
764.0 52.9244182661
766.0 52.9810876947
768.0 53.0518082037
770.0 53.13572823
772.0 53.2304389717
774.0 53.3257139182
776.0 53.4047185857
778.0 53.4650381112
780.0 53.516595982
