380.0 10.99432
382.0 10.9944934159
384.0 10.9947411528
386.0 10.9939236209
388.0 10.994072263
390.0 10.99432
392.0 10.996477376
394.0 10.9977718016
396.0 10.9882793472
398.0 10.9714518144
400.0 10.99432
402.0 11.0790716864
404.0 11.2036186624
406.0 11.3220752
408.0 11.4305912128
410.0 11.533664
412.0 11.6342972928
414.0 11.729321408
416.0 11.8123140032
418.0 11.8876894016
420.0 12.010776
422.0 12.2112128256
424.0 12.4573030464
426.0 12.67707328
428.0 12.871320096
430.0 13.12058
432.0 13.461943264
434.0 13.859813184
436.0 14.2437929216
438.0 14.6100323904
440.0 14.98754
442.0 15.3862728704
444.0 15.7973359744
446.0 16.2109713344
448.0 16.6238599104
450.0 17.01008
452.0 17.3555422784
454.0 17.6758296384
456.0 18.0070200448
458.0 18.349478592
460.0 18.6696
462.0 18.952216256
464.0 19.2120307072
466.0 19.4773049792
468.0 19.74953264
470.0 20.01796
472.0 20.27891952
474.0 20.534651552
476.0 20.7865169024
478.0 21.0357104256
480.0 21.293716
482.0 21.5668398016
484.0 21.8491739392
486.0 22.12679504
488.0 22.3999354368
490.0 22.683564
492.0 22.9832567168
494.0 23.294101408
496.0 23.6087629952
498.0 23.9243539136
500.0 24.21862
502.0 24.4765591936
504.0 24.714235648
506.0 24.9731373632
508.0 25.2488832064
510.0 25.452888
512.0 25.5412906304
514.0 25.5592466368
516.0 25.6032073216
518.0 25.6753964416
520.0 25.701816
522.0 25.6517482816
524.0 25.5537536256
526.0 25.4570368
528.0 25.3681031232
530.0 25.30768
532.0 25.2906035392
534.0 25.2998470656
536.0 25.2894750656
538.0 25.2616449152
540.0 25.286936
542.0 25.3983893632
544.0 25.5625988672
546.0 25.7118063104
548.0 25.842294368
550.0 25.98186
552.0 26.1395144
554.0 26.3089347968
556.0 26.4862047232
558.0 26.6672085696
560.0 26.81162
562.0 26.9053496896
564.0 26.95973216
566.0 26.99043328
568.0 27.0095675456
570.0 27.133152
572.0 27.4318324096
574.0 27.8286900224
576.0 28.1355684608
578.0 28.3654451712
580.0 28.844532
582.0 29.7255047872
584.0 30.8580774016
586.0 31.9365164736
588.0 32.9414056192
590.0 33.9683
592.0 35.0453450752
594.0 36.1524938432
596.0 37.28734
598.0 38.4370056704
600.0 39.46546
602.0 40.3009785344
604.0 41.0181401024
606.0 41.7857842688
608.0 42.60527184
610.0 43.323844
612.0 43.870987744
614.0 44.31499232
616.0 44.7900631104
618.0 45.3007140096
620.0 45.761264
622.0 46.1341249536
624.0 46.455856096
626.0 46.7932862976
628.0 47.1490376
630.0 47.483016
632.0 47.7775808
634.0 48.0495429376
636.0 48.329454176
638.0 48.6180115136
640.0 48.893608
642.0 49.1459878016
644.0 49.3845438016
646.0 49.6279621952
648.0 49.875877888
650.0 50.107132
652.0 50.312995456
654.0 50.501599904
656.0 50.6872338112
658.0 50.8726519808
660.0 51.071728
662.0 51.2915148288
664.0 51.5254573632
666.0 51.7584041856
668.0 51.9887289664
670.0 52.212648
672.0 52.4270911744
674.0 52.6356928384
676.0 52.848742016
678.0 53.0657076608
680.0 53.270592
682.0 53.4560267648
684.0 53.6292474624
686.0 53.8047251072
688.0 53.983521792
690.0 54.162584
692.0 54.337414432
694.0 54.5136720512
696.0 54.7077695104
698.0 54.9139980608
700.0 55.054576
702.0 55.0923964608
704.0 55.0645663104
706.0 55.0488672512
708.0 55.051008032
710.0 55.054576
712.0 55.054576
714.0 55.054576
716.0 55.054576
718.0 55.054576
720.0 55.054576
722.0 55.054576
724.0 55.054576
726.0 55.054576
728.0 55.054576
730.0 55.054576
732.0 55.054576
734.0 55.054576
736.0 55.054576
738.0 55.054576
740.0 55.054576
742.0 55.054576
744.0 55.054576
746.0 55.054576
748.0 55.054576
750.0 55.054576
