380.0 10.18875
382.0 10.19325112
384.0 10.19835096
386.0 10.2031668
388.0 10.20085944
390.0 10.18875
392.0 10.17270472
394.0 10.1549948
396.0 10.14440808
398.0 10.15321656
400.0 10.18875
402.0 10.25148344
404.0 10.34514888
406.0 10.45787512
408.0 10.56993256
410.0 10.66945
412.0 10.75995536
414.0 10.84151552
416.0 10.92207248
418.0 11.01491864
420.0 11.12925
422.0 11.2633444
424.0 11.41589768
426.0 11.59294576
428.0 11.80251424
430.0 12.04885
432.0 12.33084952
434.0 12.64898096
436.0 12.993948
438.0 13.35120424
440.0 13.7104
442.0 14.07118416
444.0 14.431868
446.0 14.78862264
448.0 15.13776968
450.0 15.47645
452.0 15.80269064
454.0 16.11460224
456.0 16.41238544
458.0 16.69746144
460.0 16.9708
462.0 17.23189952
464.0 17.48079344
466.0 17.71815056
468.0 17.94489048
470.0 18.1621
472.0 18.37046464
474.0 18.57036896
476.0 18.76500648
478.0 18.958808
480.0 19.15485
482.0 19.35294856
484.0 19.55276928
486.0 19.755934
488.0 19.96444912
490.0 20.17895
492.0 20.39824952
494.0 20.6214448
496.0 20.84430568
498.0 21.06072936
500.0 21.26575
502.0 21.45849816
504.0 21.63858928
506.0 21.7992016
508.0 21.93113912
510.0 22.0286
512.0 22.09250384
514.0 22.1235696
516.0 22.12311816
518.0 22.09382472
520.0 22.03905
522.0 21.9606332
524.0 21.85969456
526.0 21.74746992
528.0 21.63975968
530.0 21.5479
532.0 21.47292752
534.0 21.41641392
536.0 21.38297392
538.0 21.37720552
540.0 21.4016
542.0 21.45637472
544.0 21.54198112
546.0 21.65258392
548.0 21.77890352
550.0 21.91365
552.0 22.05834488
554.0 22.21680032
556.0 22.37375096
558.0 22.5066248
560.0 22.60335
562.0 22.6705644
564.0 22.71224736
566.0 22.74456712
568.0 22.79201848
570.0 22.87505
572.0 22.994598
574.0 23.14693392
576.0 23.37191824
578.0 23.72639896
580.0 24.244
582.0 24.9184848
584.0 25.75201024
586.0 26.71018328
588.0 27.73649032
590.0 28.78975
592.0 29.8701964
594.0 30.97453568
596.0 32.07427696
598.0 33.13405744
600.0 34.1297
602.0 35.05495136
604.0 35.89981296
606.0 36.67511936
608.0 37.40386056
610.0 38.1007
612.0 38.76008664
614.0 39.38083336
616.0 39.96370928
618.0 40.5085472
620.0 41.01625
622.0 41.48937584
624.0 41.92973048
626.0 42.34207912
628.0 42.73269176
630.0 43.10625
632.0 43.46415832
634.0 43.80825592
636.0 44.13981352
638.0 44.45941632
640.0 44.7678
642.0 45.06687064
644.0 45.35870152
646.0 45.6424232
648.0 45.91594568
650.0 46.17855
652.0 46.4317744
654.0 46.6763044
656.0 46.9159856
658.0 47.1563356
660.0 47.4012
662.0 47.65042832
664.0 47.9038868
666.0 48.16336448
668.0 48.43095136
670.0 48.70745
672.0 48.99242568
674.0 49.28611248
676.0 49.58339408
678.0 49.87649568
680.0 50.16
682.0 50.43273664
684.0 50.69176288
686.0 50.93908512
688.0 51.17930136
690.0 51.414
692.0 51.64162608
694.0 51.86420272
696.0 52.06796936
698.0 52.2319424
700.0 52.34405
702.0 52.40686704
704.0 52.41825336
706.0 52.39502928
708.0 52.3643648
710.0 52.34405
712.0 52.33214536
714.0 52.33065728
716.0 52.3366096
718.0 52.34256192
720.0 52.34405
722.0 52.34405
724.0 52.34405
726.0 52.34405
728.0 52.34405
730.0 52.34405
732.0 52.34405
734.0 52.34405
736.0 52.34405
738.0 52.34405
740.0 52.34405
742.0 52.34405
744.0 52.34405
746.0 52.34405
748.0 52.34405
750.0 52.34405
