380.0 10.29325
382.0 10.29607496
384.0 10.29939208
386.0 10.3027492
388.0 10.30134472
390.0 10.29325
392.0 10.28273888
394.0 10.2716208
396.0 10.26526432
398.0 10.27102984
400.0 10.29325
402.0 10.33280952
404.0 10.39316872
406.0 10.46481392
408.0 10.53202832
410.0 10.58585
412.0 10.62974
414.0 10.66403272
416.0 10.69857624
418.0 10.74900376
420.0 10.8262
422.0 10.92881064
424.0 11.05588264
426.0 11.21388664
428.0 11.41109904
430.0 11.65175
432.0 11.934736
434.0 12.26064224
436.0 12.61840008
438.0 12.99078792
440.0 13.36555
442.0 13.74228504
444.0 14.11910368
446.0 14.49132432
448.0 14.85434896
450.0 15.20475
452.0 15.54018664
454.0 15.85810072
456.0 16.1601308
458.0 16.45012248
460.0 16.73045
462.0 17.00042784
464.0 17.2607248
466.0 17.50965216
468.0 17.74428392
470.0 17.96355
472.0 18.16922272
474.0 18.36220496
476.0 18.5477468
478.0 18.73345584
480.0 18.92495
482.0 19.122246
484.0 19.324976
486.0 19.5384068
488.0 19.7695608
490.0 20.0222
492.0 20.29435144
494.0 20.5843264
496.0 20.88751016
498.0 21.19696392
500.0 21.5061
502.0 21.81304576
504.0 22.11743336
506.0 22.40384696
508.0 22.65063416
510.0 22.8437
512.0 22.98409784
514.0 23.07147656
516.0 23.10819368
518.0 23.1000176
520.0 23.0527
522.0 22.96741128
524.0 22.84485368
526.0 22.70030928
528.0 22.55543048
530.0 22.4257
532.0 22.3127564
534.0 22.21944208
536.0 22.15070616
538.0 22.11064504
540.0 22.10175
542.0 22.1252416
544.0 22.18197256
546.0 22.26771272
548.0 22.37535608
550.0 22.49885
552.0 22.64003368
554.0 22.80392312
556.0 22.97182536
558.0 23.1155672
560.0 23.2199
562.0 23.29325064
564.0 23.34083576
566.0 23.38081328
568.0 23.4406876
570.0 23.54385
572.0 23.69116992
574.0 23.87714648
576.0 24.15190624
578.0 24.5875124
580.0 25.2263
582.0 26.0598756
584.0 27.09111504
586.0 28.27417208
588.0 29.53414112
590.0 30.81705
592.0 32.12341704
594.0 33.44825968
596.0 34.75972632
598.0 36.01977896
600.0 37.202
602.0 38.29789568
604.0 39.29552792
606.0 40.20579816
608.0 41.0528668
610.0 41.85225
612.0 42.59792856
614.0 43.28863176
616.0 43.92633256
618.0 44.51261936
620.0 45.04995
622.0 45.54155144
624.0 45.98991496
626.0 46.40191248
628.0 46.7864892
630.0 47.1504
632.0 47.4958352
634.0 47.82553688
636.0 48.14169536
638.0 48.44564824
640.0 48.7388
642.0 49.02375896
644.0 49.30323376
646.0 49.57652216
648.0 49.84145056
650.0 50.0973
652.0 50.34577592
654.0 50.58749696
656.0 50.82671
658.0 51.06951784
660.0 51.31995
662.0 51.57772224
664.0 51.8429516
666.0 52.11545416
668.0 52.39431032
670.0 52.67845
672.0 52.96760568
674.0 53.26161016
676.0 53.55678504
678.0 53.84786352
680.0 54.131
682.0 54.40463952
684.0 54.66590624
686.0 54.91622136
688.0 55.15909608
690.0 55.39545
692.0 55.62396224
694.0 55.84668936
696.0 56.05010488
698.0 56.2136432
700.0 56.3255
702.0 56.38818328
704.0 56.39955288
706.0 56.37639568
708.0 56.34579808
710.0 56.3255
712.0 56.31359536
714.0 56.31210728
716.0 56.3180596
718.0 56.32401192
720.0 56.3255
722.0 56.3255
724.0 56.3255
726.0 56.3255
728.0 56.3255
730.0 56.3255
732.0 56.3255
734.0 56.3255
736.0 56.3255
738.0 56.3255
740.0 56.3255
742.0 56.3255
744.0 56.3255
746.0 56.3255
748.0 56.3255
750.0 56.3255
