380.0 9.38666
382.0 9.38686676508
384.0 9.38716214376
386.0 9.38618739411
388.0 9.38636462132
390.0 9.38666
392.0 9.389232256
394.0 9.3907756096
396.0 9.379441088
398.0 9.3592447296
400.0 9.38666
402.0 9.4881894336
404.0 9.6367662592
406.0 9.7764314624
408.0 9.9023060544
410.0 10.019352
412.0 10.1293283904
414.0 10.2309408
416.0 10.3245543232
418.0 10.4130897152
420.0 10.52758
422.0 10.6849190912
424.0 10.8673501248
426.0 11.0339161472
428.0 11.1851482048
430.0 11.367712
432.0 11.6033472448
434.0 11.8706461312
436.0 12.1267598528
438.0 12.3698297472
440.0 12.622724
442.0 12.8942380672
444.0 13.1765722048
446.0 13.4583089152
448.0 13.7373240128
450.0 14.0022
452.0 14.2463817728
454.0 14.4769222912
456.0 14.710980992
458.0 14.948790208
460.0 15.174236
462.0 15.379850528
464.0 15.5736990592
466.0 15.7717627712
468.0 15.97453952
470.0 16.169948
472.0 16.35373984
474.0 16.5294996032
476.0 16.7016748032
478.0 16.872422816
480.0 17.06194
482.0 17.280830688
484.0 17.5173288832
486.0 17.7448822656
488.0 17.9628602176
490.0 18.192488
492.0 18.4426274496
494.0 18.7050141568
496.0 18.9652766784
498.0 19.221556352
500.0 19.468244
502.0 19.69974704
504.0 19.9228860992
506.0 20.1573928704
508.0 20.4002138368
510.0 20.598792
512.0 20.7263095168
514.0 20.8102480384
516.0 20.9108149504
518.0 21.0285081088
520.0 21.10702
522.0 21.1220220608
524.0 21.0973781888
526.0 21.0770490688
528.0 21.0655154048
530.0 21.065532
532.0 21.0826914368
534.0 21.10950928
536.0 21.1214744192
538.0 21.1216735616
540.0 21.169252
542.0 21.2922722176
544.0 21.4620411136
546.0 21.6191644672
548.0 21.759958144
550.0 21.905664
552.0 22.062239712
554.0 22.225619456
556.0 22.3963176832
558.0 22.5704511168
560.0 22.704308
562.0 22.7814590848
564.0 22.8173379072
566.0 22.8371857664
568.0 22.8518891136
570.0 22.953236
572.0 23.1998904576
574.0 23.5263180416
576.0 23.7687573184
578.0 23.9408827328
580.0 24.353456
582.0 25.1536599488
584.0 26.1958716992
586.0 27.1802325824
588.0 28.0897491136
590.0 29.0416
592.0 30.0749499136
594.0 31.1576705472
596.0 32.2605211584
598.0 33.3693294464
600.0 34.362436
602.0 35.1743063744
604.0 35.8736944832
606.0 36.6192836288
608.0 37.4123682368
610.0 38.106728
612.0 38.6349366208
614.0 39.0637233984
616.0 39.5242733888
618.0 40.0211004864
620.0 40.471544
622.0 40.8397417024
624.0 41.1589337792
626.0 41.4886472128
628.0 41.8318359488
630.0 42.16218
632.0 42.4690916288
634.0 42.7621628608
636.0 43.0562629952
638.0 43.3524209344
640.0 43.645376
642.0 43.9320082944
644.0 44.2163670464
646.0 44.5073804736
648.0 44.8033226752
650.0 45.076712
652.0 45.3147037632
654.0 45.5292796992
656.0 45.7450172992
658.0 45.9640739392
660.0 46.186516
662.0 46.4134719552
664.0 46.6432822848
666.0 46.8697569792
668.0 47.0927632768
670.0 47.317064
672.0 47.5451484288
674.0 47.7744609024
676.0 47.9994918144
678.0 48.2207390208
680.0 48.447612
682.0 48.6831642688
684.0 48.9256699264
686.0 49.173983904
688.0 49.4254177792
690.0 49.650764
692.0 49.8324150592
694.0 49.989472032
696.0 50.1683350976
698.0 50.3658179776
700.0 50.501268
702.0 50.5373293696
704.0 50.5107936448
706.0 50.4958247744
708.0 50.497865984
710.0 50.501268
712.0 50.501268
714.0 50.501268
716.0 50.501268
718.0 50.501268
720.0 50.501268
722.0 50.501268
724.0 50.501268
726.0 50.501268
728.0 50.501268
730.0 50.501268
732.0 50.501268
734.0 50.501268
736.0 50.501268
738.0 50.501268
740.0 50.501268
742.0 50.501268
744.0 50.501268
746.0 50.501268
748.0 50.501268
750.0 50.501268
