380.0 11.782592
382.0 11.7827320667
384.0 11.7829321619
386.0 11.7822718476
388.0 11.7823919048
390.0 11.782592
392.0 11.784334496
394.0 11.7853799936
396.0 11.777696416
398.0 11.7639721856
400.0 11.782592
402.0 11.8514288896
404.0 11.9520455872
406.0 12.0465884416
408.0 12.1316056512
410.0 12.207844
412.0 12.2769796032
414.0 12.33770144
416.0 12.3864249472
418.0 12.428062304
420.0 12.519004
422.0 12.689270752
424.0 12.9068172288
426.0 13.09900624
428.0 13.2661033088
430.0 13.4836
432.0 13.7857819968
434.0 14.140023136
436.0 14.482879968
438.0 14.8103696448
440.0 15.14312
442.0 15.4873708288
444.0 15.8378116672
446.0 16.19152176
448.0 16.545746304
450.0 16.875244
452.0 17.166572736
454.0 17.4337720512
456.0 17.7089536576
458.0 17.9924826496
460.0 18.25472
462.0 18.4822070016
464.0 18.688767456
466.0 18.9012358016
468.0 19.120906464
470.0 19.333408
472.0 19.53338016
474.0 19.7254861952
476.0 19.9160820672
478.0 20.106661344
480.0 20.308376
482.0 20.527183712
484.0 20.7560979008
486.0 20.979153984
488.0 21.1959536768
490.0 21.41818
492.0 21.6499153728
494.0 21.8884713728
496.0 22.1311595776
498.0 22.37572304
500.0 22.600588
502.0 22.791681728
504.0 22.9638735232
506.0 23.1549174656
508.0 23.3608638976
510.0 23.502952
512.0 23.5420005056
514.0 23.5177549184
516.0 23.5154481856
518.0 23.5366734464
520.0 23.513324
522.0 23.4171050304
524.0 23.27435312
526.0 23.1306552832
528.0 22.9922513152
530.0 22.880632
532.0 22.8111147072
534.0 22.7661583104
536.0 22.6987154176
538.0 22.611540832
540.0 22.579844
542.0 22.638922912
544.0 22.7545748608
546.0 22.8571829824
548.0 22.9427312384
550.0 23.036212
552.0 23.1446948224
554.0 23.2633007168
556.0 23.3922454208
558.0 23.5268822784
560.0 23.617044
562.0 23.6440443904
564.0 23.62451184
566.0 23.584932288
568.0 23.5380840384
570.0 23.5963
572.0 23.8308233664
574.0 24.1624120576
576.0 24.3937491456
578.0 24.5409319744
580.0 24.975776
582.0 25.8748541504
584.0 27.0623900672
586.0 28.1757288448
588.0 29.1955868608
590.0 30.275868
592.0 31.4704568768
594.0 32.7353264256
596.0 34.0229313984
598.0 35.31624512
600.0 36.478324
602.0 37.434539424
604.0 38.2635360448
606.0 39.1484584896
608.0 40.0903688512
610.0 40.91754
612.0 41.5500826432
614.0 42.0664920768
616.0 42.6224644672
618.0 43.2225137088
620.0 43.759468
622.0 44.1856161408
624.0 44.5467774784
626.0 44.928350912
628.0 45.3332903872
630.0 45.709404
632.0 46.0337737792
634.0 46.327492224
636.0 46.62877808
638.0 46.9389589632
640.0 47.234088
642.0 47.5028638592
644.0 47.7571521088
646.0 48.020368576
648.0 48.291949024
650.0 48.54096
652.0 48.753627488
654.0 48.9432608384
656.0 49.1354664448
658.0 49.3327667776
660.0 49.536672
662.0 49.7489743936
664.0 49.9673506304
666.0 50.1841835136
668.0 50.3990747584
670.0 50.61536
672.0 50.8334541184
674.0 51.0534400896
676.0 51.2776910272
678.0 51.5045142208
680.0 51.714792
682.0 51.8988991488
684.0 52.0659298368
686.0 52.2359144704
688.0 52.4096496192
690.0 52.575668
692.0 52.7262860352
694.0 52.8707472512
696.0 53.0314385728
698.0 53.2043439616
700.0 53.322452
702.0 53.3541156416
704.0 53.3308159808
706.0 53.3176725824
708.0 53.319464864
710.0 53.322452
712.0 53.322452
714.0 53.322452
716.0 53.322452
718.0 53.322452
720.0 53.322452
722.0 53.322452
724.0 53.322452
726.0 53.322452
728.0 53.322452
730.0 53.322452
732.0 53.322452
734.0 53.322452
736.0 53.322452
738.0 53.322452
740.0 53.322452
742.0 53.322452
744.0 53.322452
746.0 53.322452
748.0 53.322452
750.0 53.322452
