380.0 13.670296
382.0 13.6704360667
384.0 13.6706361619
386.0 13.6699758476
388.0 13.6700959048
390.0 13.670296
392.0 13.672038496
394.0 13.6730839936
396.0 13.6654170112
398.0 13.6518255424
400.0 13.670296
402.0 13.7385354624
404.0 13.8390028032
406.0 13.9356200576
408.0 14.024935424
410.0 14.10592
412.0 14.179602688
414.0 14.24448992
416.0 14.2962503488
418.0 14.3400948672
420.0 14.437824
422.0 14.6225451712
424.0 14.8589272
426.0 15.066616128
428.0 15.2462757632
430.0 15.485396
432.0 15.8237057472
434.0 16.2232683776
436.0 16.6101688704
438.0 16.9794950464
440.0 17.352356
442.0 17.7345766464
444.0 18.1215601152
446.0 18.513356192
448.0 18.9070441216
450.0 19.271176
452.0 19.5894387456
454.0 19.8794398656
456.0 20.1804933888
458.0 20.4933626944
460.0 20.785488
462.0 21.0421659584
464.0 21.2776352512
466.0 21.5191286016
468.0 21.767840864
470.0 22.009384
472.0 22.23839776
474.0 22.4595453952
476.0 22.6791994624
478.0 22.8989531008
480.0 23.12956
482.0 23.3769778368
484.0 23.63488384
486.0 23.8883257344
488.0 24.1371707584
490.0 24.394944
492.0 24.6663087104
494.0 24.9473650176
496.0 25.2333500992
498.0 25.5212436288
500.0 25.784792
502.0 26.0066532288
504.0 26.205397344
506.0 26.4284036416
508.0 26.6706603712
510.0 26.832364
512.0 26.8639944512
514.0 26.8157356096
516.0 26.7950082048
518.0 26.804069184
520.0 26.75976
522.0 26.627745184
524.0 26.4398709248
526.0 26.2506690496
528.0 26.0678397312
530.0 25.919628
532.0 25.8255498112
534.0 25.7634339776
536.0 25.674516896
538.0 25.5618188928
540.0 25.51512
542.0 25.5764226688
544.0 25.7049524928
546.0 25.8180487808
548.0 25.9108989248
550.0 26.012976
552.0 26.1327767488
554.0 26.2643268992
556.0 26.4071783808
558.0 26.5561534912
560.0 26.65604
562.0 26.6862598592
564.0 26.6651341696
566.0 26.6219036736
568.0 26.5706742912
570.0 26.635296
572.0 26.8941977152
574.0 27.2602546368
576.0 27.5166172864
578.0 27.6808433856
580.0 28.15998
582.0 29.1466144256
584.0 30.4493210304
586.0 31.6743952896
588.0 32.7995332544
590.0 33.978672
592.0 35.2628417664
594.0 36.6114009088
596.0 37.989897792
598.0 39.3791815552
600.0 40.60638
602.0 41.5788753152
604.0 42.3943634432
606.0 43.2770953216
608.0 44.2289296128
610.0 45.045596
612.0 45.6330494848
614.0 46.0825138816
616.0 46.572852256
618.0 47.1105699264
620.0 47.586736
622.0 47.9541869184
624.0 48.2582939584
626.0 48.5803570048
628.0 48.924060192
630.0 49.246256
632.0 49.528540352
634.0 49.7881556608
636.0 50.0548903104
638.0 50.3297068224
640.0 50.594616
642.0 50.8405900544
644.0 51.0759929664
646.0 51.3181833152
648.0 51.5657339136
650.0 51.787396
652.0 51.9690802496
654.0 52.1245108928
656.0 52.2807215104
658.0 52.440500096
660.0 52.606784
662.0 52.78186336
664.0 52.9629833728
666.0 53.1418630336
668.0 53.3175730112
670.0 53.488404
672.0 53.6539577152
674.0 53.81449968
676.0 53.9702124416
678.0 54.1225563776
680.0 54.287048
682.0 54.4693960576
684.0 54.6645556096
686.0 54.8646605312
688.0 55.065694784
690.0 55.2309
692.0 55.34042832
694.0 55.415853504
696.0 55.5067786048
698.0 55.6134359552
700.0 55.687268
702.0 55.7066180032
704.0 55.6923793216
706.0 55.6843472448
708.0 55.685442528
710.0 55.687268
712.0 55.687268
714.0 55.687268
716.0 55.687268
718.0 55.687268
720.0 55.687268
722.0 55.687268
724.0 55.687268
726.0 55.687268
728.0 55.687268
730.0 55.687268
732.0 55.687268
734.0 55.687268
736.0 55.687268
738.0 55.687268
740.0 55.687268
742.0 55.687268
744.0 55.687268
746.0 55.687268
748.0 55.687268
750.0 55.687268
