380.0 7.3840004192
382.0 7.73501190148
384.0 8.04910520752
386.0 8.28852898236
388.0 8.44816039244
390.0 8.5703187568
392.0 8.67653735845
394.0 8.77390549333
396.0 8.87638941131
398.0 8.98724130554
400.0 9.0766672152
402.0 9.13138229888
404.0 9.16128383551
406.0 9.18448747646
408.0 9.20390475707
410.0 9.2298124488
412.0 9.26960417833
414.0 9.31911069622
416.0 9.36481732676
418.0 9.41041722983
420.0 9.4743012052
422.0 9.56711773297
424.0 9.69093269355
426.0 9.84613127616
428.0 10.0346869899
430.0 10.262813484
432.0 10.5316581149
434.0 10.834698132
436.0 11.1607195524
438.0 11.5033523251
440.0 11.851508708
442.0 12.1970405135
444.0 12.531823173
446.0 12.8456440431
448.0 13.1363563776
450.0 13.409981848
452.0 13.6696652958
454.0 13.9201893374
456.0 14.1715921623
458.0 14.4251990045
460.0 14.670255756
462.0 14.9015072116
464.0 15.1239085206
466.0 15.3473826104
468.0 15.5711076487
470.0 15.78596186
472.0 15.988387854
474.0 16.1769568355
476.0 16.3476083808
478.0 16.5029389202
480.0 16.663102576
482.0 16.8394095346
484.0 17.0305578353
486.0 17.2303897041
488.0 17.4401787382
490.0 17.66516324
492.0 17.9068610165
494.0 18.1608822963
496.0 18.4194414066
498.0 18.67932375
500.0 18.938962556
502.0 19.19503003
504.0 19.4423183298
506.0 19.6750292169
508.0 19.8880997071
510.0 20.072235684
512.0 20.2209642396
514.0 20.3312531376
516.0 20.4016667477
518.0 20.4312060467
520.0 20.414372484
522.0 20.3516971359
524.0 20.2499387848
526.0 20.1185025513
528.0 19.9669351326
530.0 19.822865976
532.0 19.7035254109
534.0 19.6148805751
536.0 19.560180992
538.0 19.5434581616
540.0 19.555128924
542.0 19.590040387
544.0 19.6537804008
546.0 19.7575425451
548.0 19.8975841393
550.0 20.063682264
552.0 20.2485291012
554.0 20.4390147049
556.0 20.6124553014
558.0 20.7624013999
560.0 20.910891012
562.0 21.0644820238
564.0 21.2047765512
566.0 21.3037462032
568.0 21.3643052652
570.0 21.33433032
572.0 21.2042820815
574.0 21.0482169924
576.0 20.9937511508
578.0 21.0785337863
580.0 21.391213064
582.0 21.976609673
584.0 22.8134421602
586.0 23.8406091027
588.0 25.0285854152
590.0 26.291142252
592.0 27.5684539964
594.0 28.815779079
596.0 29.9801992208
598.0 31.0419801313
600.0 32.028196156
602.0 32.9518533752
604.0 33.8181226083
606.0 34.642483885
608.0 35.4296063361
610.0 36.184247912
612.0 36.9094765275
614.0 37.5996757928
616.0 38.2408715285
618.0 38.8337917058
620.0 39.381866448
622.0 39.8878570833
624.0 40.3600270438
626.0 40.8137736859
628.0 41.2529072691
630.0 41.669191012
632.0 42.0600255873
634.0 42.4331563479
636.0 42.8012348965
638.0 43.1655874593
640.0 43.520861384
642.0 43.8639529337
644.0 44.1958421804
646.0 44.51927555
648.0 44.8343034308
650.0 45.119250484
652.0 45.3647205528
654.0 45.5919312567
656.0 45.8430176351
658.0 46.1209913561
660.0 46.402693656
662.0 46.677646089
664.0 46.9505210353
666.0 47.2286945963
668.0 47.5115536627
670.0 47.79390992
672.0 48.0729622163
674.0 48.3525338722
676.0 48.6410644703
678.0 48.9379121859
680.0 49.228453508
682.0 49.504921459
684.0 49.7741256416
686.0 50.0513821318
688.0 50.3352731148
690.0 50.608595344
692.0 50.862439417
694.0 51.1004030124
696.0 51.3311611187
698.0 51.5536920475
700.0 51.76049592
702.0 51.9481817003
704.0 52.1194354704
706.0 52.2795632399
708.0 52.4289626718
710.0 52.567938768
712.0 52.6967921607
714.0 52.8151002491
716.0 52.9214432332
718.0 53.0150261394
720.0 53.09783064
722.0 53.169962089
724.0 53.2270595429
726.0 53.2620695093
728.0 53.2755025604
730.0 53.258484876
732.0 53.2080638356
734.0 53.1422473276
736.0 53.0959567708
738.0 53.0721746697
740.0 53.053192792
742.0 53.0313302585
744.0 53.0057984819
746.0 52.9725654179
748.0 52.9318195261
750.0 52.894939516
752.0 52.868644026
754.0 52.8509861497
756.0 52.8358647275
758.0 52.8256799833
760.0 52.83217442
762.0 52.8608029868
764.0 52.9111877727
766.0 52.9821236077
768.0 53.0712716687
770.0 53.167928668
772.0 53.2656370059
774.0 53.359598957
776.0 53.4430417995
778.0 53.5162408976
780.0 53.58402504
