380.0 16.7409
382.0 16.74162928
384.0 16.74251616
386.0 16.74347064
388.0 16.74311952
390.0 16.7409
392.0 16.73830944
394.0 16.73639304
396.0 16.73578224
398.0 16.73709424
400.0 16.7409
402.0 16.74877512
404.0 16.76333824
406.0 16.78183056
408.0 16.79931968
410.0 16.81405
412.0 16.82873016
414.0 16.84411256
416.0 16.87053016
418.0 16.92319816
420.0 17.0126
422.0 17.13756528
424.0 17.29680656
426.0 17.49584144
428.0 17.74160872
430.0 18.0367
432.0 18.37946
434.0 18.77090864
436.0 19.19337288
438.0 19.62001712
440.0 20.03265
442.0 20.43127152
444.0 20.81270488
446.0 21.17741824
448.0 21.5296752
450.0 21.87185
452.0 22.2006488
454.0 22.51393144
456.0 22.81291848
458.0 23.09995072
460.0 23.37665
462.0 23.6430832
464.0 23.89996928
466.0 24.14707416
468.0 24.38364544
470.0 24.60975
472.0 24.82647464
474.0 25.03432096
476.0 25.23681688
478.0 25.4389784
480.0 25.6443
482.0 25.85216304
484.0 26.06144728
486.0 26.27524592
488.0 26.49790616
490.0 26.7311
492.0 26.97191816
494.0 27.21758512
496.0 27.46275048
498.0 27.70005744
500.0 27.9224
502.0 28.12728688
504.0 28.31413288
506.0 28.46620128
508.0 28.56008408
510.0 28.58075
512.0 28.53104144
514.0 28.41361688
516.0 28.22814192
518.0 27.97570336
520.0 27.66115
522.0 27.28926376
524.0 26.86195072
526.0 26.40964128
528.0 25.97605824
530.0 25.59205
532.0 25.25825192
534.0 24.97648648
536.0 24.75959464
538.0 24.6212868
540.0 24.56795
542.0 24.59806272
544.0 24.71202624
546.0 24.88618176
548.0 25.08416328
550.0 25.27855
552.0 25.47310392
554.0 25.67678696
556.0 25.848284
558.0 25.92807184
560.0 25.88465
562.0 25.7330832
564.0 25.4795244
566.0 25.1763908
568.0 24.904022
570.0 24.7247
572.0 24.63849168
574.0 24.6384248
576.0 24.80990512
578.0 25.27181184
580.0 26.09365
582.0 27.2630468
584.0 28.78516872
586.0 30.57949224
588.0 32.51484896
590.0 34.49545
592.0 36.52117832
594.0 38.58435944
596.0 40.61769536
598.0 42.53750248
600.0 44.2871
602.0 45.8536804
604.0 47.21624336
606.0 48.40057112
608.0 49.46041848
610.0 50.4317
612.0 51.30371488
614.0 52.07412232
616.0 52.75666616
618.0 53.36815
620.0 53.922
622.0 54.4242688
624.0 54.88136016
626.0 55.30083152
628.0 55.68970528
630.0 56.0538
632.0 56.39794776
634.0 56.72679672
636.0 57.04109928
638.0 57.33943424
640.0 57.6213
642.0 57.8898232
644.0 58.14804688
646.0 58.39381416
648.0 58.62294504
650.0 58.8335
652.0 59.02723464
654.0 59.20448336
656.0 59.37078048
658.0 59.5344024
660.0 59.70085
662.0 59.8700564
664.0 60.04300808
666.0 60.21863496
668.0 60.39426184
670.0 60.5682
672.0 60.74095104
674.0 60.91209696
676.0 61.08240688
678.0 61.253302
680.0 61.4251
682.0 61.5966472
684.0 61.76742528
686.0 61.93343816
688.0 62.08891744
690.0 62.22975
692.0 62.35616992
694.0 62.46864536
696.0 62.5640664
698.0 62.63833664
700.0 62.68955
702.0 62.71824152
704.0 62.7235752
706.0 62.71327568
708.0 62.69929776
710.0 62.68955
712.0 62.68366456
714.0 62.68292888
716.0 62.6858716
718.0 62.68881432
720.0 62.68955
722.0 62.68955
724.0 62.68955
726.0 62.68955
728.0 62.68955
730.0 62.68955
732.0 62.68955
734.0 62.68955
736.0 62.68955
738.0 62.68955
740.0 62.68955
742.0 62.68955
744.0 62.68955
746.0 62.68955
748.0 62.68955
750.0 62.68955
