380.0 17.2843
382.0 17.28873616
384.0 17.29380736
386.0 17.29868296
388.0 17.29642576
390.0 17.2843
392.0 17.26842328
394.0 17.25139696
396.0 17.24150344
398.0 17.25016912
400.0 17.2843
402.0 17.34512736
404.0 17.43740504
406.0 17.54874352
408.0 17.65841
410.0 17.75455
412.0 17.84136024
414.0 17.91842272
416.0 17.9996652
418.0 18.10732528
420.0 18.25615
422.0 18.44279536
424.0 18.6647868
426.0 18.92724064
428.0 19.23634328
430.0 19.59375
432.0 19.99773864
434.0 20.44993104
436.0 20.92820664
438.0 21.39912544
440.0 21.8405
442.0 22.253066
444.0 22.63339584
446.0 22.98513448
448.0 23.31789592
450.0 23.6379
452.0 23.9416188
454.0 24.22701248
456.0 24.49794336
458.0 24.76009624
460.0 25.0173
462.0 25.26997264
464.0 25.51953536
466.0 25.76450008
468.0 26.00169
470.0 26.2295
472.0 26.449786
474.0 26.66395248
476.0 26.87335376
478.0 27.07974544
480.0 27.28495
482.0 27.48925168
484.0 27.69179776
486.0 27.89902544
488.0 28.12038152
490.0 28.3613
492.0 28.6189552
494.0 28.89068864
496.0 29.17420968
498.0 29.46609072
500.0 29.7616
502.0 30.05806232
504.0 30.35505968
506.0 30.63366504
508.0 30.866792
510.0 31.0365
512.0 31.14477872
514.0 31.19278184
516.0 31.17841936
518.0 31.10102248
520.0 30.96335
522.0 30.76846168
524.0 30.51731056
526.0 30.23472584
528.0 29.95682272
530.0 29.70935
532.0 29.492826
534.0 29.30852144
536.0 29.16969528
538.0 29.09164632
540.0 29.08235
542.0 29.14068608
544.0 29.26767448
546.0 29.44340168
548.0 29.63668488
550.0 29.8243
552.0 30.00995888
554.0 30.20123568
556.0 30.36492448
558.0 30.45320608
560.0 30.44085
562.0 30.33991136
564.0 30.15508848
566.0 29.9294688
568.0 29.72909632
570.0 29.60485
572.0 29.556362
574.0 29.5777636
576.0 29.736938
578.0 30.1282696
580.0 30.8066
582.0 31.76213128
584.0 32.9996788
586.0 34.45149312
588.0 36.00764024
590.0 37.58865
592.0 39.19534168
594.0 40.82164592
596.0 42.41718536
598.0 43.920514
600.0 45.2903
602.0 46.51611008
604.0 47.58099016
606.0 48.50901704
608.0 49.34775912
610.0 50.12865
612.0 50.84312904
614.0 51.49019304
616.0 52.07689784
618.0 52.61018224
620.0 53.09645
622.0 53.54100136
624.0 53.94853464
626.0 54.32505232
628.0 54.6768244
630.0 55.0088
632.0 55.32418936
634.0 55.62636992
636.0 55.91567608
638.0 56.19068664
640.0 56.4509
642.0 56.69865696
644.0 56.93593048
646.0 57.1624196
648.0 57.37703752
650.0 57.5795
652.0 57.77101088
654.0 57.952356
656.0 58.12550832
658.0 58.29314304
660.0 58.4573
662.0 58.61846408
664.0 58.77717032
666.0 58.93470616
668.0 59.0924928
670.0 59.2515
672.0 59.41152712
674.0 59.57190536
676.0 59.7337048
678.0 59.89851384
680.0 60.0666
682.0 60.23704368
684.0 60.4099452
686.0 60.57900112
688.0 60.73484824
690.0 60.87125
692.0 60.98877488
694.0 61.08737272
696.0 61.16657536
698.0 61.2266336
700.0 61.26835
702.0 61.29172456
704.0 61.29615536
706.0 61.28796256
708.0 61.27659296
710.0 61.26835
712.0 61.26326712
714.0 61.26263176
716.0 61.2651732
718.0 61.26771464
720.0 61.26835
722.0 61.26835
724.0 61.26835
726.0 61.26835
728.0 61.26835
730.0 61.26835
732.0 61.26835
734.0 61.26835
736.0 61.26835
738.0 61.26835
740.0 61.26835
742.0 61.26835
744.0 61.26835
746.0 61.26835
748.0 61.26835
750.0 61.26835
