380.0 14.003
382.0 14.00680864
384.0 14.01124736
386.0 14.01567728
388.0 14.0137712
390.0 14.003
392.0 13.98898336
394.0 13.97410608
396.0 13.9655648
398.0 13.97324192
400.0 14.003
402.0 14.0560024
404.0 14.13676
406.0 14.2330672
408.0 14.3246928
410.0 14.4001
412.0 14.46356912
414.0 14.5151336
416.0 14.56803568
418.0 14.64334256
420.0 14.7554
422.0 14.9016164
424.0 15.07991848
426.0 15.29767976
428.0 15.56434704
430.0 15.884
432.0 16.25494992
434.0 16.67866816
436.0 17.1354084
438.0 17.59490744
440.0 18.0367
442.0 18.4612208
444.0 18.8654268
446.0 19.249318
448.0 19.61674
450.0 19.96995
452.0 20.3056876
454.0 20.6216956
456.0 20.9207328
458.0 21.2074808
460.0 21.4852
462.0 21.75402416
464.0 22.0149732
466.0 22.26814744
468.0 22.51296168
470.0 22.74965
472.0 22.98003488
474.0 23.20572144
476.0 23.4289
478.0 23.65224576
480.0 23.87825
482.0 24.10726384
484.0 24.3383008
486.0 24.57836656
488.0 24.83766032
490.0 25.1218
492.0 25.42799336
494.0 25.75436776
496.0 26.09495416
498.0 26.44064016
500.0 26.78335
502.0 27.12107728
504.0 27.45286896
506.0 27.76367704
508.0 28.03276872
510.0 28.24635
512.0 28.40537392
514.0 28.51039224
516.0 28.56015096
518.0 28.55481728
520.0 28.49715
522.0 28.38948992
524.0 28.23235536
526.0 28.0467132
528.0 27.86307744
530.0 27.70295
532.0 27.5671
534.0 27.4578348
536.0 27.3825112
538.0 27.348068
540.0 27.3581
542.0 27.41325928
544.0 27.5147664
546.0 27.65146912
548.0 27.80572784
550.0 27.9642
552.0 28.1296444
554.0 28.30797992
556.0 28.47628344
558.0 28.60094776
560.0 28.66435
562.0 28.67590352
564.0 28.64005584
566.0 28.58598336
568.0 28.55807768
570.0 28.5912
572.0 28.68468152
574.0 28.83201816
576.0 29.087784
578.0 29.52922544
580.0 30.2005
582.0 31.09227792
584.0 32.2086556
586.0 33.48880568
588.0 34.83499976
590.0 36.1779
592.0 37.51902792
594.0 38.85241448
596.0 40.14483704
598.0 41.3587592
600.0 42.4688
602.0 43.4656464
604.0 44.33629024
606.0 45.09984248
608.0 45.79291992
610.0 46.4398
612.0 47.03473104
614.0 47.57774648
616.0 48.07336072
618.0 48.52525216
620.0 48.93735
622.0 49.31416864
624.0 49.65950352
626.0 49.9783372
628.0 50.27610368
630.0 50.5571
632.0 50.8238676
634.0 51.0790984
636.0 51.3236284
638.0 51.5571232
640.0 51.77975
642.0 51.99348176
644.0 52.2000908
646.0 52.39934304
648.0 52.59023528
650.0 52.7725
652.0 52.94717384
654.0 53.11479184
656.0 53.27739384
658.0 53.43782224
660.0 53.59805
662.0 53.75826104
664.0 53.91885664
666.0 54.07995384
668.0 54.24130184
670.0 54.4027
672.0 54.56401456
674.0 54.72467704
676.0 54.88508872
678.0 55.046002
680.0 55.20735
682.0 55.36816296
684.0 55.52797272
686.0 55.68310088
688.0 55.82828064
690.0 55.95975
692.0 56.07769288
694.0 56.18252728
696.0 56.27139408
698.0 56.34053128
700.0 56.3882
702.0 56.41490184
704.0 56.41986768
706.0 56.41028712
708.0 56.39727896
710.0 56.3882
712.0 56.38271584
714.0 56.38203032
716.0 56.3847724
718.0 56.38751448
720.0 56.3882
722.0 56.3882
724.0 56.3882
726.0 56.3882
728.0 56.3882
730.0 56.3882
732.0 56.3882
734.0 56.3882
736.0 56.3882
738.0 56.3882
740.0 56.3882
742.0 56.3882
744.0 56.3882
746.0 56.3882
748.0 56.3882
750.0 56.3882
