380.0 15.475024
382.0 15.4752841238
384.0 15.4756557292
386.0 15.4744294313
388.0 15.4746523946
390.0 15.475024
392.0 15.478260064
394.0 15.4802017024
396.0 15.4659464256
398.0 15.4405723648
400.0 15.475024
402.0 15.6021266368
404.0 15.7887230656
406.0 15.9670550848
408.0 16.1302522816
410.0 16.273668
412.0 16.3944478656
414.0 16.4959772992
416.0 16.5889933952
418.0 16.6781428096
420.0 16.80264
422.0 16.9844072256
424.0 17.2001614208
426.0 17.3950554496
428.0 17.5699854528
430.0 17.78798
432.0 18.0777155968
434.0 18.4119761152
436.0 18.7375075584
438.0 19.0505926016
440.0 19.364524
442.0 19.6823718656
444.0 20.0018294656
446.0 20.3254026752
448.0 20.650734976
450.0 20.95144
452.0 21.214142016
454.0 21.4525486592
456.0 21.6968465984
458.0 21.9479651648
460.0 22.185708
462.0 22.4010971008
464.0 22.602745376
466.0 22.8066505984
468.0 23.0133438144
470.0 23.212536
472.0 23.4006757824
474.0 23.5807171072
476.0 23.7560785856
478.0 23.92861888
480.0 24.1149
482.0 24.324165472
484.0 24.5466075328
486.0 24.7591754496
488.0 24.9622675072
490.0 25.183216
492.0 25.4338201152
494.0 25.7028449024
496.0 25.9694633856
498.0 26.231119904
500.0 26.479716
502.0 26.70541072
504.0 26.9212644864
506.0 27.1653798784
508.0 27.430455008
510.0 27.599892
512.0 27.614495776
514.0 27.534092032
516.0 27.4895505152
518.0 27.4826303168
520.0 27.402824
522.0 27.2039969088
524.0 26.9292301824
526.0 26.6539158144
528.0 26.3885087808
530.0 26.168556
532.0 26.0192655808
534.0 25.9125418496
536.0 25.7726277184
538.0 25.603738368
540.0 25.525492
542.0 25.592951488
544.0 25.7520496704
546.0 25.8946356288
548.0 26.0126109056
550.0 26.127068
552.0 26.2388864576
554.0 26.351269152
556.0 26.4900714048
558.0 26.6470619968
560.0 26.7079
562.0 26.6264009728
564.0 26.4453971264
566.0 26.2406787392
568.0 26.033885952
570.0 25.98186
572.0 26.187806432
574.0 26.5367371072
576.0 26.7362943872
578.0 26.811868928
580.0 27.33022
582.0 28.56075408
584.0 30.2343965952
586.0 31.7952083456
588.0 33.2133511616
590.0 34.725456
592.0 36.4117440576
594.0 38.2070625792
596.0 40.0480510912
598.0 41.9041744256
600.0 43.51054
602.0 44.7251924736
604.0 45.696791648
606.0 46.767348
608.0 47.9406784256
610.0 48.914352
612.0 49.5509106816
614.0 49.9847258048
616.0 50.4757279872
618.0 51.0355670592
620.0 51.528096
622.0 51.8960281792
624.0 52.1926673792
626.0 52.5083578688
628.0 52.8473812096
630.0 53.166872
632.0 53.4482934016
634.0 53.7083567808
636.0 53.9759377856
638.0 54.2509368448
640.0 54.50486
642.0 54.7238170688
644.0 54.921731424
646.0 55.1274787136
648.0 55.3410257472
650.0 55.531688
652.0 55.6859569792
654.0 55.81754032
656.0 55.9524095104
658.0 56.0929210688
660.0 56.236984
662.0 56.3844157568
664.0 56.5349674112
666.0 56.6857845888
668.0 56.8363362432
670.0 56.983768
672.0 57.1261714112
674.0 57.2656872576
676.0 57.4078417408
678.0 57.552236576
680.0 57.689064
682.0 57.813196096
684.0 57.9299267328
686.0 58.0509555264
688.0 58.1759173824
690.0 58.29064
692.0 58.3869253504
694.0 58.47277232
696.0 58.5670828416
698.0 58.6679982528
700.0 58.736636
702.0 58.7549571008
704.0 58.7414983936
706.0 58.7338480064
708.0 58.734893504
710.0 58.736636
712.0 58.736636
714.0 58.736636
716.0 58.736636
718.0 58.736636
720.0 58.736636
722.0 58.736636
724.0 58.736636
726.0 58.736636
728.0 58.736636
730.0 58.736636
732.0 58.736636
734.0 58.736636
736.0 58.736636
738.0 58.736636
740.0 58.736636
742.0 58.736636
744.0 58.736636
746.0 58.736636
748.0 58.736636
750.0 58.736636
