380.0 9.8118924945
382.0 9.98250312916
384.0 10.12668081
386.0 10.2314649662
388.0 10.347561195
390.0 10.5168817778
392.0 10.651713195
394.0 10.6611959027
396.0 10.67025246
398.0 10.8011310697
400.0 10.97274363
402.0 11.105043575
404.0 11.199627015
406.0 11.25593324
408.0 11.293654005
410.0 11.3365407111
412.0 11.3926935
414.0 11.4696488725
416.0 11.550642435
418.0 11.6186645931
420.0 11.680267215
422.0 11.7424195256
424.0 11.82629019
426.0 11.9548533066
428.0 12.11177286
430.0 12.2779469211
432.0 12.486029895
434.0 12.7670796074
436.0 13.07949648
438.0 13.3808012759
440.0 13.695954555
442.0 14.0477768235
444.0 14.41924602
446.0 14.7941393496
448.0 15.154683555
450.0 15.484361163
452.0 15.782397255
454.0 16.0505178889
456.0 16.310181015
458.0 16.5839406389
460.0 16.860716145
462.0 17.1276101112
464.0 17.39103117
466.0 17.6569932643
468.0 17.90862984
470.0 18.1289496323
472.0 18.343056945
474.0 18.576999561
476.0 18.80163612
478.0 18.9888777018
480.0 19.164207315
482.0 19.3529204916
484.0 19.551921075
486.0 19.758913074
488.0 19.974912465
490.0 20.1991765723
492.0 20.437643715
494.0 20.695151467
496.0 20.966027775
498.0 21.2434227313
500.0 21.520624935
502.0 21.7899544543
504.0 22.046907945
506.0 22.2882508218
508.0 22.502455605
510.0 22.6779115313
512.0 22.832520555
514.0 22.9836371693
516.0 23.106077265
518.0 23.1740372436
520.0 23.18722782
522.0 23.1482244218
524.0 23.04093471
526.0 22.8538892027
528.0 22.62892881
530.0 22.4098555
532.0 22.19955423
534.0 22.0010034417
536.0 21.822475785
538.0 21.6697172173
540.0 21.558043635
542.0 21.5008577907
544.0 21.501295275
546.0 21.5600259147
548.0 21.66804861
550.0 21.8132267878
552.0 21.994401705
554.0 22.2090787164
556.0 22.43625252
558.0 22.653603524
560.0 22.8610248
562.0 23.0586365643
564.0 23.21632236
566.0 23.3067051851
568.0 23.33161998
570.0 23.3001049335
572.0 23.20749795
574.0 23.060923293
576.0 22.90982919
578.0 22.8118412752
580.0 22.84329594
582.0 23.0745409579
584.0 23.57374098
586.0 24.3913453982
588.0 25.466236755
590.0 26.718008539
592.0 28.102033995
594.0 29.5690330264
596.0 31.0305075
598.0 32.4041827053
600.0 33.715299225
602.0 34.9967611592
604.0 36.202802355
606.0 37.2964110345
608.0 38.27398743
610.0 39.1353237423
612.0 39.92063034
614.0 40.6729907072
616.0 41.38982457
618.0 42.0668754263
620.0 42.70666266
622.0 43.3084386711
624.0 43.875076575
626.0 44.4096112088
628.0 44.905911735
630.0 45.3587308048
632.0 45.77697705
634.0 46.1729423165
636.0 46.54458066
638.0 46.8869566843
640.0 47.25773706
642.0 47.7102876754
644.0 48.168522225
646.0 48.5573958615
648.0 48.87766662
650.0 49.1314280858
652.0 49.37333433
654.0 49.6619043241
656.0 49.96935219
658.0 50.2659998147
660.0 50.55636555
662.0 50.8414389139
664.0 51.129922185
666.0 51.4319615276
668.0 51.728901525
670.0 52.0023752638
672.0 52.26718053
674.0 52.5379130161
676.0 52.813063335
678.0 53.0911005263
680.0 53.367100215
682.0 53.6355440573
684.0 53.893143105
686.0 54.1373734795
688.0 54.372862845
690.0 54.6037017224
692.0 54.83646453
694.0 55.0776296226
696.0 55.305548955
698.0 55.4982808196
700.0 55.671511845
702.0 55.8420650868
704.0 56.00036619
706.0 56.1364897256
708.0 56.267649765
710.0 56.410589754
712.0 56.535843795
714.0 56.6148068505
716.0 56.66874021
718.0 56.7188535354
720.0 56.76668916
722.0 56.8143421543
724.0 56.853442515
726.0 56.8742371259
728.0 56.880436005
730.0 56.875936608
732.0 56.857904745
734.0 56.8252789871
736.0 56.777184405
738.0 56.7126146362
740.0 56.651421555
742.0 56.6131334752
744.0 56.581386555
746.0 56.5389735622
748.0 56.493142455
750.0 56.4510856168
752.0 56.40847014
754.0 56.3616441606
756.0 56.32120653
758.0 56.2973711026
760.0 56.282197035
762.0 56.2680758764
764.0 56.256244065
766.0 56.246772183
768.0 56.25163176
770.0 56.2829278299
772.0 56.318935395
774.0 56.3383685556
776.0 56.352332085
778.0 56.3752060133
780.0 56.40408795
