380.0 15.16295
382.0 15.16736504
384.0 15.17238344
386.0 15.17715344
388.0 15.17489624
390.0 15.16295
392.0 15.14727568
394.0 15.13040424
396.0 15.12056
398.0 15.12910776
400.0 15.16295
402.0 15.22325904
404.0 15.3146004
406.0 15.42516976
408.0 15.53515392
410.0 15.6332
412.0 15.72378896
414.0 15.80747256
416.0 15.89592136
418.0 16.00769456
420.0 16.1557
422.0 16.33766376
424.0 16.55117816
426.0 16.80574016
428.0 17.11422416
430.0 17.48285
432.0 17.90926016
434.0 18.39455816
436.0 18.91873016
438.0 19.45092776
440.0 19.96995
442.0 20.47586376
444.0 20.96542536
446.0 21.43609336
448.0 21.88811856
450.0 22.3212
452.0 22.73180976
454.0 23.11720576
456.0 23.47944456
458.0 23.82270616
460.0 24.14995
462.0 24.46114264
464.0 24.75727056
466.0 25.03893568
468.0 25.3063888
470.0 25.5607
472.0 25.80362488
474.0 26.03620008
476.0 26.26375928
478.0 26.49365928
480.0 26.7311
482.0 26.97584736
484.0 27.22724928
486.0 27.4888504
488.0 27.76524872
490.0 28.05825
492.0 28.3657308
494.0 28.6862532
496.0 29.0120424
498.0 29.3317288
500.0 29.6362
502.0 29.9239512
504.0 30.1940628
506.0 30.4351652
508.0 30.6321268
510.0 30.77525
512.0 30.86568848
514.0 30.904412
516.0 30.89280832
518.0 30.83422144
520.0 30.73345
522.0 30.59338656
524.0 30.41561952
526.0 30.21879168
528.0 30.02932064
530.0 29.8661
532.0 29.73019984
534.0 29.62322528
536.0 29.55403792
538.0 29.53233536
540.0 29.56305
542.0 29.64542944
544.0 29.77975792
546.0 29.9527096
548.0 30.14355168
550.0 30.33635
552.0 30.53399712
554.0 30.7435656
556.0 30.93607968
558.0 31.06907056
560.0 31.1201
562.0 31.10008616
564.0 31.01307528
566.0 30.8969716
568.0 30.80987712
570.0 30.79615
572.0 30.85468672
574.0 30.979652
576.0 31.22859608
578.0 31.68160776
580.0 32.38455
582.0 33.328394
584.0 34.51733648
586.0 35.88844336
588.0 37.34047504
590.0 38.80085
592.0 40.27022032
594.0 41.74211536
596.0 43.1765576
598.0 44.52664744
600.0 45.76055
602.0 46.86843392
604.0 47.8360872
606.0 48.68243688
608.0 49.44518656
610.0 50.14955
612.0 50.78898968
614.0 51.36273648
616.0 51.87879928
618.0 52.34620688
620.0 52.7725
622.0 53.16222648
624.0 53.51995088
626.0 53.85025448
628.0 54.15723368
630.0 54.4445
632.0 54.71543088
634.0 54.97316968
636.0 55.21912088
638.0 55.45370248
640.0 55.6776
642.0 55.89293688
644.0 56.10176968
646.0 56.30358008
648.0 56.49677968
650.0 56.6808
652.0 56.85679472
654.0 57.02513168
656.0 57.18870344
658.0 57.35169
660.0 57.5168
662.0 57.68405016
664.0 57.85407584
666.0 58.02552272
668.0 58.1957992
670.0 58.36325
672.0 58.52809248
674.0 58.68980832
676.0 58.84935056
678.0 59.0084748
680.0 59.1679
682.0 59.32642232
684.0 59.48312216
686.0 59.63606
688.0 59.78256064
690.0 59.9203
692.0 60.04924464
694.0 60.1703476
696.0 60.27782376
698.0 60.36322952
700.0 60.4219
702.0 60.45480496
704.0 60.46082416
706.0 60.44878576
708.0 60.43273456
710.0 60.4219
712.0 60.41547952
714.0 60.41467696
716.0 60.4178872
718.0 60.42109744
720.0 60.4219
722.0 60.4219
724.0 60.4219
726.0 60.4219
728.0 60.4219
730.0 60.4219
732.0 60.4219
734.0 60.4219
736.0 60.4219
738.0 60.4219
740.0 60.4219
742.0 60.4219
744.0 60.4219
746.0 60.4219
748.0 60.4219
750.0 60.4219
