380.0 18.417453
382.0 18.4241564148
384.0 18.4321254096
386.0 18.4403725494
388.0 18.437076471
390.0 18.417453
392.0 18.3918505468
394.0 18.3643047656
396.0 18.3483022026
398.0 18.3624726956
400.0 18.417453
402.0 18.5143839424
404.0 18.6606740688
406.0 18.8317257792
408.0 18.9874449856
410.0 19.104136
412.0 19.1889485248
414.0 19.2416037872
416.0 19.2825341936
418.0 19.34519248
420.0 19.452602
422.0 19.6011223088
424.0 19.7885888176
426.0 20.0273003264
428.0 20.3328353152
430.0 20.713229
432.0 21.1665299712
434.0 21.6937877264
436.0 22.2747502416
438.0 22.8778505968
440.0 23.480459
442.0 24.082034304
444.0 24.6798215776
446.0 25.2628502912
448.0 25.8189856288
450.0 26.33993
452.0 26.8224365216
454.0 27.2623072032
456.0 27.6651175008
458.0 28.0418543424
460.0 28.399979
462.0 28.738114008
464.0 29.0567677168
466.0 29.3580391216
468.0 29.6439780224
470.0 29.916831
472.0 30.1786970496
474.0 30.4312324096
476.0 30.6786022736
478.0 30.9260541296
480.0 31.177458
482.0 31.4331418528
484.0 31.6928433136
486.0 31.9598420624
488.0 32.2384016832
490.0 32.530326
492.0 32.8336636032
494.0 33.1468402464
496.0 33.4640344976
498.0 33.7768011808
500.0 34.077925
502.0 34.3657497168
504.0 34.6395538016
506.0 34.8874484144
508.0 35.0931991392
510.0 35.246311
512.0 35.3477023072
514.0 35.3976026384
516.0 35.3978158176
518.0 35.3526054288
520.0 35.266809
522.0 35.14259112
524.0 34.9817064176
526.0 34.7981919232
528.0 34.6116437248
530.0 34.43664
532.0 34.2750173696
534.0 34.1285632592
536.0 34.0072806928
538.0 33.9231405024
540.0 33.883194
542.0 33.8879823328
544.0 33.9398012768
546.0 34.0274507248
548.0 34.1324824768
550.0 34.241909
552.0 34.359403536
554.0 34.4900495888
556.0 34.6188918176
558.0 34.7242023424
560.0 34.795355
562.0 34.8389583456
564.0 34.8574065456
566.0 34.8764286896
568.0 34.9348889856
570.0 35.061829
572.0 35.2565763984
574.0 35.5162942576
576.0 35.8726806848
578.0 36.369027456
580.0 37.029637
582.0 37.8483599168
584.0 38.8252945968
586.0 39.9254632528
588.0 41.0933573008
590.0 42.287374
592.0 43.5046928256
594.0 44.7399515008
596.0 45.959959664
598.0 47.1232293632
600.0 48.201047
602.0 49.1864760512
604.0 50.069070736
606.0 50.8567186848
608.0 51.5689339936
610.0 52.218655
612.0 52.8010113792
614.0 53.3151668128
616.0 53.7661884064
618.0 54.160471536
620.0 54.504182
622.0 54.8007798608
624.0 55.0528888624
626.0 55.271545128
628.0 55.4712612416
630.0 55.662319
632.0 55.8468993904
634.0 56.028331288
636.0 56.2065654976
638.0 56.3788962832
640.0 56.543733
642.0 56.7040109616
644.0 56.8626654816
646.0 57.0157445456
648.0 57.1566068016
650.0 57.281661
652.0 57.392514184
654.0 57.4890843616
656.0 57.5773733472
658.0 57.6667282288
660.0 57.763364
662.0 57.8664607408
664.0 57.9759364592
666.0 58.0925454816
668.0 58.216533784
670.0 58.347557
672.0 58.4855823328
674.0 58.6309869456
676.0 58.7788513184
678.0 58.9217961712
680.0 59.054738
682.0 59.1775948128
684.0 59.2895794864
686.0 59.39008528
688.0 59.4791941856
690.0 59.556939
692.0 59.6228441696
694.0 59.676811304
696.0 59.7192175664
698.0 59.7507188928
700.0 59.772168
702.0 59.7839912464
704.0 59.7862870224
706.0 59.7822694144
708.0 59.7765299744
710.0 59.772168
712.0 59.7694130688
714.0 59.7690687024
716.0 59.770446168
718.0 59.7718236336
720.0 59.772168
722.0 59.772168
724.0 59.772168
726.0 59.772168
728.0 59.772168
730.0 59.772168
732.0 59.772168
734.0 59.772168
736.0 59.772168
738.0 59.772168
740.0 59.772168
742.0 59.772168
744.0 59.772168
746.0 59.772168
748.0 59.772168
750.0 59.772168
