380.0 7.1743
382.0 7.17675866154
384.0 7.1794944482
386.0 7.18198151271
388.0 7.18070243751
390.0 7.1743
392.0 7.16573242446
394.0 7.15609126372
396.0 7.15021624269
398.0 7.15491818966
400.0 7.1743
402.0 7.208408672
404.0 7.2588501504
406.0 7.3200325808
408.0 7.3826088752
410.0 7.440774
412.0 7.4959218192
414.0 7.5478883488
416.0 7.5992809344
418.0 7.65477312
420.0 7.717497
422.0 7.786616256
424.0 7.8616553344
426.0 7.9440736928
428.0 8.0357571472
430.0 8.137706
432.0 8.2496414784
434.0 8.3715799808
436.0 8.5014717072
438.0 8.6361189696
440.0 8.773144
442.0 8.9124156112
444.0 9.0536878272
446.0 9.1951240272
448.0 9.3344284352
450.0 9.470076
452.0 9.6017059568
454.0 9.7286459712
456.0 9.8519783376
458.0 9.973752856
460.0 10.095265
462.0 10.2162359968
464.0 10.3368790256
466.0 10.4566201424
468.0 10.5743934512
470.0 10.689707
472.0 10.803019944
474.0 10.9144634704
476.0 11.0254150448
478.0 11.1379244672
480.0 11.253402
482.0 11.3717656512
484.0 11.4930154208
486.0 11.6176268624
488.0 11.746091928
490.0 11.878591
492.0 12.014861704
494.0 12.1545924704
496.0 12.2970289728
498.0 12.4411053152
500.0 12.585772
502.0 12.73048788
504.0 12.8748265968
506.0 13.0167055536
508.0 13.1533370224
510.0 13.282704
512.0 13.4048556816
514.0 13.5201364336
516.0 13.6267260336
518.0 13.7221647216
520.0 13.805403
522.0 13.877309984
524.0 13.9382136416
526.0 13.9922299712
528.0 14.0455083728
530.0 14.102624
532.0 14.1635276576
534.0 14.2278749792
536.0 14.3003395088
538.0 14.3872346304
540.0 14.492086
542.0 14.6144836576
544.0 14.7553951088
546.0 14.908113408
548.0 15.0618976032
550.0 15.209516
552.0 15.3528544144
554.0 15.493864256
556.0 15.6280687616
558.0 15.7493185312
560.0 15.855203
562.0 15.9484607008
564.0 16.0304854976
566.0 16.1123463104
568.0 16.2103595472
570.0 16.336906
572.0 16.4925760112
574.0 16.6771891984
576.0 16.9038642816
578.0 17.1901475488
580.0 17.546288
582.0 17.9707277872
584.0 18.4641720416
586.0 19.014436752
588.0 19.6016798544
590.0 20.211028
592.0 20.8413988944
594.0 21.490349176
596.0 22.1465967456
598.0 22.7962849552
600.0 23.429214
602.0 24.041940216
604.0 24.6302984096
606.0 25.1932390832
608.0 25.7321561008
610.0 26.247689
612.0 26.7376895904
614.0 27.2010591792
616.0 27.638437304
618.0 28.0512178288
620.0 28.440975
622.0 28.8082663632
624.0 29.153321496
626.0 29.4811583088
628.0 29.7989101056
630.0 30.111562
632.0 30.4197863264
634.0 30.7250589408
636.0 31.0272978512
638.0 31.3251911856
640.0 31.618165
642.0 31.9077115488
644.0 32.1950279152
646.0 32.4801304976
648.0 32.762691328
650.0 33.042776
652.0 33.3207944736
654.0 33.5966155616
656.0 33.8725186416
658.0 34.1518653856
660.0 34.43664
662.0 34.7266621024
664.0 35.0225384336
666.0 35.3215304608
668.0 35.619128624
670.0 35.912496
672.0 36.2020589472
674.0 36.4873747088
676.0 36.7699847344
678.0 37.052676752
680.0 37.337107
682.0 37.6205697424
684.0 37.8988505904
686.0 38.1770494464
688.0 38.4636934784
690.0 38.761718
692.0 39.0693027888
694.0 39.3906950304
696.0 39.698722576
698.0 39.9517334896
700.0 40.124835
702.0 40.2221923008
704.0 40.239541808
706.0 40.2028585872
708.0 40.1552704304
710.0 40.124835
712.0 40.1073871024
714.0 40.1052061152
716.0 40.113930064
718.0 40.1226540128
720.0 40.124835
722.0 40.124835
724.0 40.124835
726.0 40.124835
728.0 40.124835
730.0 40.124835
732.0 40.124835
734.0 40.124835
736.0 40.124835
738.0 40.124835
740.0 40.124835
742.0 40.124835
744.0 40.124835
746.0 40.124835
748.0 40.124835
750.0 40.124835
