380.0 18.540441
382.0 18.5399457526
384.0 18.5394947574
386.0 18.5392814997
388.0 18.5395766709
390.0 18.540441
392.0 18.5420744062
394.0 18.5451606008
396.0 18.5477383665
398.0 18.5467084842
400.0 18.540441
402.0 18.5308643344
404.0 18.5203365616
406.0 18.5084969168
408.0 18.494361496
410.0 18.478947
412.0 18.464926368
414.0 18.4534802848
416.0 18.4558088576
418.0 18.4879005264
420.0 18.560939
422.0 18.6746127088
424.0 18.8286264816
426.0 19.0283097984
428.0 19.2798940512
430.0 19.585839
432.0 19.9443572192
434.0 20.3550223504
436.0 20.8047976656
438.0 21.2740870768
440.0 21.748378
442.0 22.2261945792
444.0 22.7051262496
446.0 23.176022704
448.0 23.6282249824
450.0 24.054403
452.0 24.452146192
454.0 24.81815848
456.0 25.156129504
458.0 25.473766512
460.0 25.776235
462.0 26.0623214864
464.0 26.332304744
466.0 26.5873654576
468.0 26.8285695232
470.0 27.05736
472.0 27.2753931264
474.0 27.4839479776
476.0 27.6866813968
478.0 27.88834892
480.0 28.092509
482.0 28.2996699872
484.0 28.5100450608
486.0 28.7264055504
488.0 28.95219512
490.0 29.189152
492.0 29.4359971152
494.0 29.6912874064
496.0 29.9527270976
498.0 30.2170365088
500.0 30.480526
502.0 30.741342552
504.0 30.9987810336
506.0 31.2418709152
508.0 31.4551977008
510.0 31.628414
512.0 31.7623561312
514.0 31.8576308352
516.0 31.9121555152
518.0 31.9242903312
520.0 31.894888
522.0 31.826670656
524.0 31.7217700912
526.0 31.5928458704
528.0 31.4579362336
530.0 31.331193
532.0 31.2136656672
534.0 31.1044195264
536.0 31.0224767216
538.0 30.9939927008
540.0 31.033972
542.0 31.1402008352
544.0 31.3151881616
546.0 31.536746944
548.0 31.7690466784
550.0 31.987129
552.0 32.196372584
554.0 32.403074416
556.0 32.585916576
558.0 32.715135968
560.0 32.776302
562.0 32.7774990832
564.0 32.720793416
566.0 32.6447376368
568.0 32.6078740336
570.0 32.653314
572.0 32.7798112576
574.0 32.9842665088
576.0 33.307774144
578.0 33.8055147792
580.0 34.508383
582.0 35.4095406736
584.0 36.510463656
586.0 37.7634817984
588.0 39.0928344928
590.0 40.442554
592.0 41.810344544
594.0 43.1901223184
596.0 44.5411209008
598.0 45.8129152112
600.0 46.971167
602.0 48.0079394416
604.0 48.9108025488
606.0 49.693629368
608.0 50.3863469792
610.0 51.009273
612.0 51.5568483728
614.0 52.02843356
616.0 52.4335232352
618.0 52.7840062384
620.0 53.08982
622.0 53.3553756896
624.0 53.5847729072
626.0 53.7876047168
628.0 53.9751860144
630.0 54.155716
632.0 54.3322939712
634.0 54.5087243568
636.0 54.6840068544
638.0 54.854123856
640.0 55.016632
642.0 55.1742698192
644.0 55.3294478784
646.0 55.4791324736
648.0 55.6183220928
650.0 55.744311
652.0 55.85827988
654.0 55.9601795376
656.0 56.0545359312
658.0 56.1484003728
660.0 56.246512
662.0 56.3482312752
664.0 56.4533450192
666.0 56.5630503152
668.0 56.6784950512
670.0 56.799958
672.0 56.9273407712
674.0 57.0611517152
676.0 57.1966024992
678.0 57.3263958352
680.0 57.445645
682.0 57.5544319856
684.0 57.6519040752
686.0 57.7386352128
688.0 57.8164292224
690.0 57.886352
692.0 57.9478296016
694.0 58.0010096128
696.0 58.045088512
698.0 58.0787544272
700.0 58.101581
702.0 58.1141913696
704.0 58.116585536
706.0 58.1121743664
708.0 58.1060413648
710.0 58.101581
712.0 58.0988260688
714.0 58.0984817024
716.0 58.099859168
718.0 58.1012366336
720.0 58.101581
722.0 58.101581
724.0 58.101581
726.0 58.101581
728.0 58.101581
730.0 58.101581
732.0 58.101581
734.0 58.101581
736.0 58.101581
738.0 58.101581
740.0 58.101581
742.0 58.101581
744.0 58.101581
746.0 58.101581
748.0 58.101581
750.0 58.101581
