380.0 16.388151
382.0 16.3888869665
384.0 16.3898085722
386.0 16.3908482622
388.0 16.3905038958
390.0 16.388151
392.0 16.3854773546
394.0 16.383708289
396.0 16.3833232797
398.0 16.3846601023
400.0 16.388151
402.0 16.3957270608
404.0 16.410534816
406.0 16.4293601792
408.0 16.4464637104
410.0 16.459894
412.0 16.4727995408
414.0 16.4858526672
416.0 16.5121065056
418.0 16.570829176
420.0 16.675123
422.0 16.8237253008
424.0 17.0158653536
426.0 17.2558887344
428.0 17.5484689872
430.0 17.894754
432.0 18.293153128
434.0 18.7439615424
436.0 19.2307644448
438.0 19.7289642352
440.0 20.221277
442.0 20.7068828192
444.0 21.1828299808
446.0 21.6449204944
448.0 22.090366632
450.0 22.517053
452.0 22.9220770816
454.0 23.3026347504
456.0 23.6621204752
458.0 24.006929632
460.0 24.341375
462.0 24.664669456
464.0 24.9770261792
466.0 25.2794618704
468.0 25.5728784416
470.0 25.858227
472.0 26.1366062384
474.0 26.4090656544
476.0 26.6766055504
478.0 26.9402098304
480.0 27.200846
482.0 27.4583664736
484.0 27.7115085744
486.0 27.9644866912
488.0 28.2236962
490.0 28.49222
492.0 28.7670899808
494.0 29.0458791792
496.0 29.3233565056
498.0 29.592060688
500.0 29.845088
502.0 30.0803066496
504.0 30.2970115056
506.0 30.4806735856
508.0 30.6111228576
510.0 30.675257
512.0 30.6749454304
514.0 30.6117787936
516.0 30.4853963248
518.0 30.29686392
520.0 30.050068
522.0 29.7495345232
524.0 29.3987563488
526.0 29.0182970704
528.0 28.637017872
530.0 28.276991
532.0 27.9402170592
534.0 27.6267288464
536.0 27.3599760736
538.0 27.1711157008
540.0 27.077858
542.0 27.0776776176
544.0 27.1731982976
546.0 27.3367723376
548.0 27.5239600736
550.0 27.703047
552.0 27.8795429792
554.0 28.0607616976
556.0 28.21508704
558.0 28.2982433264
560.0 28.28724
562.0 28.1926048336
564.0 28.017650304
566.0 27.8072752304
568.0 27.6303528928
570.0 27.539063
572.0 27.5334711456
574.0 27.6103304464
576.0 27.8291998912
578.0 28.27125156
580.0 28.984172
582.0 29.9599259952
584.0 31.2008749152
586.0 32.6548390512
588.0 34.2365467232
590.0 35.881749
592.0 37.5873793808
594.0 39.3466161312
596.0 41.1027371856
598.0 42.78301564
600.0 44.337174
602.0 45.7549468672
604.0 47.0199358416
606.0 48.142668696
608.0 49.1517606384
610.0 50.066365
612.0 50.8780202064
614.0 51.583708952
616.0 52.1955988496
618.0 52.7306622432
620.0 53.202559
622.0 53.6153395248
624.0 53.9731854096
626.0 54.2889693984
628.0 54.5783519632
630.0 54.852648
632.0 55.11584232
634.0 55.3731496144
636.0 55.6232416128
638.0 55.8607068432
640.0 56.082528
642.0 56.2926570976
644.0 56.4942426288
646.0 56.685497168
648.0 56.8630590432
650.0 57.025436
652.0 57.1738579184
654.0 57.308144416
656.0 57.4339857376
658.0 57.5599910432
660.0 57.691621
662.0 57.8283672576
664.0 57.9710333376
666.0 58.1168151136
668.0 58.2605470896
670.0 58.398802
672.0 58.5321373904
674.0 58.6601760976
676.0 58.7828853248
678.0 58.900757024
680.0 59.013742
682.0 59.1212171136
684.0 59.2232643568
686.0 59.317030408
688.0 59.3983336752
690.0 59.464698
692.0 59.5166481312
694.0 59.55406928
696.0 59.5793556128
698.0 59.5964427456
700.0 59.608184
702.0 59.614579376
704.0 59.6159240448
706.0 59.6139890336
708.0 59.6109061344
710.0 59.608184
712.0 59.6063473792
714.0 59.6061178016
716.0 59.607036112
718.0 59.6079544224
720.0 59.608184
722.0 59.608184
724.0 59.608184
726.0 59.608184
728.0 59.608184
730.0 59.608184
732.0 59.608184
734.0 59.608184
736.0 59.608184
738.0 59.608184
740.0 59.608184
742.0 59.608184
744.0 59.608184
746.0 59.608184
748.0 59.608184
750.0 59.608184
