380.0 21.051446
382.0 21.0368233349
384.0 21.0204695009
386.0 21.005439308
388.0 21.0130153688
390.0 21.051446
392.0 21.1038012266
394.0 21.1654872997
396.0 21.2045671192
398.0 21.1753476027
400.0 21.051446
402.0 20.8375944656
404.0 20.5299604816
406.0 20.1643581536
408.0 19.7987558256
410.0 19.4731
412.0 19.1853408768
414.0 18.9396436496
416.0 18.7456013824
418.0 18.6105933552
420.0 18.540441
422.0 18.539539088
424.0 18.6100686064
426.0 18.7535710048
428.0 18.9702922592
430.0 19.257871
432.0 19.6136998816
434.0 20.0364998288
436.0 20.50742908
438.0 20.9992662912
440.0 21.492153
442.0 21.9837278368
444.0 22.470235568
446.0 22.9423946992
448.0 23.3906121664
450.0 23.808427
452.0 24.1924611296
454.0 24.5382869872
456.0 24.8531198688
458.0 25.1501604864
460.0 25.438018
462.0 25.7153805376
464.0 25.9837075568
466.0 26.24112964
468.0 26.4833832032
470.0 26.708894
472.0 26.9205317504
474.0 27.119509936
476.0 27.3131586416
478.0 27.5120548352
480.0 27.723545
482.0 27.9472847696
484.0 28.1830117696
486.0 28.4339892816
488.0 28.7039889376
490.0 28.994421
492.0 29.30312088
494.0 29.6277928016
496.0 29.9629596992
498.0 30.3009143248
500.0 30.634261
502.0 30.9601136064
504.0 31.2770454832
506.0 31.569051792
508.0 31.8140766848
510.0 31.997378
512.0 32.1196936656
514.0 32.181204064
516.0 32.1806465184
518.0 32.1184309888
520.0 31.997378
522.0 31.8202588816
524.0 31.5889102544
526.0 31.3216491312
528.0 31.044712952
530.0 30.777747
532.0 30.5226534896
534.0 30.2810066672
536.0 30.0687129808
538.0 29.9057784784
540.0 29.804092
542.0 29.763341976
544.0 29.7856765968
546.0 29.8562225136
548.0 29.9503821264
550.0 30.050068
552.0 30.1596257104
554.0 30.2863525456
556.0 30.4034043248
558.0 30.471588872
560.0 30.470277
562.0 30.40919296
564.0 30.2913212608
566.0 30.1534435136
568.0 30.0520522064
570.0 30.02957
572.0 30.0852261696
574.0 30.2155934496
576.0 30.4677188496
578.0 30.9058021056
580.0 31.56692
582.0 32.4440212208
584.0 33.5390571776
586.0 34.8056203984
588.0 36.1687701952
590.0 37.572834
592.0 39.0153028576
594.0 40.4894698224
596.0 41.9531418112
598.0 43.353843944
600.0 44.654893
602.0 45.8467943056
604.0 46.9159535872
606.0 47.8701600848
608.0 48.7310596864
610.0 49.512919
612.0 50.2091294704
614.0 50.8176904928
616.0 51.3457353712
618.0 51.8030211536
620.0 52.198157
622.0 52.5348325504
624.0 52.8163438832
626.0 53.054645432
628.0 53.2650697008
630.0 53.458784
632.0 53.6389532208
634.0 53.809791752
636.0 53.9724310832
638.0 54.1254773504
640.0 54.268455
642.0 54.4048732896
644.0 54.5380938912
646.0 54.6653290768
648.0 54.7813313584
650.0 54.883395
652.0 54.9734058176
654.0 55.0518393648
656.0 55.123467576
658.0 55.1955057472
660.0 55.272857
662.0 55.3552753584
664.0 55.443072392
666.0 55.5370188256
668.0 55.6374426272
670.0 55.744311
672.0 55.857541952
674.0 55.9769059056
676.0 56.1004514512
678.0 56.2253088688
680.0 56.349002
682.0 56.4710224944
684.0 56.5912555632
686.0 56.70525724
688.0 56.8068781248
690.0 56.892199
692.0 56.9613510528
694.0 57.013793136
696.0 57.0515586512
698.0 57.0784192304
700.0 57.097179
702.0 57.1076083824
704.0 57.1096909792
706.0 57.106280112
708.0 57.1012294048
710.0 57.097179
712.0 57.094555256
714.0 57.094227288
716.0 57.09553916
718.0 57.096851032
720.0 57.097179
722.0 57.097179
724.0 57.097179
726.0 57.097179
728.0 57.097179
730.0 57.097179
732.0 57.097179
734.0 57.097179
736.0 57.097179
738.0 57.097179
740.0 57.097179
742.0 57.097179
744.0 57.097179
746.0 57.097179
748.0 57.097179
750.0 57.097179
