380.0 6.231392
382.0 6.23398404566
384.0 6.2369221054
386.0 6.23969892729
388.0 6.23837065689
390.0 6.231392
392.0 6.22211811634
394.0 6.21180242428
396.0 6.20559182451
398.0 6.21069612074
400.0 6.231392
402.0 6.2678128464
404.0 6.3219439648
406.0 6.3868980272
408.0 6.4512781456
410.0 6.508115
412.0 6.5589664384
414.0 6.6031929232
416.0 6.645533592
418.0 6.6941056528
420.0 6.754091
422.0 6.8243089488
424.0 6.904792296
426.0 6.9946227312
428.0 7.0917504544
430.0 7.194798
432.0 7.304011344
434.0 7.4190953152
436.0 7.5400007184
438.0 7.6668915376
440.0 7.799489
442.0 7.93723556
444.0 8.0800820224
446.0 8.2251422688
448.0 8.3682347072
450.0 8.50667
452.0 8.6404153504
454.0 8.7687492288
456.0 8.8933114752
458.0 9.0171357936
460.0 9.142108
462.0 9.267719744
464.0 9.3941186112
466.0 9.5204354864
468.0 9.6451125216
470.0 9.767297
472.0 9.8874808736
474.0 10.0058281264
476.0 10.1233554592
478.0 10.24162072
480.0 10.361739
482.0 10.4836283072
484.0 10.6071902512
486.0 10.7332939472
488.0 10.8630872832
490.0 10.997177
492.0 11.1351531376
494.0 11.2765729392
496.0 11.4208624608
498.0 11.5672017824
500.0 11.714607
502.0 11.8625369664
504.0 12.0107949008
506.0 12.1561831152
508.0 12.2941920496
510.0 12.421788
512.0 12.5392661376
514.0 12.6469052352
516.0 12.7438853728
518.0 12.8293866304
520.0 12.903491
522.0 12.9668544176
524.0 13.0196244688
526.0 13.06665508
528.0 13.1150795552
530.0 13.169965
532.0 13.2313442112
534.0 13.299430368
536.0 13.3767816208
538.0 13.4663496816
540.0 13.569676
542.0 13.6866949824
544.0 13.8178985808
546.0 13.9590232112
548.0 14.1033455296
550.0 14.24611
552.0 14.3884973072
554.0 14.5323112752
556.0 14.6721076352
558.0 14.8000151552
560.0 14.912295
562.0 15.0117184992
564.0 15.0996959152
566.0 15.1856235312
568.0 15.2835219792
570.0 15.404247
572.0 15.548388936
574.0 15.7156198192
576.0 15.9192551504
578.0 16.1774151616
580.0 16.50089
582.0 16.8881710128
584.0 17.3400125264
586.0 17.8455588
588.0 18.3868535856
590.0 18.950401
592.0 19.535331928
594.0 20.139530976
596.0 20.752257192
598.0 21.36014588
600.0 21.953358
602.0 22.528777856
604.0 23.082633816
606.0 23.613450024
608.0 24.121800424
610.0 24.607849
612.0 25.069709936
614.0 25.506399328
616.0 25.918819088
618.0 26.30877304
620.0 26.678147
622.0 27.0274493184
624.0 27.356794784
626.0 27.6717096576
628.0 27.9800651712
630.0 28.28724
632.0 28.5937424944
634.0 28.9010157136
636.0 29.2082889328
638.0 29.513184384
640.0 29.814341
642.0 30.113283832
644.0 30.4112755568
646.0 30.7075454496
648.0 31.0006996464
650.0 31.290197
652.0 31.5763326816
654.0 31.8584671536
656.0 32.1404376416
658.0 32.4281475696
660.0 32.725057
662.0 33.0305099968
664.0 33.3451460976
666.0 33.6647017184
668.0 33.9822075392
670.0 34.293154
672.0 34.59816424
674.0 34.8967955024
676.0 35.1900972848
678.0 35.4803653632
680.0 35.76901
682.0 36.0532926624
684.0 36.3288841728
686.0 36.6017699472
688.0 36.8818710176
690.0 37.173123
692.0 37.4736892736
694.0 37.7878662192
696.0 38.0890884288
698.0 38.3364418944
700.0 38.505493
702.0 38.6005053296
704.0 38.6174448768
706.0 38.581663568
708.0 38.5352232992
710.0 38.505493
712.0 38.488438664
714.0 38.486306872
716.0 38.49483404
718.0 38.503361208
720.0 38.505493
722.0 38.505493
724.0 38.505493
726.0 38.505493
728.0 38.505493
730.0 38.505493
732.0 38.505493
734.0 38.505493
736.0 38.505493
738.0 38.505493
740.0 38.505493
742.0 38.505493
744.0 38.505493
746.0 38.505493
748.0 38.505493
750.0 38.505493
