380.0 18.161228
382.0 18.1590323405
384.0 18.1566916847
386.0 18.1547653043
388.0 18.1559459891
390.0 18.161228
392.0 18.1687738532
394.0 18.1785127767
396.0 18.1851446349
398.0 18.1808715571
400.0 18.161228
402.0 18.128103232
404.0 18.0827452576
406.0 18.0286141392
408.0 17.9711213488
410.0 17.915252
412.0 17.8628099168
414.0 17.8152709552
416.0 17.7817526256
418.0 17.774553728
420.0 17.802513
422.0 17.865892816
424.0 17.9643488096
426.0 18.1037188112
428.0 18.2913001088
430.0 18.530192
432.0 18.8187382464
434.0 19.1573160112
436.0 19.53131432
438.0 19.9185133408
440.0 20.303269
442.0 20.685187736
444.0 21.06210496
446.0 21.429101152
448.0 21.781830736
450.0 22.117342
452.0 22.4331423872
454.0 22.726214592
456.0 23.0015765248
458.0 23.2681653136
460.0 23.531704
462.0 23.7911922816
464.0 24.0474664768
466.0 24.298575176
468.0 24.5406647552
470.0 24.771833
472.0 24.9938837344
474.0 25.207702472
476.0 25.4166016896
478.0 25.6254189152
480.0 25.837729
482.0 26.0532695696
484.0 26.2712862976
486.0 26.4959443776
488.0 26.7330652416
490.0 26.985617
492.0 27.2512054864
494.0 27.5274857296
496.0 27.8109812688
498.0 28.096772584
500.0 28.379481
502.0 28.6564827728
504.0 28.9267284048
506.0 29.1750001808
508.0 29.3799801808
510.0 29.527369
512.0 29.61838012
514.0 29.6539974448
516.0 29.6312364656
518.0 29.5476374224
520.0 29.404381
522.0 29.2050420496
524.0 28.9518507536
526.0 28.6643868016
528.0 28.3708554416
530.0 28.092509
532.0 27.8305937552
534.0 27.5850441136
536.0 27.37671884
538.0 27.2331672464
540.0 27.170099
542.0 27.1857430736
544.0 27.283083976
546.0 27.4369993584
548.0 27.6069851728
550.0 27.764541
552.0 27.9151931008
554.0 28.0656320224
556.0 28.190161472
558.0 28.2529509456
560.0 28.235995
562.0 28.1495262368
564.0 27.998464176
566.0 27.8205907312
568.0 27.6730543264
570.0 27.600557
572.0 27.6052797392
574.0 27.6850579552
576.0 27.8993030512
578.0 28.3296790592
580.0 29.025168
582.0 29.9778986416
584.0 31.1890680672
586.0 32.6162044208
588.0 34.1885486064
590.0 35.851002
592.0 37.5988090656
594.0 39.4248201008
596.0 41.269607304
598.0 43.0551962832
600.0 44.726636
602.0 46.2735626656
604.0 47.680315808
606.0 48.9462066944
608.0 50.0836981088
610.0 51.101514
612.0 51.9914059728
614.0 52.7484217104
616.0 53.38950076
618.0 53.9407985696
620.0 54.42219
622.0 54.8363479904
624.0 55.187339344
626.0 55.4903653776
628.0 55.7637922992
630.0 56.021034
632.0 56.2669608048
634.0 56.5076401216
636.0 56.7426619904
638.0 56.9673528672
640.0 57.179171
642.0 57.3824947616
644.0 57.5809481984
646.0 57.7716943872
648.0 57.949567832
650.0 58.11183
652.0 58.2600223408
654.0 58.3942596432
656.0 58.5192318496
658.0 58.642154256
660.0 58.767766
662.0 58.89567352
664.0 59.0263523696
666.0 59.1590810192
668.0 59.2919736528
670.0 59.423702
672.0 59.5546104272
674.0 59.6846497392
676.0 59.8128852272
678.0 59.9380870112
680.0 60.05914
682.0 60.1755522416
684.0 60.2869629712
686.0 60.3915683648
688.0 60.4869906544
690.0 60.57159
692.0 60.6454483936
694.0 60.7087954128
696.0 60.760827536
698.0 60.8005608592
700.0 60.827815
702.0 60.84298352
704.0 60.84585324
706.0 60.84052376
708.0 60.83314448
710.0 60.827815
712.0 60.82453532
714.0 60.82412536
716.0 60.8257652
718.0 60.82740504
720.0 60.827815
722.0 60.827815
724.0 60.827815
726.0 60.827815
728.0 60.827815
730.0 60.827815
732.0 60.827815
734.0 60.827815
736.0 60.827815
738.0 60.827815
740.0 60.827815
742.0 60.827815
744.0 60.827815
746.0 60.827815
748.0 60.827815
750.0 60.827815
