380.0 16.285661
382.0 16.2887184778
384.0 16.2921641817
386.0 16.2953823481
388.0 16.2938081017
390.0 16.285661
392.0 16.2750578259
394.0 16.2639323354
396.0 16.2575992576
398.0 16.2633190038
400.0 16.285661
402.0 16.3259846656
404.0 16.3880034144
406.0 16.4642067792
408.0 16.541722016
410.0 16.613629
412.0 16.6836993632
414.0 16.7528186192
416.0 16.8312849632
418.0 16.9349228512
420.0 17.074834
422.0 17.2498541232
424.0 17.4588517312
426.0 17.7090913152
428.0 18.0100019552
430.0 18.366208
432.0 18.7756924464
434.0 19.2381601232
436.0 19.740967864
438.0 20.2647655568
440.0 20.795221
442.0 21.3311371104
444.0 21.870382096
446.0 22.4033956896
448.0 22.9187810032
450.0 23.408716
452.0 23.8710032944
454.0 24.3025763856
456.0 24.7066821568
458.0 25.09037192
460.0 25.458516
462.0 25.8100485008
464.0 26.1451498048
466.0 26.4662304768
468.0 26.7762422288
470.0 27.077858
472.0 27.3725208496
474.0 27.6614278608
476.0 27.948285072
478.0 28.2377660272
480.0 28.533216
482.0 28.8346513888
484.0 29.141514648
486.0 29.4564131232
488.0 29.7827904784
490.0 30.121811
492.0 30.4713100992
494.0 30.8295331472
496.0 31.1902159552
498.0 31.5444213952
500.0 31.884639
502.0 32.2090157504
504.0 32.5164365552
506.0 32.795898088
508.0 33.0326417888
510.0 33.217009
512.0 33.3496392592
514.0 33.430844136
516.0 33.4612959648
518.0 33.4434545056
520.0 33.380993
522.0 33.2767483712
524.0 33.1334099568
526.0 32.9637521104
528.0 32.785403112
530.0 32.612318
532.0 32.4466777616
534.0 32.2891219344
536.0 32.1566556592
538.0 32.07199072
540.0 32.048623
542.0 32.0854866032
544.0 32.1848609072
546.0 32.3307246752
548.0 32.4965944912
550.0 32.663563
552.0 32.8360905664
554.0 33.0203593872
556.0 33.1944612
558.0 33.3269110768
560.0 33.401491
562.0 33.4262197872
564.0 33.4035408
566.0 33.3659392688
568.0 33.3631023456
570.0 33.432238
572.0 33.5726574992
574.0 33.7813927328
576.0 34.0988493584
578.0 34.580044008
580.0 35.25656
582.0 36.1218543728
584.0 37.1769110304
586.0 38.381439104
588.0 39.6706649136
590.0 40.996
592.0 42.3546730336
594.0 43.740928176
596.0 45.1146385424
598.0 46.4251330768
600.0 47.637352
602.0 48.7435552672
604.0 49.7319360304
606.0 50.6105295056
608.0 51.4004896288
610.0 52.116165
612.0 52.751930968
614.0 53.3060984976
616.0 53.7881950592
618.0 54.2113393728
620.0 54.586174
622.0 54.916109808
624.0 55.2046068592
626.0 55.4618649584
628.0 55.7002648976
630.0 55.928793
632.0 56.1505977584
634.0 56.3696803824
636.0 56.5854833264
638.0 56.7944809344
640.0 56.994689
642.0 57.1891576256
644.0 57.3805597504
646.0 57.5664684112
648.0 57.742620024
650.0 57.90685
652.0 58.0603554224
654.0 58.2029723072
656.0 58.33976776
658.0 58.4785310208
660.0 58.62428
662.0 58.7763095664
664.0 58.934783704
666.0 59.0986693136
668.0 59.2656706192
670.0 59.433951
672.0 59.603592448
674.0 59.7745293696
676.0 59.9439904352
678.0 60.1081220208
680.0 60.26412
682.0 60.4113612336
684.0 60.5488454192
686.0 60.6760806048
688.0 60.7930667904
690.0 60.899558
692.0 60.9952262656
694.0 61.0805471408
696.0 61.153159256
698.0 61.2095369552
700.0 61.248024
702.0 61.2694403104
704.0 61.27344152
706.0 61.2657998656
708.0 61.2553704832
710.0 61.248024
712.0 61.2435636352
714.0 61.2430060896
716.0 61.245236272
718.0 61.2474664544
720.0 61.248024
722.0 61.248024
724.0 61.248024
726.0 61.248024
728.0 61.248024
730.0 61.248024
732.0 61.248024
734.0 61.248024
736.0 61.248024
738.0 61.248024
740.0 61.248024
742.0 61.248024
744.0 61.248024
746.0 61.248024
748.0 61.248024
750.0 61.248024
