380.0 14.994287
382.0 14.9980951949
384.0 15.0023681943
386.0 15.006322641
388.0 15.004354833
390.0 14.994287
392.0 14.9810233621
394.0 14.9666545975
396.0 14.9582080877
398.0 14.9654220499
400.0 14.994287
402.0 15.0457615776
404.0 15.1235227904
406.0 15.2184203312
408.0 15.314957712
410.0 15.404247
412.0 15.489682664
414.0 15.5713958912
416.0 15.6588485584
418.0 15.7671271936
420.0 15.906448
422.0 16.0750563488
424.0 16.2718207504
426.0 16.501053984
428.0 16.7680035376
430.0 17.074834
432.0 17.4201515072
434.0 17.803824872
436.0 18.2153755168
438.0 18.6389789856
440.0 19.06314
442.0 19.4871042336
444.0 19.9092482448
446.0 20.323439032
448.0 20.7227892672
450.0 21.102691
452.0 21.4614223984
454.0 21.796507304
456.0 22.1119961216
458.0 22.4154321152
460.0 22.711784
462.0 22.9999530832
464.0 23.2800541536
466.0 23.552529968
468.0 23.8173805264
470.0 24.074901
472.0 24.3260752928
474.0 24.571690528
476.0 24.8126322192
478.0 25.0498842704
480.0 25.284283
482.0 25.5156152288
484.0 25.7429134512
486.0 25.9689817936
488.0 26.19808384
490.0 26.432171
492.0 26.6689147008
494.0 26.9062323456
496.0 27.1405162864
498.0 27.3667650112
500.0 27.580059
502.0 27.7786600224
504.0 27.9622401104
506.0 28.1185988544
508.0 28.2305999264
510.0 28.28724
512.0 28.290191712
514.0 28.2405209584
516.0 28.1392772368
518.0 27.9894122592
520.0 27.795288
522.0 27.560052952
524.0 27.2862324688
526.0 26.9897002016
528.0 26.6925939904
530.0 26.411673
532.0 26.148806648
534.0 25.9049460416
536.0 25.6952760992
538.0 25.5393109168
540.0 25.448267
542.0 25.4211768432
544.0 25.4600410512
546.0 25.5476904992
548.0 25.6563298992
550.0 25.765986
552.0 25.8803320432
554.0 26.0045499232
556.0 26.1167969712
558.0 26.1861622032
560.0 26.196444
562.0 26.1554643984
564.0 26.0665358752
566.0 25.958175248
568.0 25.8740022608
570.0 25.847978
572.0 25.881430736
574.0 25.972769824
576.0 26.166188952
578.0 26.5223622
580.0 27.077858
582.0 27.8271992864
584.0 28.771566744
586.0 29.8803281616
588.0 31.1021565472
590.0 32.397089
592.0 33.7614850752
594.0 35.1895561376
596.0 36.639027112
598.0 38.0547173824
600.0 39.397156
602.0 40.657946984
604.0 41.825431072
606.0 42.895508664
608.0 43.871951392
610.0 44.757383
612.0 45.545572096
614.0 46.232255096
616.0 46.82891088
618.0 47.35406964
620.0 47.821834
622.0 48.233515832
624.0 48.591410912
626.0 48.907654056
628.0 49.197495776
630.0 49.471923
632.0 49.734379392
634.0 49.989620488
636.0 50.236826368
638.0 50.471569464
640.0 50.691554
642.0 50.9006499984
644.0 51.102005952
646.0 51.2945067696
648.0 51.4756926912
650.0 51.644711
652.0 51.80295556
654.0 51.9505247616
656.0 52.0930104592
658.0 52.2386938448
660.0 52.392888
662.0 52.554986184
664.0 52.7252507712
666.0 52.9021567104
668.0 53.0825883056
670.0 53.264053
672.0 53.4467639728
674.0 53.6309835984
676.0 53.812497488
678.0 53.9853202256
680.0 54.145467
682.0 54.2924458592
684.0 54.424731752
686.0 54.5443908768
688.0 54.6555228336
690.0 54.760407
692.0 54.858305448
694.0 54.9500872928
696.0 55.0315381456
698.0 55.0959346624
700.0 55.13962
702.0 55.1639060304
704.0 55.1683827936
706.0 55.1595768528
708.0 55.147737208
710.0 55.13962
712.0 55.1347660736
714.0 55.1341593328
716.0 55.136586296
718.0 55.1390132592
720.0 55.13962
722.0 55.13962
724.0 55.13962
726.0 55.13962
728.0 55.13962
730.0 55.13962
732.0 55.13962
734.0 55.13962
736.0 55.13962
738.0 55.13962
740.0 55.13962
742.0 55.13962
744.0 55.13962
746.0 55.13962
748.0 55.13962
750.0 55.13962
