380.0 19.975301
382.0 19.9697851745
384.0 19.9637356557
386.0 19.9584091572
388.0 19.961311674
390.0 19.975301
392.0 19.9947316132
394.0 20.0185316547
396.0 20.0341026809
398.0 20.0231902911
400.0 19.975301
402.0 19.8934893824
404.0 19.7782578256
406.0 19.6411344048
408.0 19.50056732
410.0 19.37061
412.0 19.2528366912
414.0 19.1499203328
416.0 19.0734053984
418.0 19.037558496
420.0 19.052891
422.0 19.1213379216
424.0 19.2440307504
426.0 19.4269057072
428.0 19.676604144
430.0 19.995799
432.0 20.3824568736
434.0 20.8354462752
436.0 21.3421404368
438.0 21.8836811984
440.0 22.44531
442.0 23.024501488
444.0 23.6185663248
446.0 24.2130411216
448.0 24.7895596704
450.0 25.335528
452.0 25.8482075776
454.0 26.3231052416
456.0 26.7643041936
458.0 27.1812335136
460.0 27.580059
462.0 27.958534072
464.0 28.3163307616
466.0 28.6549413232
468.0 28.9760055968
470.0 29.281393
472.0 29.5727597712
474.0 29.8514505792
476.0 30.1214502352
478.0 30.3879242352
480.0 30.654759
482.0 30.9221677088
484.0 31.1896420112
486.0 31.4614618896
488.0 31.743448776
490.0 32.038374
492.0 32.3437450048
494.0 32.6573152096
496.0 32.9738371264
498.0 33.2857674912
500.0 33.585973
502.0 33.8720758848
504.0 34.1432070304
506.0 34.383673168
508.0 34.5716644256
510.0 34.692865
512.0 34.7486031616
514.0 34.739518448
516.0 34.6656600544
518.0 34.5291597728
520.0 34.33415
522.0 34.0841399936
524.0 33.7821142624
526.0 33.4459798592
528.0 33.100826336
530.0 32.766053
532.0 32.4443819856
534.0 32.1373055472
536.0 31.8646657488
538.0 31.6522900704
540.0 31.515675
542.0 31.4539022272
544.0 31.4692183328
546.0 31.5447985584
548.0 31.65260164
550.0 31.7719
552.0 31.907350784
554.0 32.0667596304
556.0 32.2193631408
558.0 32.3203936832
560.0 32.345844
562.0 32.306159872
564.0 32.2045225888
566.0 32.0798455536
568.0 31.9922289024
570.0 31.987129
572.0 32.0642342768
574.0 32.2204618336
576.0 32.5077126064
578.0 32.9968276832
580.0 33.729459
582.0 34.6979649024
584.0 35.9031653104
586.0 37.3017028544
588.0 38.8227364464
590.0 40.411807
592.0 42.0645853376
594.0 43.7742333264
596.0 45.4868330272
598.0 47.132445264
600.0 48.662252
602.0 50.0666765696
604.0 51.3308128272
606.0 52.4594163088
608.0 53.4718371264
610.0 54.381194
612.0 55.1798288768
614.0 55.8642980928
616.0 56.4476711728
618.0 56.9492162368
620.0 57.384151
622.0 57.7559683216
624.0 58.0687350048
626.0 58.336242104
628.0 58.5753799712
630.0 58.798513
632.0 59.0099375712
634.0 59.21503236
636.0 59.4140597408
638.0 59.6037400336
640.0 59.782417
642.0 59.9542230368
644.0 60.1228805808
646.0 60.2853067328
648.0 60.4358440448
650.0 60.57159
652.0 60.6943812192
654.0 60.8043980848
656.0 60.9074456304
658.0 61.012378992
660.0 61.125036
662.0 61.2447607184
664.0 61.3716843344
666.0 61.5057412544
668.0 61.6459475744
670.0 61.791221
672.0 61.9415451328
674.0 62.0969855664
676.0 62.25365588
678.0 62.4058986256
680.0 62.549647
682.0 62.6845566368
684.0 62.8099716
686.0 62.9242356512
688.0 63.0257089504
690.0 63.113342
692.0 63.186888824
694.0 63.2462182352
696.0 63.2921009584
698.0 63.3259308576
700.0 63.349069
702.0 63.3618433536
704.0 63.3643359104
706.0 63.3600231312
708.0 63.353824536
710.0 63.349069
712.0 63.3460516944
714.0 63.3456745312
716.0 63.347183184
718.0 63.3486918368
720.0 63.349069
722.0 63.349069
724.0 63.349069
726.0 63.349069
728.0 63.349069
730.0 63.349069
732.0 63.349069
734.0 63.349069
736.0 63.349069
738.0 63.349069
740.0 63.349069
742.0 63.349069
744.0 63.349069
746.0 63.349069
748.0 63.349069
750.0 63.349069
