380.0 18.181726
382.0 18.1814730409
384.0 18.1813653921
386.0 18.1816092497
388.0 18.1818060305
390.0 18.181726
392.0 18.1821590276
394.0 18.1839862331
396.0 18.1858605153
398.0 18.1855210135
400.0 18.181726
402.0 18.17639652
404.0 18.17229692
406.0 18.167131424
408.0 18.156882424
410.0 18.14073
412.0 18.1220522224
414.0 18.102521728
416.0 18.0938141776
418.0 18.1127379312
420.0 18.171477
422.0 18.2700477824
424.0 18.4080075216
426.0 18.5945885168
428.0 18.841679608
430.0 19.155381
432.0 19.5334789088
434.0 19.9755797728
436.0 20.4678597408
438.0 20.9890008928
440.0 21.5229
442.0 22.0681140032
444.0 22.6226095008
446.0 23.1728414144
448.0 23.701755408
450.0 24.197889
452.0 24.6588316256
454.0 25.0803033024
456.0 25.4681582592
458.0 25.834203344
460.0 26.186195
462.0 26.522198216
464.0 26.8425901552
466.0 27.1478955664
468.0 27.4378684736
470.0 27.713296
472.0 27.9764411248
474.0 28.2288780944
476.0 28.475329648
478.0 28.7221091696
480.0 28.973923
482.0 29.2310991072
484.0 29.493424312
486.0 29.7652605888
488.0 30.0523473776
490.0 30.357538
492.0 30.678864648
494.0 31.0146546848
496.0 31.3597918096
498.0 31.7067327584
500.0 32.048623
502.0 32.3833471408
504.0 32.7097900896
506.0 33.0147511344
508.0 33.2801100432
510.0 33.493732
512.0 33.6560433632
514.0 33.7669457424
516.0 33.8256192176
518.0 33.8328017168
520.0 33.790953
522.0 33.7023360464
524.0 33.5688202736
526.0 33.4039835568
528.0 33.227094016
530.0 33.053025
532.0 32.8836787232
534.0 32.7200882848
536.0 32.5775697904
538.0 32.476129288
540.0 32.427836
542.0 32.432263568
544.0 32.4916421744
546.0 32.5927547088
548.0 32.7134633312
550.0 32.837796
552.0 32.970295072
554.0 33.1179134688
556.0 33.2582345776
558.0 33.3583796064
560.0 33.401491
562.0 33.3968502528
564.0 33.3480978096
566.0 33.2878664864
568.0 33.2657614432
570.0 33.319499
572.0 33.449374328
574.0 33.6528948704
576.0 33.9740739328
578.0 34.4730116512
580.0 35.184817
582.0 36.1026190496
584.0 37.2268605568
586.0 38.519349648
588.0 39.9180183792
590.0 41.375213
592.0 42.8869486992
594.0 44.446961288
596.0 46.0090236768
598.0 47.5134456896
600.0 48.918477
602.0 50.2153936592
604.0 51.3908145728
606.0 52.4492329024
608.0 53.408030952
610.0 54.278704
612.0 55.0543811168
614.0 55.7323565664
616.0 56.321370696
618.0 56.8342142576
620.0 57.281661
622.0 57.6670561968
624.0 57.993597536
626.0 58.2749612832
628.0 58.5287757184
630.0 58.767766
632.0 58.9952774016
634.0 59.2159014752
636.0 59.4304581408
638.0 59.6367336144
640.0 59.833662
642.0 60.0250477264
644.0 60.2145476368
646.0 60.3983900992
648.0 60.5698517696
650.0 60.725325
652.0 60.8666300128
654.0 60.9937340112
656.0 61.1127208016
658.0 61.233019464
660.0 61.360763
662.0 61.49522988
664.0 61.6368136656
666.0 61.7844648592
668.0 61.9356417088
670.0 62.088442
672.0 62.24299692
674.0 62.3989129072
676.0 62.5545829184
678.0 62.7079571536
680.0 62.857117
682.0 63.0013573264
684.0 63.1404977504
686.0 63.2704550704
688.0 63.3855718384
690.0 63.482306
692.0 63.560936328
694.0 63.6211348544
696.0 63.6650169728
698.0 63.6963543152
700.0 63.718033
702.0 63.7300202304
704.0 63.7324143968
706.0 63.7284951792
708.0 63.7226901456
710.0 63.718033
712.0 63.7150156944
714.0 63.7146385312
716.0 63.716147184
718.0 63.7176558368
720.0 63.718033
722.0 63.718033
724.0 63.718033
726.0 63.718033
728.0 63.718033
730.0 63.718033
732.0 63.718033
734.0 63.718033
736.0 63.718033
738.0 63.718033
740.0 63.718033
742.0 63.718033
744.0 63.718033
746.0 63.718033
748.0 63.718033
750.0 63.718033
