380.0 19.616586
382.0 19.6066029052
384.0 19.595419824
386.0 19.5851064858
388.0 19.5902719818
390.0 19.616586
392.0 19.6526178356
394.0 19.6956109096
396.0 19.7231251494
398.0 19.7029200452
400.0 19.616586
402.0 19.4683608624
404.0 19.2567723072
406.0 19.006811496
408.0 18.7585725168
410.0 18.540441
412.0 18.3520397824
414.0 18.196402568
416.0 18.0857789616
418.0 18.0333696752
420.0 18.048489
422.0 18.1335802976
424.0 18.2900210336
426.0 18.5186147296
428.0 18.8183774816
430.0 19.186128
432.0 19.6195049152
434.0 20.1174587296
436.0 20.660672128
438.0 21.2212678304
440.0 21.779125
442.0 22.3319478608
444.0 22.875686008
446.0 23.4028617712
448.0 23.9066698144
450.0 24.382371
452.0 24.8265052656
454.0 25.2352189872
456.0 25.6140056288
458.0 25.9731141904
460.0 26.319432
462.0 26.6519423568
464.0 26.9714651808
466.0 27.2786892048
468.0 27.5735324368
470.0 27.856782
472.0 28.130389304
474.0 28.3955022368
476.0 28.6565975616
478.0 28.9197426864
480.0 29.189152
482.0 29.4643007536
484.0 29.7440574576
486.0 30.0316034016
488.0 30.3312841616
490.0 30.64451
492.0 30.968296408
494.0 31.3001836256
496.0 31.6322348272
498.0 31.9532171088
500.0 32.253603
502.0 32.5311623184
504.0 32.7849603552
506.0 32.999812192
508.0 33.1550558448
510.0 33.237507
512.0 33.248739904
514.0 33.18954168
516.0 33.06286404
518.0 32.874938376
520.0 32.632816
522.0 32.3400717632
524.0 31.999755768
526.0 31.6313165168
528.0 31.2616473856
530.0 30.910984
532.0 30.5820156976
534.0 30.2768086768
536.0 30.011367776
538.0 29.8055350592
540.0 29.670855
542.0 29.6069176384
544.0 29.61592036
546.0 29.6809236176
548.0 29.7742961072
550.0 29.875835
552.0 29.9895251072
554.0 30.1217946016
556.0 30.246192864
558.0 30.3246756064
560.0 30.33704
562.0 30.2925511408
564.0 30.194619896
566.0 30.0770105712
568.0 29.9916241024
570.0 29.978325
572.0 30.0374248336
574.0 30.1658898992
576.0 30.4138173088
578.0 30.8501623344
580.0 31.515675
582.0 32.4033367904
584.0 33.5148367408
586.0 34.8085229152
588.0 36.2160139856
590.0 37.685573
592.0 39.214231848
594.0 40.7957427392
596.0 42.3839769744
598.0 43.9199003136
600.0 45.362074
602.0 46.70100336
604.0 47.9225365744
606.0 49.0315767648
608.0 50.0463261552
610.0 50.978526
612.0 51.8206494336
614.0 52.5696135568
616.0 53.23248608
618.0 53.8196799872
620.0 54.340198
622.0 54.7970738224
624.0 55.193078784
626.0 55.5409544416
628.0 55.8573451712
630.0 56.154271
632.0 56.4349132176
634.0 56.7038469776
636.0 56.9616298256
638.0 57.2058020016
640.0 57.435396
642.0 57.6542654448
644.0 57.8656736176
646.0 58.0685546224
648.0 58.2602847152
650.0 58.439798
652.0 58.60870152
654.0 58.7675364224
656.0 58.9203039168
658.0 59.0728254352
660.0 59.228971
662.0 59.3884946352
664.0 59.5515603248
666.0 59.7181516704
668.0 59.887612736
670.0 60.05914
672.0 60.2326022752
674.0 60.4079503664
676.0 60.5820685776
678.0 60.7504473488
680.0 60.909807
682.0 61.0597539696
684.0 61.1996323216
686.0 61.3280317936
688.0 61.4435585216
690.0 61.545245
692.0 61.6329436432
694.0 61.7068348336
696.0 61.766541408
698.0 61.8116534064
700.0 61.842466
702.0 61.8595367344
704.0 61.862800016
706.0 61.8568801936
708.0 61.8485826032
710.0 61.842466
712.0 61.8386615712
714.0 61.8381860176
716.0 61.840088232
718.0 61.8419904464
720.0 61.842466
722.0 61.842466
724.0 61.842466
726.0 61.842466
728.0 61.842466
730.0 61.842466
732.0 61.842466
734.0 61.842466
736.0 61.842466
738.0 61.842466
740.0 61.842466
742.0 61.842466
744.0 61.842466
746.0 61.842466
748.0 61.842466
750.0 61.842466
