380.0 18.048489
382.0 18.0439078049
384.0 18.0388829899
386.0 18.0344580111
388.0 18.0368685759
390.0 18.048489
392.0 18.0645913657
394.0 18.0842098936
396.0 18.096992878
398.0 18.0879659903
400.0 18.048489
402.0 17.9809111936
404.0 17.8854233104
406.0 17.7715692192
408.0 17.654681424
410.0 17.546288
412.0 17.4472252656
414.0 17.3591494592
416.0 17.2913256768
418.0 17.2553147904
420.0 17.259316
422.0 17.3042312176
424.0 17.3904540048
426.0 17.521116456
428.0 17.6993342672
430.0 17.925501
432.0 18.198288384
434.0 18.5178932
436.0 18.870294816
438.0 19.234585272
440.0 19.596088
442.0 19.9542126576
444.0 20.306712664
446.0 20.6497835904
448.0 20.9806377088
450.0 21.297422
452.0 21.5976111104
454.0 21.8781057424
456.0 22.1445797424
458.0 22.4067901584
460.0 22.670788
462.0 22.9352613952
464.0 23.2008826784
466.0 23.4642081856
468.0 23.7191705088
470.0 23.962162
472.0 24.1948224992
474.0 24.4179391296
476.0 24.633020544
478.0 24.8425265024
480.0 25.048556
482.0 25.2505678896
484.0 25.446955128
486.0 25.6439983024
488.0 25.8511264928
490.0 26.073456
492.0 26.3075595584
494.0 26.5504198624
496.0 26.7979537104
498.0 27.0442576784
500.0 27.282838
502.0 27.510857752
504.0 27.7276609984
506.0 27.9137172448
508.0 28.0413951872
510.0 28.092509
512.0 28.0694856464
514.0 27.9743093328
516.0 27.8046842832
518.0 27.5594626096
520.0 27.241842
522.0 26.8568731616
524.0 26.4076225952
526.0 25.9216396128
528.0 25.4383623664
530.0 24.987062
532.0 24.5691651744
534.0 24.1847210848
536.0 23.8590652592
538.0 23.6250764896
540.0 23.500957
542.0 23.48414864
544.0 23.5779966832
546.0 23.7482612704
548.0 23.9404177216
550.0 24.115897
552.0 24.280864904
554.0 24.4427335104
556.0 24.5679516928
558.0 24.6103579552
560.0 24.546355
562.0 24.3884876032
564.0 24.1432331328
566.0 23.8561627424
568.0 23.596395688
570.0 23.418965
572.0 23.3276915056
574.0 23.3203450224
576.0 23.4759166432
578.0 23.903455728
580.0 24.669343
582.0 25.7634770448
584.0 27.1865465952
586.0 28.8910946816
588.0 30.796441176
590.0 32.837796
592.0 35.0085178016
594.0 37.3011781056
596.0 39.6308168016
598.0 41.8831370416
600.0 43.978459
602.0 45.905107016
604.0 47.6426650816
606.0 49.1918875232
608.0 50.5725344128
610.0 51.798446
612.0 52.8578974288
614.0 53.7435094192
616.0 54.4803879216
618.0 55.107069176
620.0 55.65207
622.0 56.1185552848
624.0 56.5124776496
626.0 56.8501535024
628.0 57.1497850672
630.0 57.425147
632.0 57.6831102304
634.0 57.9312180224
636.0 58.1698147424
638.0 58.3947187984
640.0 58.603782
642.0 58.8020550544
644.0 58.9939163344
646.0 59.1756925984
648.0 59.3406605024
650.0 59.485196
652.0 59.6113980864
654.0 59.7197095184
656.0 59.8153121904
658.0 59.9061593264
660.0 59.997646
662.0 60.0893786496
664.0 60.1815704544
666.0 60.2752381152
668.0 60.371037568
670.0 60.4691
672.0 60.569622192
674.0 60.6730632992
676.0 60.7760124544
678.0 60.8732221696
680.0 60.961052
682.0 61.0398955072
684.0 61.1100478624
686.0 61.1695412576
688.0 61.2159159328
690.0 61.248024
692.0 61.26606224
694.0 61.2694075136
696.0 61.2629137472
698.0 61.2541242048
700.0 61.248024
702.0 61.2443507584
704.0 61.2438916032
706.0 61.245728224
708.0 61.2475648448
710.0 61.248024
712.0 61.248024
714.0 61.248024
716.0 61.248024
718.0 61.248024
720.0 61.248024
722.0 61.248024
724.0 61.248024
726.0 61.248024
728.0 61.248024
730.0 61.248024
732.0 61.248024
734.0 61.248024
736.0 61.248024
738.0 61.248024
740.0 61.248024
742.0 61.248024
744.0 61.248024
746.0 61.248024
748.0 61.248024
750.0 61.248024
