380.0 6.7298
382.0 6.7352656
384.0 6.74143904
386.0 6.74723168
388.0 6.74442272
390.0 6.7298
392.0 6.71020216
394.0 6.68794968
396.0 6.6742988
398.0 6.68514272
400.0 6.7298
402.0 6.80781552
404.0 6.9224144
406.0 7.05933448
408.0 7.19516776
410.0 7.315
412.0 7.42185752
414.0 7.51553968
416.0 7.59944064
418.0 7.6806664
420.0 7.76435
422.0 7.84930432
424.0 7.93484384
426.0 8.02640256
428.0 8.13158808
430.0 8.2555
432.0 8.3978708
434.0 8.55868376
436.0 8.73847392
438.0 8.93724128
440.0 9.1542
442.0 9.38881504
444.0 9.64110312
446.0 9.90451
448.0 10.16942168
450.0 10.4291
452.0 10.68336104
454.0 10.9314524
456.0 11.17135096
458.0 11.40130112
460.0 11.6204
462.0 11.8279788
464.0 12.02290056
466.0 12.20937872
468.0 12.39418488
470.0 12.5818
472.0 12.77192312
474.0 12.96528992
476.0 13.16116472
478.0 13.35762472
480.0 13.55365
482.0 13.75000968
484.0 13.94675392
486.0 14.14542096
488.0 14.3483516
490.0 14.55685
492.0 14.77016376
494.0 14.98769096
496.0 15.20847856
498.0 15.43110536
500.0 15.6541
502.0 15.876476
504.0 16.09723016
506.0 16.31363712
508.0 16.52218568
510.0 16.72
512.0 16.9066788
514.0 17.08258992
516.0 17.24295144
518.0 17.38107536
520.0 17.4933
522.0 17.58104656
524.0 17.64490024
526.0 17.69002752
528.0 17.724454
530.0 17.75455
532.0 17.78111808
534.0 17.80481032
536.0 17.83335136
538.0 17.877024
540.0 17.94265
542.0 18.03022936
544.0 18.14016336
546.0 18.27174976
548.0 18.42273136
550.0 18.59055
552.0 18.77645968
554.0 18.98402176
556.0 19.19894064
558.0 19.39939672
560.0 19.57285
562.0 19.72448368
564.0 19.85703984
566.0 19.9806508
568.0 20.11128416
570.0 20.26255
572.0 20.43464896
574.0 20.6242036
576.0 20.86107584
578.0 21.18831968
580.0 21.6315
582.0 22.18566768
584.0 22.85217704
586.0 23.6063828
588.0 24.40765536
590.0 25.2263
592.0 26.0624672
594.0 26.9138496
596.0 27.7591292
598.0 28.5716376
600.0 29.33315
602.0 30.03951984
604.0 30.684126
606.0 31.27372336
608.0 31.82327632
610.0 32.34275
612.0 32.82883384
614.0 33.28079216
616.0 33.70257088
618.0 34.0991024
620.0 34.47455
622.0 34.83108728
624.0 35.17100488
626.0 35.49771368
628.0 35.81489208
630.0 36.12565
632.0 36.43132504
634.0 36.73248568
636.0 37.03314472
638.0 37.33848536
640.0 37.65135
642.0 37.9721232
644.0 38.30294512
646.0 38.63577344
648.0 38.95765016
650.0 39.26065
652.0 39.54636136
654.0 39.81394824
656.0 40.06907872
658.0 40.3214504
660.0 40.57735
662.0 40.83574088
664.0 41.09719152
666.0 41.36056496
668.0 41.623186
670.0 41.8836
672.0 42.14232528
674.0 42.39854256
676.0 42.65551224
678.0 42.91841752
680.0 43.18985
682.0 43.46735184
684.0 43.74883304
686.0 44.03106664
688.0 44.30953824
690.0 44.5797
692.0 44.84115064
694.0 45.09613064
696.0 45.32895664
698.0 45.51655504
700.0 45.6456
702.0 45.71819824
704.0 45.73132344
706.0 45.70440424
708.0 45.66895784
710.0 45.6456
712.0 45.63195648
714.0 45.63025104
716.0 45.6370728
718.0 45.64389456
720.0 45.6456
722.0 45.6456
724.0 45.6456
726.0 45.6456
728.0 45.6456
730.0 45.6456
732.0 45.6456
734.0 45.6456
736.0 45.6456
738.0 45.6456
740.0 45.6456
742.0 45.6456
744.0 45.6456
746.0 45.6456
748.0 45.6456
750.0 45.6456
