380.0 7.2314
382.0 7.23798496
384.0 7.24535168
386.0 7.2521264
388.0 7.24871552
390.0 7.2314
392.0 7.20814752
394.0 7.1816992
396.0 7.16543648
398.0 7.17826656
400.0 7.2314
402.0 7.32437992
404.0 7.46094888
406.0 7.62527304
408.0 7.7911856
410.0 7.942
412.0 8.08101008
414.0 8.20771424
416.0 8.326142
418.0 8.44465336
420.0 8.569
422.0 8.69714208
424.0 8.8275748
426.0 8.96544792
428.0 9.11811824
430.0 9.29005
432.0 9.48052424
434.0 9.68975832
436.0 9.9142912
438.0 10.14827088
440.0 10.3873
442.0 10.63136184
444.0 10.8802056
446.0 11.12963456
448.0 11.37413112
450.0 11.60995
452.0 11.83663976
454.0 12.05333096
456.0 12.26074256
458.0 12.46079736
460.0 12.65495
462.0 12.8427992
464.0 13.02409416
466.0 13.20104192
468.0 13.37681928
470.0 13.55365
472.0 13.73185176
474.0 13.91214352
476.0 14.09444168
478.0 14.27807744
480.0 14.4628
482.0 14.64916112
484.0 14.83731128
486.0 15.02830384
488.0 15.2236436
490.0 15.4242
492.0 15.62963864
494.0 15.83972544
496.0 16.05382504
498.0 16.27093424
500.0 16.4901
502.0 16.71067024
504.0 16.93179224
506.0 17.15241264
508.0 17.37136104
510.0 17.58735
512.0 17.79984448
514.0 18.00906184
516.0 18.2107552
518.0 18.39882176
520.0 18.56965
522.0 18.72420968
524.0 18.8628352
526.0 18.98833552
528.0 19.10530864
530.0 19.21755
532.0 19.32537728
534.0 19.42874032
536.0 19.53394256
538.0 19.649762
540.0 19.78185
542.0 19.92975512
544.0 20.09364456
546.0 20.2719968
548.0 20.46163504
550.0 20.65965
552.0 20.86692784
554.0 21.0858428
556.0 21.30601176
558.0 21.51180152
560.0 21.6942
562.0 21.85700264
564.0 22.00256696
566.0 22.13743048
568.0 22.271876
570.0 22.41525
572.0 22.56783672
574.0 22.72647608
576.0 22.91646544
578.0 23.1746724
580.0 23.52295
582.0 23.95718512
584.0 24.47920024
586.0 25.06675776
588.0 25.68324088
590.0 26.30265
592.0 26.9261388
594.0 27.55201856
596.0 28.16652872
598.0 28.75345088
600.0 29.3018
602.0 29.80831568
604.0 30.26823272
606.0 30.68802176
608.0 31.0805572
610.0 31.4545
612.0 31.80769328
614.0 32.13990296
616.0 32.45422224
618.0 32.75424592
620.0 33.0429
622.0 33.32185648
624.0 33.59293784
626.0 33.8574148
628.0 34.11612336
630.0 34.37005
632.0 34.62008088
634.0 34.8662996
636.0 35.11159872
638.0 35.35999104
640.0 35.6136
642.0 35.87237544
644.0 36.13770512
646.0 36.4032856
648.0 36.65908488
650.0 36.89895
652.0 37.12403464
654.0 37.33367
656.0 37.53218656
658.0 37.72702472
660.0 37.92305
662.0 38.11961032
664.0 38.31735776
666.0 38.5154396
668.0 38.71176584
670.0 38.90535
672.0 39.0965432
674.0 39.2842252
676.0 39.4728268
678.0 39.6692868
680.0 39.8772
682.0 40.09450984
684.0 40.3205308
686.0 40.54872536
688.0 40.76914512
690.0 40.97445
692.0 41.16507472
694.0 41.34200576
696.0 41.4974516
698.0 41.62071144
700.0 41.70595
702.0 41.7539364
704.0 41.7627144
706.0 41.7451584
708.0 41.7217504
710.0 41.70595
712.0 41.6965868
714.0 41.6954164
716.0 41.700098
718.0 41.7047796
720.0 41.70595
722.0 41.70595
724.0 41.70595
726.0 41.70595
728.0 41.70595
730.0 41.70595
732.0 41.70595
734.0 41.70595
736.0 41.70595
738.0 41.70595
740.0 41.70595
742.0 41.70595
744.0 41.70595
746.0 41.70595
748.0 41.70595
750.0 41.70595
