380.0 17.01334
382.0 17.0153749708
384.0 17.0178386539
386.0 17.020470244
388.0 17.01948634
390.0 17.01334
392.0 17.0055218078
394.0 16.9976490066
396.0 16.9933916995
398.0 16.9976615604
400.0 17.01334
402.0 17.0416108416
404.0 17.0858865216
406.0 17.1380334336
408.0 17.1846048896
410.0 17.21832
412.0 17.2430979824
414.0 17.2602835056
416.0 17.2797648048
418.0 17.3167104
420.0 17.382304
422.0 17.476430816
424.0 17.5987956768
426.0 17.7594508016
428.0 17.9716788944
430.0 18.24322
432.0 18.5724014816
434.0 18.9586657936
436.0 19.3942072976
438.0 19.8663992256
440.0 20.364763
442.0 20.8874128048
444.0 21.4326924016
446.0 21.9855972544
448.0 22.5259573312
450.0 23.039752
452.0 23.5248658672
454.0 23.9775109024
456.0 24.3984250336
458.0 24.7920358288
460.0 25.161295
462.0 25.5043987232
464.0 25.8209862336
466.0 26.11322212
468.0 26.3842220784
470.0 26.637151
472.0 26.8732551632
474.0 27.092944528
476.0 27.3043527008
478.0 27.5188765696
480.0 27.744043
482.0 27.979606016
484.0 28.2261067648
486.0 28.4826105376
488.0 28.7464115984
490.0 29.014919
492.0 29.2874932048
494.0 29.5631831056
496.0 29.8364952384
498.0 30.0998863392
500.0 30.347289
502.0 30.5773093568
504.0 30.7889963024
506.0 30.97534772
508.0 31.1272624976
510.0 31.238952
512.0 31.3108425856
514.0 31.34308184
516.0 31.3376047744
518.0 31.2981830208
520.0 31.228703
522.0 31.1310833248
524.0 31.0073409984
526.0 30.8658884
528.0 30.7180404256
530.0 30.572767
532.0 30.4321999152
534.0 30.297929816
536.0 30.1790742128
538.0 30.0871939776
540.0 30.02957
542.0 30.00661224
544.0 30.0199277408
546.0 30.0636622736
548.0 30.1274848464
550.0 30.203803
552.0 30.2955028528
554.0 30.4072907456
556.0 30.5252280384
558.0 30.6284067712
560.0 30.706004
562.0 30.7645954832
564.0 30.8076904784
566.0 30.8532452336
568.0 30.9283171088
570.0 31.05447
572.0 31.232966584
574.0 31.4622818096
576.0 31.7744089552
578.0 32.2137876848
580.0 32.807049
582.0 33.5491093968
584.0 34.4394769232
586.0 35.4567680656
588.0 36.565398296
590.0 37.736818
592.0 38.9668455856
594.0 40.2501843696
596.0 41.5528732656
598.0 42.8303086256
600.0 44.050202
602.0 45.205633264
604.0 46.2875013056
606.0 47.2888532032
608.0 48.2073111888
610.0 49.041465
612.0 49.7866410928
614.0 50.4392318192
616.0 51.0090926176
618.0 51.512621888
620.0 51.96243
622.0 52.3595500528
624.0 52.7058350656
626.0 53.0135018464
628.0 53.2982928592
630.0 53.571523
632.0 53.8361603792
634.0 54.0963701904
636.0 54.3523984096
638.0 54.6015393008
640.0 54.842399
642.0 55.0782735856
644.0 55.3120327776
646.0 55.5412004176
648.0 55.7612669456
650.0 55.969789
652.0 56.1681112496
654.0 56.3564468736
656.0 56.5383051296
658.0 56.7190974896
660.0 56.902448
662.0 57.0878483104
664.0 57.2750852416
666.0 57.4650279088
668.0 57.658496232
670.0 57.855605
672.0 58.0562558224
674.0 58.2609242528
676.0 58.4653467072
678.0 58.6630458176
680.0 58.849758
682.0 59.0249913024
684.0 59.1867123232
686.0 59.337938368
688.0 59.4843268848
690.0 59.628682
692.0 59.769872224
694.0 59.909422608
696.0 60.03823204
698.0 60.142115904
700.0 60.212875
702.0 60.2524443392
704.0 60.25961044
706.0 60.2449666688
708.0 60.2256493536
710.0 60.212875
712.0 60.2053973296
714.0 60.2044626208
716.0 60.208201456
718.0 60.2119402912
720.0 60.212875
722.0 60.212875
724.0 60.212875
726.0 60.212875
728.0 60.212875
730.0 60.212875
732.0 60.212875
734.0 60.212875
736.0 60.212875
738.0 60.212875
740.0 60.212875
742.0 60.212875
744.0 60.212875
746.0 60.212875
748.0 60.212875
750.0 60.212875
