380.0 12.4982
382.0 12.502328
384.0 12.50703008
386.0 12.51151856
388.0 12.50941184
390.0 12.4982
392.0 12.48335064
394.0 12.46695016
396.0 12.45714488
398.0 12.4653136
400.0 12.4982
402.0 12.55616824
404.0 12.64264408
406.0 12.74625792
408.0 12.84819976
410.0 12.9371
412.0 13.0163528
414.0 13.08625912
416.0 13.15365744
418.0 13.23008456
420.0 13.32375
422.0 13.43344992
424.0 13.55819784
426.0 13.70484896
428.0 13.88268288
430.0 14.09705
432.0 14.34677992
434.0 14.63180576
436.0 14.9458408
438.0 15.27876944
440.0 15.62275
442.0 15.97697992
444.0 16.3403724
446.0 16.70493528
448.0 17.06030216
450.0 17.39925
452.0 17.7206084
454.0 18.02263848
456.0 18.30544056
458.0 18.57085384
460.0 18.82045
462.0 19.0534432
464.0 19.26909776
466.0 19.47204512
468.0 19.66922408
470.0 19.86545
472.0 20.0611576
474.0 20.25771792
476.0 20.45503064
478.0 20.65184176
480.0 20.84775
482.0 21.0437084
484.0 21.23961664
486.0 21.43853448
488.0 21.64497632
490.0 21.8614
492.0 22.08621712
494.0 22.31800648
496.0 22.55481184
498.0 22.7937908
500.0 23.0318
502.0 23.26731792
504.0 23.49974264
506.0 23.71996176
508.0 23.91518448
510.0 24.0768
512.0 24.20552728
514.0 24.30198496
516.0 24.36408304
518.0 24.38989872
520.0 24.37985
522.0 24.3356256
524.0 24.25757664
526.0 24.15896208
528.0 24.05926072
530.0 23.9723
532.0 23.89909984
534.0 23.84211808
536.0 23.80545112
538.0 23.79235936
540.0 23.8051
542.0 23.84484344
544.0 23.91187392
546.0 24.0054892
548.0 24.12401728
550.0 24.2649
552.0 24.42904024
554.0 24.6207016
556.0 24.82172616
558.0 25.00444232
560.0 25.15315
562.0 25.27580792
564.0 25.37825136
566.0 25.4714152
568.0 25.57201944
570.0 25.69655
572.0 25.84667888
574.0 26.0164872
576.0 26.25827512
578.0 26.64845304
580.0 27.2327
582.0 28.0017364
584.0 28.95713392
586.0 30.05924944
588.0 31.24228976
590.0 32.4577
592.0 33.70566408
594.0 34.98303864
596.0 36.2505484
598.0 37.45786616
600.0 38.57095
602.0 39.58337944
604.0 40.4835508
606.0 41.28507416
608.0 42.01704232
610.0 42.6987
612.0 43.3237772
614.0 43.89088616
616.0 44.40633032
618.0 44.87763368
620.0 45.3112
622.0 45.71069096
624.0 46.07983512
626.0 46.42373208
628.0 46.74773224
630.0 47.05635
632.0 47.35214352
634.0 47.63701888
636.0 47.91503904
638.0 48.190802
640.0 48.4671
642.0 48.74525392
644.0 49.02792224
646.0 49.30866776
648.0 49.57670608
650.0 49.8256
652.0 50.05713856
654.0 50.27090376
656.0 50.47229616
658.0 50.67026096
660.0 50.8706
662.0 51.07277824
664.0 51.27794936
666.0 51.48404008
668.0 51.6868704
670.0 51.88425
672.0 52.076948
674.0 52.26377728
676.0 52.45052296
678.0 52.64629744
680.0 52.8561
682.0 53.07753968
684.0 53.30976376
686.0 53.54633504
688.0 53.77730512
690.0 53.99515
692.0 54.20032112
694.0 54.39412264
696.0 54.56677336
698.0 54.70456288
700.0 54.7998
702.0 54.85345448
704.0 54.86321896
706.0 54.84347264
708.0 54.81728912
710.0 54.7998
712.0 54.78950048
714.0 54.78821304
716.0 54.7933628
718.0 54.79851256
720.0 54.7998
722.0 54.7998
724.0 54.7998
726.0 54.7998
728.0 54.7998
730.0 54.7998
732.0 54.7998
734.0 54.7998
736.0 54.7998
738.0 54.7998
740.0 54.7998
742.0 54.7998
744.0 54.7998
746.0 54.7998
748.0 54.7998
750.0 54.7998
