380.0 16.6782
382.0 16.68619584
384.0 16.69535088
386.0 16.70418072
388.0 16.70011776
390.0 16.6782
392.0 16.64917808
394.0 16.61708872
396.0 16.59789216
398.0 16.6138912
400.0 16.6782
402.0 16.79136096
404.0 16.95998216
406.0 17.16112376
408.0 17.35699856
410.0 17.52465
412.0 17.670114
414.0 17.79280536
416.0 17.90738752
418.0 18.03877328
420.0 18.2039
422.0 18.39915616
424.0 18.62225112
426.0 18.88204648
428.0 19.18999544
430.0 19.55195
432.0 19.96628832
434.0 20.43374608
436.0 20.93915824
438.0 21.4589496
440.0 21.97635
442.0 22.49097488
444.0 23.00056704
446.0 23.498288
448.0 23.97711536
450.0 24.4321
452.0 24.86076736
454.0 25.2604088
456.0 25.63379984
458.0 25.98679248
460.0 26.32355
462.0 26.64335344
464.0 26.94631984
466.0 27.23540864
468.0 27.51446544
470.0 27.78655
472.0 28.05301664
474.0 28.31552064
476.0 28.57551664
478.0 28.83417504
480.0 29.0928
482.0 29.35199344
484.0 29.61115344
486.0 29.87499504
488.0 30.15037344
490.0 30.44085
492.0 30.74369936
494.0 31.05643024
496.0 31.37518032
498.0 31.694432
500.0 32.00835
502.0 32.31450992
504.0 32.61229312
506.0 32.88533072
508.0 33.11054912
510.0 33.2728
512.0 33.37377208
514.0 33.41443512
516.0 33.39423736
518.0 33.3144328
520.0 33.17875
522.0 32.99001464
524.0 32.74934696
526.0 32.47883408
528.0 32.2103276
530.0 31.96655
532.0 31.74890576
534.0 31.56015368
536.0 31.4095232
538.0 31.30637752
540.0 31.25595
542.0 31.25867536
544.0 31.315306
546.0 31.41557584
548.0 31.54301568
550.0 31.6844
552.0 31.84191912
554.0 32.02184304
556.0 32.19549696
558.0 32.32066288
560.0 32.3741
562.0 32.3673284
564.0 32.30760456
566.0 32.22029272
568.0 32.14418328
570.0 32.11285
572.0 32.12809864
574.0 32.18233832
576.0 32.3507756
578.0 32.74158888
580.0 33.4191
582.0 34.37066864
584.0 35.5988864
586.0 37.04362816
588.0 38.60566072
590.0 40.2116
592.0 41.86137912
594.0 43.55029976
596.0 45.2180696
598.0 46.78727504
600.0 48.20585
602.0 49.46489944
604.0 50.5477368
606.0 51.47583056
608.0 52.29432472
610.0 53.03375
612.0 53.685412
614.0 54.24733776
616.0 54.73410712
618.0 55.16427928
620.0 55.5522
622.0 55.90316952
624.0 56.22327392
626.0 56.51888352
628.0 56.79526512
630.0 57.057
632.0 57.30850224
634.0 57.55351712
636.0 57.793516
638.0 58.02858248
640.0 58.25875
642.0 58.48610856
644.0 58.7131996
646.0 58.93519104
648.0 59.14405728
650.0 59.3351
652.0 59.50967352
654.0 59.66735984
656.0 59.81309136
658.0 59.95489368
660.0 60.09795
662.0 60.24184232
664.0 60.38767416
666.0 60.5332552
668.0 60.67432184
670.0 60.80855
672.0 60.9367924
674.0 61.0582632
676.0 61.1775604
678.0 61.3019572
680.0 61.43555
682.0 61.57678384
684.0 61.7254748
686.0 61.87659016
688.0 62.02218792
690.0 62.1566
692.0 62.28044504
694.0 62.39440856
696.0 62.49382568
698.0 62.5724264
700.0 62.62685
702.0 62.65749776
704.0 62.66311568
706.0 62.65193
708.0 62.63698232
710.0 62.62685
712.0 62.6208308
714.0 62.6200784
716.0 62.623088
718.0 62.6260976
720.0 62.62685
722.0 62.62685
724.0 62.62685
726.0 62.62685
728.0 62.62685
730.0 62.62685
732.0 62.62685
734.0 62.62685
736.0 62.62685
738.0 62.62685
740.0 62.62685
742.0 62.62685
744.0 62.62685
746.0 62.62685
748.0 62.62685
750.0 62.62685
