380.0 13.30285
382.0 13.31207816
384.0 13.32257512
386.0 13.33256728
388.0 13.32785224
390.0 13.30285
392.0 13.26957072
394.0 13.23235328
396.0 13.20984304
398.0 13.2282132
400.0 13.30285
402.0 13.43380104
404.0 13.62775304
406.0 13.85940864
408.0 14.08713504
410.0 14.28515
412.0 14.4592888
414.0 14.60838104
416.0 14.74551848
418.0 14.89385832
420.0 15.0689
422.0 15.266614
424.0 15.48470968
426.0 15.73005896
428.0 16.01143984
430.0 16.33335
432.0 16.69473608
434.0 17.09641736
436.0 17.52643904
438.0 17.96615832
440.0 18.40245
442.0 18.83523048
444.0 19.26281104
446.0 19.680694
448.0 20.08461576
450.0 20.47155
452.0 20.83937328
454.0 21.1856612
456.0 21.51330632
458.0 21.82790984
460.0 22.1331
462.0 22.4281244
464.0 22.71346792
466.0 22.98844504
468.0 23.25146736
470.0 23.50205
472.0 23.74176464
474.0 23.97183184
476.0 24.19462584
478.0 24.41332344
480.0 24.63065
482.0 24.8469232
484.0 25.06155784
486.0 25.28028888
488.0 25.51130912
490.0 25.75925
492.0 26.02198808
494.0 26.29786808
496.0 26.58319488
498.0 26.87228368
500.0 27.15955
502.0 27.44305432
504.0 27.72199408
506.0 27.98295984
508.0 28.2072252
510.0 28.3822
512.0 28.50890416
514.0 28.58822384
516.0 28.61729992
518.0 28.5936244
520.0 28.51805
522.0 28.39345256
524.0 28.22111952
526.0 28.01961008
528.0 27.81592704
530.0 27.6298
532.0 27.46249968
534.0 27.31569808
536.0 27.20200208
538.0 27.13654328
540.0 27.1282
542.0 27.17615296
544.0 27.28041888
546.0 27.4309156
548.0 27.61117392
550.0 27.80745
552.0 28.02211808
554.0 28.2627356
556.0 28.49449152
558.0 28.66580464
560.0 28.74795
562.0 28.75274864
564.0 28.68501592
566.0 28.579078
568.0 28.48843888
570.0 28.45535
572.0 28.47904224
574.0 28.5522424
576.0 28.74223176
578.0 29.14423072
580.0 29.81385
582.0 30.74073992
584.0 31.92964896
586.0 33.3153524
588.0 34.79167824
590.0 36.2824
592.0 37.78898904
594.0 39.3055432
596.0 40.78748696
598.0 42.18139992
600.0 43.4511
602.0 44.58677256
604.0 45.57367056
606.0 46.43123936
608.0 47.19877096
610.0 47.9028
612.0 48.53645456
614.0 49.09858096
616.0 49.60026456
618.0 50.05504856
620.0 50.4735
622.0 50.86015
624.0 51.22001456
626.0 51.55739072
628.0 51.87537168
630.0 52.17685
632.0 52.46553752
634.0 52.74476152
636.0 53.01495672
638.0 53.27511992
640.0 53.5249
642.0 53.76645384
644.0 54.00193832
646.0 54.2298988
648.0 54.44749288
650.0 54.6535
652.0 54.84907384
654.0 55.0341308
656.0 55.21367016
658.0 55.39521592
660.0 55.58355
662.0 55.77805376
664.0 55.97902816
666.0 56.18468416
668.0 56.39159416
670.0 56.5972
672.0 56.80190296
674.0 57.00605416
676.0 57.20644336
678.0 57.39855616
680.0 57.5795
682.0 57.74843888
684.0 57.90308216
686.0 58.04760984
688.0 58.18929512
690.0 58.3319
692.0 58.47428752
694.0 58.61834704
696.0 58.75354496
698.0 58.86332848
700.0 58.938
702.0 58.97976656
704.0 58.98729056
706.0 58.97174096
708.0 58.95134256
710.0 58.938
712.0 58.93024192
714.0 58.92927216
716.0 58.9331512
718.0 58.93703024
720.0 58.938
722.0 58.938
724.0 58.938
726.0 58.938
728.0 58.938
730.0 58.938
732.0 58.938
734.0 58.938
736.0 58.938
738.0 58.938
740.0 58.938
742.0 58.938
744.0 58.938
746.0 58.938
748.0 58.938
750.0 58.938
