380.0 13.82535
382.0 13.83089048
384.0 13.83725112
386.0 13.84341816
388.0 13.8406092
390.0 13.82535
392.0 13.80522
394.0 13.78316016
396.0 13.77007632
398.0 13.78115288
400.0 13.82535
402.0 13.9033488
404.0 14.02015472
406.0 14.15961624
408.0 14.29506496
410.0 14.41055
412.0 14.51066936
414.0 14.59508864
416.0 14.67599672
418.0 14.7736248
420.0 14.9017
422.0 15.0574468
424.0 15.23904272
426.0 15.45324264
428.0 15.70865736
430.0 16.0094
432.0 16.35419984
434.0 16.74402664
436.0 17.16453464
438.0 17.59356984
440.0 18.0158
442.0 18.43114152
444.0 18.83720344
446.0 19.23139416
448.0 19.61279408
450.0 19.9804
452.0 20.33153672
454.0 20.66396376
456.0 20.9790856
458.0 21.27999544
460.0 21.5688
462.0 21.84516488
464.0 22.1095248
466.0 22.36218072
468.0 22.60321624
470.0 22.83325
472.0 23.05365304
474.0 23.26564592
476.0 23.4717032
478.0 23.67500168
480.0 23.87825
482.0 24.0814816
484.0 24.2834592
486.0 24.4907036
488.0 24.7127452
490.0 24.9546
492.0 25.2130912
494.0 25.485878
496.0 25.7664396
498.0 26.0450784
500.0 26.3131
502.0 26.56846456
504.0 26.8107708
506.0 27.02239584
508.0 27.17876128
510.0 27.26405
512.0 27.28023496
514.0 27.22821904
516.0 27.11024272
518.0 26.9318236
520.0 26.69975
522.0 26.41728232
524.0 26.08656072
526.0 25.73017392
528.0 25.37997352
530.0 25.0591
532.0 24.7695096
534.0 24.51354312
536.0 24.30405824
538.0 24.15576856
540.0 24.0768
542.0 24.06623296
544.0 24.12423464
546.0 24.23640912
548.0 24.3799336
550.0 24.5366
552.0 24.70896648
554.0 24.90470752
556.0 25.08665456
558.0 25.200384
560.0 25.21585
562.0 25.14632824
564.0 24.99845656
566.0 24.80845048
568.0 24.632322
570.0 24.5157
572.0 24.45997224
574.0 24.45850088
576.0 24.59112392
578.0 24.97086856
580.0 25.6652
582.0 26.662548
584.0 27.96680832
586.0 29.51467904
588.0 31.20124216
590.0 32.94885
592.0 34.75721832
594.0 36.62076264
596.0 38.47603056
598.0 40.24176288
600.0 41.8627
602.0 43.328208
604.0 44.61971096
606.0 45.75663752
608.0 46.78220888
610.0 47.72515
612.0 48.57526168
614.0 49.32936712
616.0 50.00003976
618.0 50.6035816
620.0 51.15275
622.0 51.65229344
624.0 52.10767936
626.0 52.52569608
628.0 52.9126972
630.0 53.2741
632.0 53.61441888
634.0 53.93786728
636.0 54.24635128
638.0 54.54037248
640.0 54.8207
642.0 55.09032672
644.0 55.35246288
646.0 55.60481784
648.0 55.8427936
650.0 56.06425
652.0 56.27104296
654.0 56.46330624
656.0 56.64737672
658.0 56.8327848
660.0 57.02565
662.0 57.22535368
664.0 57.43246432
666.0 57.64492536
668.0 57.8586404
670.0 58.07065
672.0 58.2814892
674.0 58.49137536
676.0 58.69749952
678.0 58.89601608
680.0 59.0843
682.0 59.26146512
684.0 59.42565552
686.0 59.57906152
688.0 59.72586312
690.0 59.86805
692.0 60.00483632
694.0 60.13767672
696.0 60.25872952
698.0 60.35578912
700.0 60.4219
702.0 60.45883448
704.0 60.46555592
706.0 60.45196256
708.0 60.4339384
710.0 60.4219
712.0 60.41481072
714.0 60.41392456
716.0 60.4174692
718.0 60.42101384
720.0 60.4219
722.0 60.4219
724.0 60.4219
726.0 60.4219
728.0 60.4219
730.0 60.4219
732.0 60.4219
734.0 60.4219
736.0 60.4219
738.0 60.4219
740.0 60.4219
742.0 60.4219
744.0 60.4219
746.0 60.4219
748.0 60.4219
750.0 60.4219
