380.0 9.9484
382.0 9.95512288
384.0 9.96270064
386.0 9.9697804
388.0 9.96631936
390.0 9.9484
392.0 9.92446216
394.0 9.8975248
396.0 9.88112824
398.0 9.89432608
400.0 9.9484
402.0 10.04325256
404.0 10.18334944
406.0 10.35153592
408.0 10.5194716
410.0 10.66945
412.0 10.8052164
414.0 10.92578432
416.0 11.03907904
418.0 11.15947976
420.0 11.29645
422.0 11.44721424
424.0 11.61040144
426.0 11.78905464
428.0 11.98685224
430.0 12.2056
432.0 12.44489664
434.0 12.70514344
436.0 12.98052184
438.0 13.26200304
440.0 13.5432
442.0 13.82391208
444.0 14.10310264
446.0 14.3786984
448.0 14.64886016
450.0 14.91215
452.0 15.16751456
454.0 15.4140844
456.0 15.65187624
458.0 15.88147528
460.0 16.10345
462.0 16.3178004
464.0 16.52466024
466.0 16.72550088
468.0 16.92241232
470.0 17.1171
472.0 17.31014912
474.0 17.50222848
476.0 17.69489304
478.0 17.889982
480.0 18.08895
482.0 18.29211472
484.0 18.49945944
486.0 18.71273976
488.0 18.93429648
490.0 19.1653
492.0 19.4049812
494.0 19.65273816
496.0 19.90643072
498.0 20.16288208
500.0 20.4193
502.0 20.67466456
504.0 20.92802272
506.0 21.17527808
508.0 21.41108024
510.0 21.6315
512.0 21.8364036
514.0 22.02624248
516.0 22.19743856
518.0 22.34522664
520.0 22.4675
522.0 22.56549592
524.0 22.63918096
526.0 22.696982
528.0 22.75168984
530.0 22.81235
532.0 22.87921328
534.0 22.9534668
536.0 23.03833752
538.0 23.13691864
540.0 23.25125
542.0 23.38179976
544.0 23.52856792
546.0 23.69088568
548.0 23.86733184
550.0 24.0559
552.0 24.25749304
554.0 24.47572248
556.0 24.69654352
558.0 24.89847096
560.0 25.06955
562.0 25.21625128
564.0 25.34310592
566.0 25.46043016
568.0 25.5838572
570.0 25.7279
572.0 25.89366208
574.0 26.07656216
576.0 26.31689544
578.0 26.67326552
580.0 27.18045
582.0 27.83166056
584.0 28.62910424
586.0 29.53873912
588.0 30.5044696
590.0 31.48585
592.0 32.48391696
594.0 33.49594512
596.0 34.49618568
598.0 35.45303784
600.0 36.3451
602.0 37.1669716
604.0 37.90999168
606.0 38.58521216
608.0 39.21512144
610.0 39.8145
612.0 40.37898392
614.0 40.90803816
616.0 41.4046556
618.0 41.87167864
620.0 42.31205
622.0 42.72864552
624.0 43.1239732
626.0 43.50207928
628.0 43.86764536
630.0 44.2244
632.0 44.57354704
634.0 44.91567168
636.0 45.25445232
638.0 45.59448696
640.0 45.9382
642.0 46.28612648
644.0 46.64062392
646.0 46.99303136
648.0 47.3294712
650.0 47.64155
652.0 47.93112368
654.0 48.19745656
656.0 48.44715304
658.0 48.69133192
660.0 48.93735
662.0 49.18435456
664.0 49.43321504
666.0 49.68341312
668.0 49.9329424
670.0 50.1809
672.0 50.42797144
674.0 50.67332072
676.0 50.9210108
678.0 51.17731168
680.0 51.44535
682.0 51.72268464
684.0 52.0077272
686.0 52.29502696
688.0 52.57655832
690.0 52.84565
692.0 53.10223512
694.0 53.34813616
696.0 53.5697096
698.0 53.74730944
700.0 53.86975
702.0 53.93866984
704.0 53.9511764
706.0 53.92572856
708.0 53.89208792
710.0 53.86975
712.0 53.85664152
714.0 53.85500296
716.0 53.8615572
718.0 53.86811144
720.0 53.86975
722.0 53.86975
724.0 53.86975
726.0 53.86975
728.0 53.86975
730.0 53.86975
732.0 53.86975
734.0 53.86975
736.0 53.86975
738.0 53.86975
740.0 53.86975
742.0 53.86975
744.0 53.86975
746.0 53.86975
748.0 53.86975
750.0 53.86975
