380.0 15.70635
382.0 15.71007992
384.0 15.71432184
386.0 15.71835816
388.0 15.71645208
390.0 15.70635
392.0 15.69314704
394.0 15.67908416
396.0 15.67096368
398.0 15.678142
400.0 15.70635
402.0 15.75682768
404.0 15.83373968
406.0 15.92712088
408.0 16.02016768
410.0 16.10345
412.0 16.18133176
414.0 16.25491648
416.0 16.3346876
418.0 16.43703072
420.0 16.5737
422.0 16.74329096
424.0 16.9438808
426.0 17.18627064
428.0 17.48525768
430.0 17.8486
432.0 18.27377288
434.0 18.76121104
436.0 19.294044
438.0 19.84602136
440.0 20.3984
442.0 20.95062816
444.0 21.5000808
446.0 22.03874904
448.0 22.55827288
450.0 23.0527
452.0 23.51915456
454.0 23.95452664
456.0 24.36139112
458.0 24.7456
460.0 25.11135
462.0 25.45772152
464.0 25.78459752
466.0 26.09567312
468.0 26.39596432
470.0 26.6893
472.0 26.97690072
474.0 27.26038832
476.0 27.54128432
478.0 27.82075912
480.0 28.10005
482.0 28.37972544
484.0 28.65918352
486.0 28.9425708
488.0 29.23590648
490.0 29.54215
492.0 29.85845896
494.0 30.182108
496.0 30.50918464
498.0 30.83425488
500.0 31.15145
502.0 31.4584292
504.0 31.75507544
506.0 32.02363208
508.0 32.23885192
510.0 32.38455
512.0 32.46289992
514.0 32.47457048
516.0 32.42253784
518.0 32.31349
520.0 32.15465
522.0 31.94829176
524.0 31.69555224
526.0 31.41789992
528.0 31.1457652
530.0 30.90065
532.0 30.684544
534.0 30.50139312
536.0 30.35619664
538.0 30.25188056
540.0 30.19005
542.0 30.17227664
544.0 30.19919584
546.0 30.26549064
548.0 30.36255024
550.0 30.48265
552.0 30.62726128
554.0 30.80203544
556.0 30.9819928
558.0 31.12976416
560.0 31.2246
562.0 31.27691688
564.0 31.2934864
566.0 31.29458992
568.0 31.31124304
570.0 31.3709
572.0 31.47466432
574.0 31.61444352
576.0 31.85822112
578.0 32.30456152
580.0 33.01155
582.0 33.96704784
584.0 35.17396432
586.0 36.57291
588.0 38.06665808
590.0 39.5846
592.0 41.12767208
594.0 42.6910088
596.0 44.22642312
598.0 45.67405744
600.0 46.99365
602.0 48.17622216
604.0 49.20655872
606.0 50.10564328
608.0 50.91569384
610.0 51.6648
612.0 52.34520368
614.0 52.95573448
616.0 53.50481928
618.0 54.00190488
620.0 54.45495
622.0 54.86903752
624.0 55.24938408
626.0 55.60063784
628.0 55.926728
630.0 56.23145
632.0 56.51824816
634.0 56.78951344
636.0 57.04999432
638.0 57.3052084
640.0 57.5586
642.0 57.81180768
644.0 58.06807512
646.0 58.32041336
648.0 58.5569512
650.0 58.7708
652.0 58.9641668
654.0 59.13651656
656.0 59.29540672
658.0 59.45304288
660.0 59.61725
662.0 59.78719208
664.0 59.96420672
666.0 60.14498336
668.0 60.3231684
670.0 60.49505
672.0 60.66159792
674.0 60.82164176
676.0 60.9800972
678.0 61.14498984
680.0 61.3206
682.0 61.50488784
684.0 61.6977196
686.0 61.89163816
688.0 62.07510672
690.0 62.2402
692.0 62.38777072
694.0 62.51822016
696.0 62.6281876
698.0 62.71374384
700.0 62.77315
702.0 62.80657328
704.0 62.8127764
706.0 62.80075472
708.0 62.78446944
710.0 62.77315
712.0 62.76632824
714.0 62.76547552
716.0 62.7688864
718.0 62.77229728
720.0 62.77315
722.0 62.77315
724.0 62.77315
726.0 62.77315
728.0 62.77315
730.0 62.77315
732.0 62.77315
734.0 62.77315
736.0 62.77315
738.0 62.77315
740.0 62.77315
742.0 62.77315
744.0 62.77315
746.0 62.77315
748.0 62.77315
750.0 62.77315
