380.0 21.64195
382.0 21.63537528
384.0 21.62830168
386.0 21.62234728
388.0 21.62585848
390.0 21.64195
392.0 21.66438488
394.0 21.69192648
396.0 21.71000248
398.0 21.69748088
400.0 21.64195
402.0 21.54671288
404.0 21.41245128
406.0 21.25026728
408.0 21.07821848
410.0 20.91045
412.0 20.74931936
414.0 20.59843808
416.0 20.4707976
418.0 20.38253272
420.0 20.34615
422.0 20.36410728
424.0 20.4369396
426.0 20.57740432
428.0 20.80205424
430.0 21.11945
432.0 21.52654856
434.0 22.02284832
436.0 22.58962288
438.0 23.19794664
440.0 23.826
442.0 24.47144216
444.0 25.13064488
446.0 25.7867544
448.0 26.41912152
450.0 27.01325
452.0 27.56536112
454.0 28.0704556
456.0 28.53074048
458.0 28.95340536
460.0 29.3436
462.0 29.69955208
464.0 30.02099408
466.0 30.31317608
468.0 30.58345488
470.0 30.83795
472.0 31.07873472
474.0 31.30784888
476.0 31.53211424
478.0 31.760058
480.0 31.9979
482.0 32.24682736
484.0 32.50780984
486.0 32.78350592
488.0 33.0765072
490.0 33.38775
492.0 33.71517776
494.0 34.05564712
496.0 34.40723528
498.0 34.76776864
500.0 35.1329
502.0 35.499068
504.0 35.86580448
506.0 36.21105576
508.0 36.50313744
510.0 36.7213
512.0 36.86731576
514.0 36.94080016
516.0 36.94372616
518.0 36.88228016
520.0 36.7631
522.0 36.58743968
524.0 36.35568376
526.0 36.08881584
528.0 35.81693192
530.0 35.56135
532.0 35.3244276
534.0 35.11103024
536.0 34.92522088
538.0 34.76833712
540.0 34.64175
542.0 34.54843568
544.0 34.48966488
546.0 34.46550448
548.0 34.47511848
550.0 34.51635
552.0 34.59057008
554.0 34.70317928
556.0 34.83301008
558.0 34.94754208
560.0 35.0284
562.0 35.08521456
564.0 35.12502488
566.0 35.160906
568.0 35.21275472
570.0 35.3001
572.0 35.42479776
574.0 35.5796584
576.0 35.82639544
578.0 36.25521328
580.0 36.91985
582.0 37.80881896
584.0 38.92335744
586.0 40.21613112
588.0 41.6088904
590.0 43.04355
592.0 44.5195916
594.0 46.03276832
596.0 47.53457544
598.0 48.96273096
600.0 50.27495
602.0 51.46319024
604.0 52.51312264
606.0 53.44024664
608.0 54.27858744
610.0 55.0506
612.0 55.74829216
614.0 56.36933984
616.0 56.92200272
618.0 57.4166472
620.0 57.86165
622.0 58.2613416
624.0 58.62092192
626.0 58.94405264
628.0 59.23324176
630.0 59.49185
632.0 59.72382328
634.0 59.93128504
636.0 60.1233644
638.0 60.31218336
640.0 60.5055
642.0 60.70466864
644.0 60.913468
646.0 61.12385576
648.0 61.32161992
650.0 61.49825
652.0 61.65672216
654.0 61.79725376
656.0 61.92532896
658.0 62.05006016
660.0 62.1775
662.0 62.30704656
664.0 62.43946896
666.0 62.57439936
668.0 62.71024936
670.0 62.8463
672.0 62.98276864
674.0 63.11830096
676.0 63.25709368
678.0 63.4057512
680.0 63.56735
682.0 63.74028496
684.0 63.92539208
686.0 64.1115024
688.0 64.28147792
690.0 64.42425
692.0 64.5411228
694.0 64.6313272
696.0 64.6975384
698.0 64.7455248
700.0 64.77955
702.0 64.79871112
704.0 64.8024564
706.0 64.79600248
708.0 64.78670616
710.0 64.77955
712.0 64.77500216
714.0 64.77443368
716.0 64.7767076
718.0 64.77898152
720.0 64.77955
722.0 64.77955
724.0 64.77955
726.0 64.77955
728.0 64.77955
730.0 64.77955
732.0 64.77955
734.0 64.77955
736.0 64.77955
738.0 64.77955
740.0 64.77955
742.0 64.77955
744.0 64.77955
746.0 64.77955
748.0 64.77955
750.0 64.77955
