380.0 11.40095
382.0 11.40888056
384.0 11.4178724
386.0 11.42637584
388.0 11.42231288
390.0 11.40095
392.0 11.37246704
394.0 11.34050984
396.0 11.32111904
398.0 11.33684024
400.0 11.40095
402.0 11.51337528
404.0 11.67962224
406.0 11.8784732
408.0 12.07498336
410.0 12.2474
412.0 12.40070568
414.0 12.5343152
416.0 12.65772552
418.0 12.78807464
420.0 12.9371
422.0 13.10165824
424.0 13.27937512
426.0 13.4785772
428.0 13.71071768
430.0 13.9821
432.0 14.29145344
434.0 14.6398648
436.0 15.01552976
438.0 15.39972192
440.0 15.7795
442.0 16.1551984
444.0 16.52517856
446.0 16.88663152
448.0 17.23771808
450.0 17.5769
452.0 17.902104
454.0 18.21152432
456.0 18.50623104
458.0 18.78873216
460.0 19.0608
462.0 19.32201656
464.0 19.57238184
466.0 19.81321672
468.0 20.0462768
470.0 20.273
472.0 20.49440624
474.0 20.71200032
476.0 20.9256652
478.0 21.13456488
480.0 21.3389
482.0 21.53942296
484.0 21.7353312
486.0 21.93349664
488.0 22.14420208
490.0 22.37345
492.0 22.6188996
494.0 22.87909624
496.0 23.15016088
498.0 23.42590712
500.0 23.7006
502.0 23.97275144
504.0 24.24180968
506.0 24.49531832
508.0 24.71588856
510.0 24.8919
512.0 25.02425552
514.0 25.11354032
516.0 25.15801552
518.0 25.15676152
520.0 25.11135
522.0 25.02422208
524.0 24.89668192
526.0 24.74464696
528.0 24.5911072
530.0 24.453
532.0 24.3314456
534.0 24.22749736
536.0 24.15347792
538.0 24.12468608
540.0 24.14995
542.0 24.22808256
544.0 24.35921752
546.0 24.53206888
548.0 24.72841184
550.0 24.9337
552.0 25.1504748
554.0 25.38562488
556.0 25.60815136
558.0 25.77240864
560.0 25.8533
562.0 25.8617436
564.0 25.80243776
566.0 25.70776912
568.0 25.62789768
570.0 25.6025
572.0 25.63155936
574.0 25.70927392
576.0 25.89759128
578.0 26.28378984
580.0 26.9192
582.0 27.79462576
584.0 28.91387928
586.0 30.2206476
588.0 31.62280352
590.0 33.05335
592.0 34.51285552
594.0 35.9963208
596.0 37.45796648
598.0 38.84102816
600.0 40.1071
602.0 41.24742072
604.0 42.24766128
606.0 43.12584584
608.0 43.91926
610.0 44.65285
612.0 45.31944296
614.0 45.91766784
616.0 46.45687112
618.0 46.9483388
620.0 47.4012
622.0 47.81965144
624.0 48.20787312
626.0 48.5719344
628.0 48.91802168
630.0 49.25085
632.0 49.57357944
634.0 49.8897212
636.0 50.19792096
638.0 50.49424952
640.0 50.77655
642.0 51.04734712
644.0 51.30863056
646.0 51.5600492
648.0 51.80068344
650.0 52.03055
652.0 52.25045144
654.0 52.4601704
656.0 52.66478976
658.0 52.87183352
660.0 53.086
662.0 53.3067876
664.0 53.53481496
666.0 53.76710592
668.0 53.99839368
670.0 54.22505
672.0 54.4476768
674.0 54.66639112
676.0 54.87942064
678.0 55.08459176
680.0 55.2805
682.0 55.4659248
684.0 55.63842504
686.0 55.80206368
688.0 55.96377952
690.0 56.12695
692.0 56.29052176
694.0 56.45673528
696.0 56.6131676
698.0 56.74042352
700.0 56.8271
702.0 56.87563816
704.0 56.884366
706.0 56.86625824
708.0 56.84254928
710.0 56.8271
712.0 56.81813808
714.0 56.81701784
716.0 56.8214988
718.0 56.82597976
720.0 56.8271
722.0 56.8271
724.0 56.8271
726.0 56.8271
728.0 56.8271
730.0 56.8271
732.0 56.8271
734.0 56.8271
736.0 56.8271
738.0 56.8271
740.0 56.8271
742.0 56.8271
744.0 56.8271
746.0 56.8271
748.0 56.8271
750.0 56.8271
