380.0 12.7072
382.0 12.7147248
384.0 12.72323728
386.0 12.73125016
388.0 12.72738784
390.0 12.7072
392.0 12.68029112
394.0 12.65014416
396.0 12.6318724
398.0 12.64670624
400.0 12.7072
402.0 12.81340544
404.0 12.9706236
406.0 13.15910816
408.0 13.34625512
410.0 13.51185
412.0 13.66042392
414.0 13.79095696
416.0 13.9136316
418.0 14.04650544
420.0 14.20155
422.0 14.37522064
424.0 14.56521
426.0 14.77676816
428.0 15.01675032
430.0 15.28835
432.0 15.59046368
434.0 15.92401096
436.0 16.27678624
438.0 16.62997952
440.0 16.9708
442.0 17.29963224
444.0 17.61488784
446.0 17.91551344
448.0 18.20226144
450.0 18.4756
452.0 18.73368992
454.0 18.97489264
456.0 19.20238496
458.0 19.42143368
460.0 19.63555
462.0 19.8444664
464.0 20.04875136
466.0 20.24810392
468.0 20.44143728
470.0 20.6283
472.0 20.81001296
474.0 20.98796392
476.0 21.16190208
478.0 21.33107504
480.0 21.49565
482.0 21.65602824
484.0 21.81113968
486.0 21.96767232
488.0 22.13574176
490.0 22.3212
492.0 22.52138856
494.0 22.73436792
496.0 22.95671048
498.0 23.18306584
500.0 23.408
502.0 23.62975736
504.0 23.84805368
506.0 24.0481252
508.0 24.20907192
510.0 24.31715
512.0 24.37388096
514.0 24.3801008
516.0 24.33515744
518.0 24.23997048
520.0 24.0977
522.0 23.9109376
524.0 23.68090384
526.0 23.42670968
528.0 23.17585952
530.0 22.9482
532.0 22.74476776
534.0 22.56705088
536.0 22.426118
538.0 22.33484352
540.0 22.3003
542.0 22.32140064
544.0 22.3980284
546.0 22.51779376
548.0 22.66113432
550.0 22.81235
552.0 22.97331344
554.0 23.15022776
556.0 23.31109088
558.0 23.4091704
560.0 23.41845
562.0 23.35076744
564.0 23.21327888
566.0 23.03323792
568.0 22.85269536
570.0 22.70785
572.0 22.60271464
574.0 22.53389512
576.0 22.5742572
578.0 22.82696328
580.0 23.35575
582.0 24.15140464
584.0 25.215432
586.0 26.51019536
588.0 27.96990152
590.0 29.54215
592.0 31.22428232
594.0 33.01352296
596.0 34.8384608
598.0 36.60161824
600.0 38.23655
602.0 39.73554816
604.0 41.0811236
606.0 42.28533144
608.0 43.38152808
610.0 44.3916
612.0 45.3041776
614.0 46.11396064
616.0 46.83445888
618.0 47.48506752
620.0 48.08045
622.0 48.62369952
624.0 49.11907968
626.0 49.57483344
628.0 49.9996552
630.0 50.40035
632.0 50.78113128
634.0 51.14642984
636.0 51.4966804
638.0 51.82996016
640.0 52.1455
642.0 52.44647672
644.0 52.7357996
646.0 53.01199728
648.0 53.27197656
650.0 53.51445
652.0 53.74097256
654.0 53.95182848
656.0 54.1521508
658.0 54.34954712
660.0 54.549
662.0 54.75025864
664.0 54.9539584
666.0 55.15891216
668.0 55.36244472
670.0 55.56265
672.0 55.76007976
674.0 55.95503496
676.0 56.14555936
678.0 56.32889416
680.0 56.50315
682.0 56.66765808
684.0 56.82096376
686.0 56.96473904
688.0 57.10216072
690.0 57.23465
692.0 57.36165512
694.0 57.48456384
696.0 57.59627016
698.0 57.68573888
700.0 57.7467
702.0 57.78075864
704.0 57.78696176
706.0 57.77443848
708.0 57.7578188
710.0 57.7467
712.0 57.74014576
714.0 57.73932648
716.0 57.7426036
718.0 57.74588072
720.0 57.7467
722.0 57.7467
724.0 57.7467
726.0 57.7467
728.0 57.7467
730.0 57.7467
732.0 57.7467
734.0 57.7467
736.0 57.7467
738.0 57.7467
740.0 57.7467
742.0 57.7467
744.0 57.7467
746.0 57.7467
748.0 57.7467
750.0 57.7467
