380.0 14.72405
382.0 14.73655048
384.0 14.7506804
386.0 14.76395912
388.0 14.75753864
390.0 14.72405
392.0 14.67932248
394.0 14.62896792
396.0 14.59831256
398.0 14.6230004
400.0 14.72405
402.0 14.90114824
404.0 15.16258216
406.0 15.47568088
408.0 15.786606
410.0 16.06165
412.0 16.3076012
414.0 16.52218568
416.0 16.72055176
418.0 16.93028744
420.0 17.16935
422.0 17.43161992
424.0 17.71338536
426.0 18.0205652
428.0 18.36068344
430.0 18.73685
432.0 19.14801152
434.0 19.5961744
436.0 20.06323088
438.0 20.52134216
440.0 20.95225
442.0 21.35702448
444.0 21.73289008
446.0 22.08426088
448.0 22.42108528
450.0 22.74965
452.0 23.06694544
454.0 23.37170088
456.0 23.66508672
458.0 23.94852416
460.0 24.2231
462.0 24.48951648
464.0 24.74879352
466.0 25.00046296
468.0 25.2433544
470.0 25.4771
472.0 25.70297048
474.0 25.92206936
476.0 26.13573424
478.0 26.34563712
480.0 26.55345
482.0 26.75942368
484.0 26.96278904
486.0 27.1690804
488.0 27.38640696
490.0 27.61935
492.0 27.86558544
494.0 28.1232072
496.0 28.38902176
498.0 28.65818032
500.0 28.9256
502.0 29.189358
504.0 29.44898616
506.0 29.69022232
508.0 29.89291888
510.0 30.04375
512.0 30.1441536
514.0 30.19508272
516.0 30.19509944
518.0 30.14386936
520.0 30.04375
522.0 29.89780112
524.0 29.70787864
526.0 29.49229096
528.0 29.27728848
530.0 29.08235
532.0 28.90857904
534.0 28.75636016
536.0 28.64201208
538.0 28.5865184
540.0 28.60165
542.0 28.68503264
544.0 28.83680008
546.0 29.03922912
548.0 29.26414656
550.0 29.4899
552.0 29.71991704
554.0 29.96234032
556.0 30.1797672
558.0 30.31777408
560.0 30.3468
562.0 30.27993672
564.0 30.1226684
566.0 29.91691208
568.0 29.72737416
570.0 29.60485
572.0 29.54945664
574.0 29.55467328
576.0 29.69582352
578.0 30.07849416
580.0 30.7648
582.0 31.743756
584.0 33.01975952
586.0 34.52491064
588.0 36.14810496
590.0 37.8081
592.0 39.50531376
594.0 41.23414504
596.0 42.93522112
598.0 44.5338872
600.0 45.98
602.0 47.2635944
604.0 48.36713112
606.0 49.31475384
608.0 50.15561936
610.0 50.92285
612.0 51.6074504
614.0 52.20756464
616.0 52.73720408
618.0 53.21367392
620.0 53.6503
622.0 54.05238256
624.0 54.42592408
626.0 54.7757232
628.0 55.10487312
630.0 55.41635
632.0 55.7145512
634.0 56.0033892
636.0 56.2827804
638.0 56.5507184
640.0 56.8062
642.0 57.0514824
644.0 57.288572
646.0 57.5162148
648.0 57.7319864
650.0 57.9348
652.0 58.12562536
654.0 58.3044792
656.0 58.47514024
658.0 58.64329328
660.0 58.8126
662.0 58.98282632
664.0 59.15455744
666.0 59.32628856
668.0 59.49509368
670.0 59.65905
672.0 59.81862568
674.0 59.97377056
676.0 60.12431744
678.0 60.27026632
680.0 60.41145
682.0 60.54711608
684.0 60.67632824
686.0 60.7992704
688.0 60.91652776
690.0 61.028
692.0 61.13351992
694.0 61.2341576
696.0 61.32459608
698.0 61.39672616
700.0 61.446
702.0 61.47355456
704.0 61.47858728
706.0 61.4684884
708.0 61.45504552
710.0 61.446
712.0 61.4406496
714.0 61.4399808
716.0 61.442656
718.0 61.4453312
720.0 61.446
722.0 61.446
724.0 61.446
726.0 61.446
728.0 61.446
730.0 61.446
732.0 61.446
734.0 61.446
736.0 61.446
738.0 61.446
740.0 61.446
742.0 61.446
744.0 61.446
746.0 61.446
748.0 61.446
750.0 61.446
