380.0 15.7377
382.0 15.74631984
384.0 15.75623232
386.0 15.7658748
388.0 15.76151088
390.0 15.7377
392.0 15.7061272
394.0 15.6710396
396.0 15.6499584
398.0 15.6674168
400.0 15.7377
402.0 15.86099328
404.0 16.044094
406.0 16.26138712
408.0 16.47090544
410.0 16.64685
412.0 16.7951564
414.0 16.91447032
416.0 17.01982304
418.0 17.13729776
420.0 17.2843
422.0 17.45633208
424.0 17.65066864
426.0 17.8746832
428.0 18.13773896
430.0 18.44425
432.0 18.7931964
434.0 19.1864508
436.0 19.606708
438.0 20.0271324
440.0 20.42975
442.0 20.81536336
444.0 21.1814812
446.0 21.52903984
448.0 21.86272088
450.0 22.18535
452.0 22.49403464
454.0 22.78688544
456.0 23.06602584
458.0 23.33496704
460.0 23.5961
462.0 23.84964208
464.0 24.09664664
466.0 24.3362944
468.0 24.56674616
470.0 24.7874
472.0 24.99989448
474.0 25.2054
476.0 25.40672552
478.0 25.60771664
480.0 25.8115
482.0 26.01805888
484.0 26.22633992
486.0 26.44247936
488.0 26.6753388
490.0 26.92965
492.0 27.20272104
494.0 27.49266256
496.0 27.79347208
498.0 28.0961208
500.0 28.39265
502.0 28.68105328
504.0 28.96036088
506.0 29.21609328
508.0 29.42835368
510.0 29.58395
512.0 29.68396904
514.0 29.72923008
516.0 29.71847912
518.0 29.65171616
520.0 29.5317
522.0 29.3614904
524.0 29.14264232
526.0 28.89537024
528.0 28.64876696
530.0 28.424
532.0 28.22245712
534.0 28.04591064
536.0 27.90715136
538.0 27.82131088
540.0 27.797
542.0 27.83308176
544.0 27.92930536
546.0 28.07376616
548.0 28.24740336
550.0 28.43445
552.0 28.63729704
554.0 28.86395336
556.0 29.07648128
558.0 29.2188688
560.0 29.26
562.0 29.21321744
564.0 29.08475768
566.0 28.91107032
568.0 28.74875256
570.0 28.64345
572.0 28.59583144
574.0 28.59890792
576.0 28.7302268
578.0 29.09955488
580.0 29.77205
582.0 30.73630912
584.0 31.9965624
586.0 33.48780248
588.0 35.10285416
590.0 36.7631
592.0 38.468958
594.0 40.21501088
596.0 41.94175216
598.0 43.57385824
600.0 45.0604
602.0 46.39124512
604.0 47.54880416
606.0 48.5543784
608.0 49.45302824
610.0 50.27495
612.0 51.01083064
614.0 51.6581956
616.0 52.23023696
618.0 52.74367472
620.0 53.2114
622.0 53.6383452
624.0 54.03031216
626.0 54.39226672
628.0 54.72772008
630.0 55.04015
632.0 55.33412104
634.0 55.61357912
636.0 55.8802464
638.0 56.13470808
640.0 56.37775
642.0 56.61167952
644.0 56.8387204
646.0 57.05790288
648.0 57.26688616
650.0 57.46455
652.0 57.65226544
654.0 57.83078488
656.0 58.00194752
658.0 58.16834496
660.0 58.3319
662.0 58.49271296
664.0 58.65076712
666.0 58.80773448
668.0 58.96578864
670.0 59.1261
672.0 59.28848464
674.0 59.45321008
676.0 59.61768472
678.0 59.77781216
680.0 59.93075
682.0 60.07623072
684.0 60.21325112
686.0 60.34207872
688.0 60.46380032
690.0 60.57865
692.0 60.6861596
694.0 60.78716512
696.0 60.87688464
698.0 60.94804496
700.0 60.99665
702.0 61.02380328
704.0 61.02878584
706.0 61.0188876
708.0 61.00564536
710.0 60.99665
712.0 60.9912996
714.0 60.9906308
716.0 60.993306
718.0 60.9959812
720.0 60.99665
722.0 60.99665
724.0 60.99665
726.0 60.99665
728.0 60.99665
730.0 60.99665
732.0 60.99665
734.0 60.99665
736.0 60.99665
738.0 60.99665
740.0 60.99665
742.0 60.99665
744.0 60.99665
746.0 60.99665
748.0 60.99665
750.0 60.99665
