380.0 13.61635
382.0 13.62309592
384.0 13.63073128
386.0 13.63792624
388.0 13.6344652
390.0 13.61635
392.0 13.59221112
394.0 13.56518384
396.0 13.54881256
398.0 13.56211928
400.0 13.61635
402.0 13.7115704
404.0 13.85257016
406.0 14.02157592
408.0 14.18924408
410.0 14.3374
412.0 14.47059152
414.0 14.58880192
416.0 14.69998992
418.0 14.81836752
420.0 14.95395
422.0 15.10448016
424.0 15.26796832
426.0 15.45352688
428.0 15.67386304
430.0 15.93625
432.0 16.23928328
434.0 16.58371528
436.0 16.95941368
438.0 17.35007648
440.0 17.7441
442.0 18.14135048
444.0 18.54012248
446.0 18.93563408
448.0 19.32295288
450.0 19.69825
452.0 20.05936856
454.0 20.40431888
456.0 20.732382
458.0 21.04380872
460.0 21.3389
462.0 21.61715424
464.0 21.8783708
466.0 22.12445576
468.0 22.35833512
470.0 22.58245
472.0 22.79765312
474.0 23.00501456
476.0 23.2070256
478.0 23.40669584
480.0 23.60655
482.0 23.80712312
484.0 24.0081644
486.0 24.21405448
488.0 24.43089616
490.0 24.662
492.0 24.90564384
494.0 25.16049008
496.0 25.42277672
498.0 25.68681896
500.0 25.94735
502.0 26.20261424
504.0 26.45155832
506.0 26.6836988
508.0 26.88465648
510.0 27.0446
512.0 27.16411456
514.0 27.2440696
516.0 27.28080344
518.0 27.27021968
520.0 27.2118
522.0 27.10840352
524.0 26.96145144
526.0 26.78657696
528.0 26.60660288
530.0 26.4385
532.0 26.2835056
534.0 26.14277336
536.0 26.02971272
538.0 25.96121088
540.0 25.94735
542.0 25.98727736
544.0 26.08154472
546.0 26.21986928
548.0 26.38519664
550.0 26.5639
552.0 26.75892208
554.0 26.97753608
556.0 27.18921128
558.0 27.34872008
560.0 27.43125
562.0 27.44766904
564.0 27.40239128
566.0 27.32818792
568.0 27.27580416
570.0 27.28495
572.0 27.3550904
574.0 27.48025632
576.0 27.71987064
578.0 28.15753336
580.0 28.842
582.0 29.76395752
584.0 30.92685024
586.0 32.27374656
588.0 33.71210128
590.0 35.1747
592.0 36.661526
594.0 38.16662696
596.0 39.64631352
598.0 41.04724888
600.0 42.33295
602.0 43.49418744
604.0 44.51718392
606.0 45.4166196
608.0 46.22442968
610.0 46.9623
612.0 47.62377664
614.0 48.2072712
616.0 48.72438736
618.0 49.19025672
620.0 49.6166
622.0 50.00732968
624.0 50.36687656
626.0 50.70159424
628.0 51.01766912
630.0 51.31995
632.0 51.61206512
634.0 51.89782664
636.0 52.17631496
638.0 52.44410248
640.0 52.69935
642.0 52.94468256
644.0 53.18227376
646.0 53.41133776
648.0 53.63020256
650.0 53.8384
652.0 54.03693328
654.0 54.22576896
656.0 54.40975584
658.0 54.59608352
660.0 54.78935
662.0 54.98913728
664.0 55.19593024
666.0 55.4079064
668.0 55.62155456
670.0 55.83435
672.0 56.04667728
674.0 56.25862
676.0 56.46805472
678.0 56.67213904
680.0 56.8689
682.0 57.05715048
684.0 57.23458312
686.0 57.40399016
688.0 57.5704712
690.0 57.73625
692.0 57.90028992
694.0 58.06451376
696.0 58.2174516
698.0 58.34138024
700.0 58.42595
702.0 58.47333448
704.0 58.4818784
706.0 58.46425552
708.0 58.44111504
710.0 58.42595
712.0 58.41712184
714.0 58.41601832
716.0 58.4204324
718.0 58.42484648
720.0 58.42595
722.0 58.42595
724.0 58.42595
726.0 58.42595
728.0 58.42595
730.0 58.42595
732.0 58.42595
734.0 58.42595
736.0 58.42595
738.0 58.42595
740.0 58.42595
742.0 58.42595
744.0 58.42595
746.0 58.42595
748.0 58.42595
750.0 58.42595
