380.0 12.96845
382.0 12.97849512
384.0 12.98983064
386.0 13.00044656
388.0 12.99528008
390.0 12.96845
392.0 12.93256424
394.0 12.89203856
396.0 12.86729528
398.0 12.8871108
400.0 12.96845
402.0 13.11088768
404.0 13.32080728
406.0 13.57227608
408.0 13.82257448
410.0 14.0448
412.0 14.24442008
414.0 14.42014728
416.0 14.58199688
418.0 14.74877888
420.0 14.93305
422.0 15.13061352
424.0 15.33857688
426.0 15.56417984
428.0 15.8173708
430.0 16.10345
432.0 16.42123032
434.0 16.77186544
436.0 17.14340056
438.0 17.51702568
440.0 17.87995
442.0 18.2328256
444.0 18.57429816
446.0 18.90281272
448.0 19.21828568
450.0 19.5206
452.0 19.80794992
454.0 20.07864672
456.0 20.33563312
458.0 20.58392512
460.0 20.82685
462.0 21.06430744
464.0 21.29728392
466.0 21.5247428
468.0 21.74442688
470.0 21.95545
472.0 22.15958448
474.0 22.3581512
476.0 22.55362472
478.0 22.74934904
480.0 22.9482
482.0 23.15057888
484.0 23.35601752
486.0 23.57040136
488.0 23.8020904
490.0 24.0559
492.0 24.32997424
494.0 24.62300896
496.0 24.93134248
498.0 25.2492064
500.0 25.57115
502.0 25.89530064
504.0 26.22045448
506.0 26.53524192
508.0 26.82402976
510.0 27.07595
512.0 27.29118656
514.0 27.47014072
516.0 27.60821448
518.0 27.70022464
520.0 27.74475
522.0 27.74414808
524.0 27.69933848
526.0 27.62535248
528.0 27.54442768
530.0 27.47305
532.0 27.41188824
534.0 27.36134368
536.0 27.33529392
538.0 27.35162936
540.0 27.4208
542.0 27.54128432
544.0 27.71333312
546.0 27.92492472
548.0 28.15649672
550.0 28.39265
552.0 28.63652792
554.0 28.89577152
556.0 29.13837872
558.0 29.31711552
560.0 29.4063
562.0 29.41693392
564.0 29.35256192
566.0 29.25090432
568.0 29.17039752
570.0 29.1555
572.0 29.20467352
574.0 29.31201592
576.0 29.53447552
578.0 29.95130512
580.0 30.60805
582.0 31.49609936
584.0 32.61990072
586.0 33.91800808
588.0 35.29135544
590.0 36.66905
592.0 38.05234576
594.0 39.43569168
596.0 40.7797456
598.0 42.03802592
600.0 43.1794
602.0 44.19500624
604.0 45.071268
606.0 45.82931936
608.0 46.50978992
610.0 47.13995
612.0 47.71356304
614.0 48.23031136
616.0 48.69840448
618.0 49.126704
620.0 49.52255
622.0 49.8906408
624.0 50.23564128
626.0 50.56107936
628.0 50.86946304
630.0 51.1632
632.0 51.4454336
634.0 51.71893936
636.0 51.98441952
638.0 52.24153968
640.0 52.49035
642.0 52.7325392
644.0 52.96972912
646.0 53.20106704
648.0 53.42471376
650.0 53.63985
652.0 53.84731176
654.0 54.04718264
656.0 54.24220472
658.0 54.4364744
660.0 54.6326
662.0 54.83033072
664.0 55.02996752
666.0 55.23035672
668.0 55.42932472
670.0 55.62535
672.0 55.81870008
674.0 56.00942512
676.0 56.19655536
678.0 56.3788368
680.0 56.5554
682.0 56.72520832
684.0 56.88625536
686.0 57.0412832
688.0 57.19505704
690.0 57.3496
692.0 57.50405936
694.0 57.6604248
696.0 57.80717624
698.0 57.92650688
700.0 58.00795
702.0 58.05361232
704.0 58.06182184
706.0 58.04478416
708.0 58.02247968
710.0 58.00795
712.0 57.99952312
714.0 57.99846976
716.0 58.0026832
718.0 58.00689664
720.0 58.00795
722.0 58.00795
724.0 58.00795
726.0 58.00795
728.0 58.00795
730.0 58.00795
732.0 58.00795
734.0 58.00795
736.0 58.00795
738.0 58.00795
740.0 58.00795
742.0 58.00795
744.0 58.00795
746.0 58.00795
748.0 58.00795
750.0 58.00795
