380.0 16.1139
382.0 16.11988432
384.0 16.12668576
386.0 16.1331492
388.0 16.13008944
390.0 16.1139
392.0 16.09247648
394.0 16.068886
396.0 16.05481872
398.0 16.06658384
400.0 16.1139
402.0 16.19744984
404.0 16.32233152
406.0 16.4723768
408.0 16.62075008
410.0 16.75135
412.0 16.8685572
414.0 16.9715524
416.0 17.0728756
418.0 17.1934268
420.0 17.347
422.0 17.53005056
424.0 17.7402544
426.0 17.98222624
428.0 18.26156728
430.0 18.5801
432.0 18.93650352
434.0 19.33203184
436.0 19.74954696
438.0 20.16304928
440.0 20.55515
442.0 20.9262504
444.0 21.27357496
446.0 21.59899632
448.0 21.90861728
450.0 22.20625
452.0 22.48908552
454.0 22.75551872
456.0 23.00765632
458.0 23.24875872
460.0 23.48115
462.0 23.70506424
464.0 23.92115352
466.0 24.129886
468.0 24.33142888
470.0 24.52615
472.0 24.71506928
474.0 24.8992568
476.0 25.07892992
478.0 25.25400504
480.0 25.42485
482.0 25.59159856
484.0 25.75324752
486.0 25.91447848
488.0 26.08239744
490.0 26.26085
492.0 26.44729472
494.0 26.63962488
496.0 26.83446304
498.0 27.0268768
500.0 27.2118
502.0 27.3875272
504.0 27.55400824
506.0 27.69699768
508.0 27.79626432
510.0 27.8388
512.0 27.82672816
514.0 27.76145328
516.0 27.6437612
518.0 27.47641072
520.0 27.26405
522.0 27.00960504
524.0 26.71438
526.0 26.39942536
528.0 26.09483712
530.0 25.82195
532.0 25.5816836
534.0 25.37591056
536.0 25.21327512
538.0 25.10272248
540.0 25.04865
542.0 25.050322
544.0 25.10768832
546.0 25.20743984
548.0 25.32901096
550.0 25.4562
552.0 25.59076256
554.0 25.73846704
556.0 25.86936792
558.0 25.9399932
560.0 25.92645
562.0 25.84027512
564.0 25.68870832
566.0 25.49876912
568.0 25.31183952
570.0 25.1636
572.0 25.05814696
574.0 24.99206952
576.0 25.03751448
578.0 25.29664104
580.0 25.8324
582.0 26.6354616
584.0 27.70728048
586.0 29.00933376
588.0 30.47465784
590.0 32.05015
592.0 33.73300128
594.0 35.51993456
596.0 37.34089304
598.0 39.10065632
600.0 40.7341
602.0 42.23311488
604.0 43.58029544
606.0 44.7863592
608.0 45.88248896
610.0 46.88915
612.0 47.79522352
614.0 48.595426
616.0 49.30325048
618.0 49.93825936
620.0 50.5153
622.0 51.03741544
624.0 51.50878568
626.0 51.93843952
628.0 52.33624176
630.0 52.7098
632.0 53.06336112
634.0 53.40152312
636.0 53.72472072
638.0 54.03086392
640.0 54.3191
642.0 54.59267264
644.0 54.85440752
646.0 55.1031008
648.0 55.33607728
650.0 55.5522
652.0 55.75297376
654.0 55.9389336
656.0 56.11385824
658.0 56.28326528
660.0 56.4509
662.0 56.61682928
664.0 56.78165504
666.0 56.9453104
668.0 57.10695936
670.0 57.266
672.0 57.4228336
674.0 57.5776608
676.0 57.7294784
678.0 57.8767816
680.0 58.0184
682.0 58.15389888
684.0 58.282576
686.0 58.40406352
688.0 58.51819424
690.0 58.6245
692.0 58.72284704
694.0 58.81403792
696.0 58.8941936
698.0 58.95746208
700.0 59.0007
702.0 59.02484368
704.0 59.0292912
706.0 59.02052992
708.0 59.00875904
710.0 59.0007
712.0 58.99588464
714.0 58.99528272
716.0 58.9976904
718.0 59.00009808
720.0 59.0007
722.0 59.0007
724.0 59.0007
726.0 59.0007
728.0 59.0007
730.0 59.0007
732.0 59.0007
734.0 59.0007
736.0 59.0007
738.0 59.0007
740.0 59.0007
742.0 59.0007
744.0 59.0007
746.0 59.0007
748.0 59.0007
750.0 59.0007
