380.0 13.3133
382.0 13.32101616
384.0 13.32973952
386.0 13.33794008
388.0 13.33397744
390.0 13.3133
392.0 13.28572968
394.0 13.25482288
396.0 13.23607928
398.0 13.25127728
400.0 13.3133
402.0 13.42218064
404.0 13.58331128
406.0 13.77654432
408.0 13.96860696
410.0 14.13885
412.0 14.29185472
414.0 14.42653432
416.0 14.55318832
418.0 14.69012512
420.0 14.84945
422.0 15.02761832
424.0 15.22248992
426.0 15.43884672
428.0 15.68279152
430.0 15.95715
432.0 16.26110288
434.0 16.59570352
436.0 16.94953216
438.0 17.3049492
440.0 17.65005
442.0 17.98515224
444.0 18.30845016
446.0 18.62012768
448.0 18.9226928
450.0 19.21755
452.0 19.50259256
454.0 19.77631568
456.0 20.0399232
458.0 20.29558872
460.0 20.5447
462.0 20.78714
464.0 21.0233936
466.0 21.2525412
468.0 21.4729108
470.0 21.68375
472.0 21.88599512
474.0 22.0802648
476.0 22.26826448
478.0 22.45241856
480.0 22.6347
482.0 22.81499176
484.0 22.99249128
486.0 23.1713284
488.0 23.35752232
490.0 23.5543
492.0 23.75912
494.0 23.9692904
496.0 24.182972
498.0 24.3977404
500.0 24.60975
502.0 24.81644264
504.0 25.0175508
506.0 25.19583616
508.0 25.32655312
510.0 25.3935
512.0 25.3991848
514.0 25.34556376
516.0 25.23083112
518.0 25.05423448
520.0 24.81875
522.0 24.5284072
524.0 24.18507872
526.0 23.81416224
528.0 23.45227456
530.0 23.12585
532.0 22.83580816
534.0 22.58323584
536.0 22.38433472
538.0 22.2586672
540.0 22.2167
542.0 22.25619264
544.0 22.37714512
546.0 22.558624
548.0 22.76785808
550.0 22.97955
552.0 23.19689328
554.0 23.4283984
556.0 23.63131232
558.0 23.74377104
560.0 23.73195
562.0 23.6108136
564.0 23.38753472
566.0 23.10673904
568.0 22.83731296
570.0 22.6347
572.0 22.50087312
574.0 22.42957904
576.0 22.51077136
578.0 22.87085328
580.0 23.58565
582.0 24.64257136
584.0 26.04504496
586.0 27.72624096
588.0 29.57480416
590.0 31.50675
592.0 33.52054024
594.0 35.61080776
596.0 37.69672808
598.0 39.6722128
600.0 41.4656
602.0 43.06635608
604.0 44.45344728
606.0 45.65001408
608.0 46.70797208
610.0 47.66245
612.0 48.50159336
614.0 49.22123888
616.0 49.8420692
618.0 50.39192312
620.0 50.8915
622.0 51.34613352
624.0 51.7629464
626.0 52.14874368
628.0 52.50820696
630.0 52.84565
632.0 53.16695824
634.0 53.47748208
636.0 53.77671992
638.0 54.06132776
640.0 54.32955
642.0 54.58447984
644.0 54.82874232
646.0 55.0608828
648.0 55.27805888
650.0 55.47905
652.0 55.6651436
654.0 55.8365236
656.0 55.997788
658.0 56.155792
660.0 56.31505
662.0 56.47537808
664.0 56.6374116
666.0 56.80019752
668.0 56.96147864
670.0 57.1197
672.0 57.27546352
674.0 57.42912032
676.0 57.57926592
678.0 57.72389392
680.0 57.86165
682.0 57.99199912
684.0 58.11372072
686.0 58.22841992
688.0 58.33902272
690.0 58.44685
692.0 58.55141688
694.0 58.65394392
696.0 58.74802736
698.0 58.8237188
700.0 58.8753
702.0 58.904142
704.0 58.90937536
706.0 58.89872472
708.0 58.88464648
710.0 58.8753
712.0 58.86981584
714.0 58.86913032
716.0 58.8718724
718.0 58.87461448
720.0 58.8753
722.0 58.8753
724.0 58.8753
726.0 58.8753
728.0 58.8753
730.0 58.8753
732.0 58.8753
734.0 58.8753
736.0 58.8753
738.0 58.8753
740.0 58.8753
742.0 58.8753
744.0 58.8753
746.0 58.8753
748.0 58.8753
750.0 58.8753
