380.0 9.7394
382.0 9.74570752
384.0 9.75278192
386.0 9.75932312
388.0 9.75606272
390.0 9.7394
392.0 9.71714648
394.0 9.69216272
396.0 9.67698056
398.0 9.6892192
400.0 9.7394
402.0 9.82761472
404.0 9.95814776
406.0 10.1156
408.0 10.27438984
410.0 10.41865
412.0 10.5520756
414.0 10.674048
416.0 10.7921748
418.0 10.9199992
420.0 11.06655
422.0 11.22908512
424.0 11.4056316
426.0 11.60090448
428.0 11.82125736
430.0 12.06975
432.0 12.34541264
434.0 12.64916488
436.0 12.97047312
438.0 13.29303536
440.0 13.6059
442.0 13.90950176
444.0 14.20231912
446.0 14.48468648
448.0 14.75911184
450.0 15.0271
452.0 15.28679504
454.0 15.53679248
456.0 15.77884792
458.0 16.01588736
460.0 16.24975
462.0 16.48046928
464.0 16.70898152
466.0 16.93331376
468.0 17.1500384
470.0 17.35745
472.0 17.55718712
474.0 17.75042016
476.0 17.9395568
478.0 18.12802464
480.0 18.31885
482.0 18.51226696
484.0 18.7074228
486.0 18.91160744
488.0 19.13535448
490.0 19.38475
492.0 19.65741976
494.0 19.95175864
496.0 20.26331912
498.0 20.5850788
500.0 20.91045
502.0 21.23744304
504.0 21.56505472
506.0 21.8791232
508.0 22.16000248
510.0 22.39435
512.0 22.58266736
514.0 22.7251552
516.0 22.81890424
518.0 22.86165728
520.0 22.85415
522.0 22.79867304
524.0 22.69626304
526.0 22.56375704
528.0 22.42573344
530.0 22.3003
532.0 22.18847664
534.0 22.09124984
536.0 22.02211264
538.0 21.99795224
540.0 22.0286
542.0 22.11296912
544.0 22.25159464
546.0 22.43218736
548.0 22.63476688
550.0 22.8437
552.0 23.06196288
554.0 23.29669496
556.0 23.51696424
558.0 23.67729232
560.0 23.75285
562.0 23.75453872
564.0 23.68675584
566.0 23.58361016
568.0 23.49785328
570.0 23.4707
572.0 23.50173232
574.0 23.58511496
576.0 23.7815248
578.0 24.17615024
580.0 24.81875
582.0 25.700312
584.0 26.8249828
586.0 28.134326
588.0 29.5332048
590.0 30.9529
592.0 32.39444824
594.0 33.8529004
596.0 35.28451696
598.0 36.63579392
600.0 37.8708
602.0 38.98070704
604.0 39.95098536
606.0 40.80263528
608.0 41.5770388
610.0 42.3016
612.0 42.96896208
614.0 43.57823888
616.0 44.13601808
618.0 44.64898768
620.0 45.1231
622.0 45.56301992
624.0 45.97312808
626.0 46.35782184
628.0 46.7211976
630.0 47.0668
632.0 47.3976052
634.0 47.71632184
636.0 48.02458848
638.0 48.32332472
640.0 48.6134
642.0 48.89665352
644.0 49.17509168
646.0 49.44717624
648.0 49.709814
650.0 49.96145
652.0 50.20332152
654.0 50.43574624
656.0 50.66173376
658.0 50.88579848
660.0 51.11095
662.0 51.3369208
664.0 51.56377776
666.0 51.79172152
668.0 52.02058488
670.0 52.25
672.0 52.48000032
674.0 52.71081992
676.0 52.93988392
678.0 53.16334672
680.0 53.3786
682.0 53.58469072
684.0 53.77931152
686.0 53.96532152
688.0 54.14798752
690.0 54.32955
692.0 54.50890544
694.0 54.68812712
696.0 54.8548088
698.0 54.98980608
700.0 55.08195
702.0 55.13358136
704.0 55.1428944
706.0 55.12369984
708.0 55.09848608
710.0 55.08195
712.0 55.07231928
714.0 55.07111544
716.0 55.0759308
718.0 55.08074616
720.0 55.08195
722.0 55.08195
724.0 55.08195
726.0 55.08195
728.0 55.08195
730.0 55.08195
732.0 55.08195
734.0 55.08195
736.0 55.08195
738.0 55.08195
740.0 55.08195
742.0 55.08195
744.0 55.08195
746.0 55.08195
748.0 55.08195
750.0 55.08195
