380.0 15.8631
382.0 15.87472432
384.0 15.88800144
386.0 15.90074496
388.0 15.89482608
390.0 15.8631
392.0 15.82083392
394.0 15.77339536
396.0 15.7446192
398.0 15.76800944
400.0 15.8631
402.0 16.02953088
404.0 16.2754152
406.0 16.56778112
408.0 16.85262304
410.0 17.0962
412.0 17.30576848
414.0 17.48002432
416.0 17.63338016
418.0 17.7920864
420.0 17.974
422.0 18.17420528
424.0 18.38929136
426.0 18.63079504
428.0 18.91443312
430.0 19.2489
432.0 19.63269088
434.0 20.06754464
436.0 20.537176
438.0 21.01566896
440.0 21.4852
442.0 21.94643792
444.0 22.397276
446.0 22.83423648
448.0 23.25531296
450.0 23.6588
452.0 24.04190536
454.0 24.40215448
456.0 24.7415036
458.0 25.06404912
460.0 25.3726
462.0 25.66668808
464.0 25.9466812
466.0 26.21338192
468.0 26.46754264
470.0 26.7102
472.0 26.94280864
474.0 27.16683992
476.0 27.3841832
478.0 27.59701208
480.0 27.80745
482.0 28.01589824
484.0 28.2214372
486.0 28.43065456
488.0 28.65316432
490.0 28.89425
492.0 29.15160424
494.0 29.42415696
496.0 29.70515328
498.0 29.9841432
500.0 30.25275
502.0 30.50992032
504.0 30.75500208
506.0 30.97701024
508.0 31.1611476
510.0 31.29775
512.0 31.3874528
514.0 31.43045664
516.0 31.42773128
518.0 31.38220272
520.0 31.29775
522.0 31.17647984
524.0 31.01993048
526.0 30.84181232
528.0 30.66143696
530.0 30.4931
532.0 30.33849016
534.0 30.19942992
536.0 30.08519888
538.0 30.00674864
540.0 29.9706
542.0 29.97656904
544.0 30.02509048
546.0 30.10889112
548.0 30.21593256
550.0 30.33635
552.0 30.47241736
554.0 30.63022072
556.0 30.78484728
558.0 30.89917864
560.0 30.9529
562.0 30.95612696
564.0 30.91459448
566.0 30.8523292
568.0 30.80611512
570.0 30.8066
572.0 30.85528864
574.0 30.9472152
576.0 31.14096656
578.0 31.51989192
580.0 32.13375
582.0 32.97339496
584.0 34.04079976
586.0 35.29087056
588.0 36.64886896
590.0 38.0589
592.0 39.51984344
594.0 41.02716816
596.0 42.53190128
598.0 43.9708412
600.0 45.30075
602.0 46.51341816
604.0 47.59463368
606.0 48.5568864
608.0 49.42985432
610.0 50.23315
612.0 50.95891504
614.0 51.6045244
616.0 52.17890656
618.0 52.69393272
620.0 53.15915
622.0 53.57811976
624.0 53.95473776
626.0 54.29624376
628.0 54.61066336
630.0 54.9043
632.0 55.18073176
634.0 55.44382096
636.0 55.69470456
638.0 55.93279736
640.0 56.1583
642.0 56.3740716
644.0 56.58262016
646.0 56.78389552
648.0 56.97689448
650.0 57.1615
652.0 57.3390664
654.0 57.51021232
656.0 57.67793064
658.0 57.84640136
660.0 58.0184
662.0 58.1938764
664.0 58.37306464
666.0 58.55568048
668.0 58.74080432
670.0 58.92755
672.0 59.1159008
674.0 59.30590688
676.0 59.49507696
678.0 59.67981624
680.0 59.8576
682.0 60.02759224
684.0 60.18803736
686.0 60.34037328
688.0 60.4876096
690.0 60.6309
692.0 60.76944192
694.0 60.90458968
696.0 61.02811704
698.0 61.1274004
700.0 61.1952
702.0 61.2331544
704.0 61.24004304
706.0 61.22603168
708.0 61.20750592
710.0 61.1952
712.0 61.18797696
714.0 61.18707408
716.0 61.1906856
718.0 61.19429712
720.0 61.1952
722.0 61.1952
724.0 61.1952
726.0 61.1952
728.0 61.1952
730.0 61.1952
732.0 61.1952
734.0 61.1952
736.0 61.1952
738.0 61.1952
740.0 61.1952
742.0 61.1952
744.0 61.1952
746.0 61.1952
748.0 61.1952
750.0 61.1952
