380.0 16.7827
382.0 16.78705008
384.0 16.79203984
386.0 16.7968696
388.0 16.79466256
390.0 16.7827
392.0 16.76697688
394.0 16.7499196
396.0 16.73989912
398.0 16.74852144
400.0 16.7827
402.0 16.84327656
404.0 16.93453432
406.0 17.04393328
408.0 17.15065704
410.0 17.2425
412.0 17.3236756
414.0 17.39455168
416.0 17.46559496
418.0 17.55377624
420.0 17.67095
422.0 17.81519344
424.0 17.98475096
426.0 18.18816648
428.0 18.4368932
430.0 18.73685
432.0 19.08634816
434.0 19.48622368
436.0 19.92188
438.0 20.37057792
440.0 20.8164
442.0 21.25901184
444.0 21.6957048
446.0 22.12270016
448.0 22.53748992
450.0 22.93775
452.0 23.32057112
454.0 23.68376296
456.0 24.0265564
458.0 24.34903504
460.0 24.65155
462.0 24.93385048
464.0 25.195786
466.0 25.44041632
468.0 25.67233944
470.0 25.8951
472.0 26.10965104
474.0 26.31746392
476.0 26.520428
478.0 26.72038248
480.0 26.9192
482.0 27.11731528
484.0 27.3136248
486.0 27.51461592
488.0 27.72981904
490.0 27.9642
492.0 28.21486624
494.0 28.48019592
496.0 28.7522136
498.0 29.01888088
500.0 29.27045
502.0 29.50548304
504.0 29.7232276
506.0 29.91037456
508.0 30.04894992
510.0 30.12735
512.0 30.14696256
514.0 30.10892456
516.0 30.01412216
518.0 29.86539776
520.0 29.66755
522.0 29.42383928
524.0 29.13598776
526.0 28.82514624
528.0 28.52141072
530.0 28.24635
532.0 28.00143544
534.0 27.78900784
536.0 27.61879824
538.0 27.50117304
540.0 27.4417
542.0 27.43989424
544.0 27.49573904
546.0 27.59764744
548.0 27.72739464
550.0 27.87015
552.0 28.02808712
554.0 28.20834544
556.0 28.37748496
558.0 28.48626528
560.0 28.5076
562.0 28.45453072
564.0 28.33468176
566.0 28.179052
568.0 28.03520984
570.0 27.9433
572.0 27.90611472
574.0 27.9178856
576.0 28.05748088
578.0 28.43700816
580.0 29.12415
582.0 30.10743648
584.0 31.38944248
586.0 32.91556048
588.0 34.59408128
590.0 36.35555
592.0 38.19836152
594.0 40.11753328
596.0 42.04481424
598.0 43.8905016
600.0 45.59335
602.0 47.14334416
604.0 48.52180784
606.0 49.74444112
608.0 50.8497836
610.0 51.86335
612.0 52.77437264
614.0 53.57883872
616.0 54.2899236
618.0 54.92560128
620.0 55.49995
622.0 56.01730024
624.0 56.482668
626.0 56.90556696
628.0 57.29636352
630.0 57.6631
632.0 58.01030752
634.0 58.34281816
636.0 58.6614512
638.0 58.96453464
640.0 59.2515
642.0 59.52592536
644.0 59.7912216
646.0 60.04531544
648.0 60.28402688
650.0 60.5055
652.0 60.71160744
654.0 60.90263344
656.0 61.08479784
658.0 61.26738024
660.0 61.45645
662.0 61.65155568
664.0 61.85324904
666.0 62.0603764
668.0 62.27017896
670.0 62.48055
672.0 62.69190752
674.0 62.9044856
676.0 63.11522448
678.0 63.31977696
680.0 63.5151
682.0 63.70034088
684.0 63.87372728
686.0 64.03658008
688.0 64.19182528
690.0 64.34065
692.0 64.48228512
694.0 64.61801808
696.0 64.74045864
698.0 64.8382372
700.0 64.90495
702.0 64.9422356
704.0 64.94904064
706.0 64.93536368
708.0 64.91717232
710.0 64.90495
712.0 64.89772696
714.0 64.89682408
716.0 64.9004356
718.0 64.90404712
720.0 64.90495
722.0 64.90495
724.0 64.90495
726.0 64.90495
728.0 64.90495
730.0 64.90495
732.0 64.90495
734.0 64.90495
736.0 64.90495
738.0 64.90495
740.0 64.90495
742.0 64.90495
744.0 64.90495
746.0 64.90495
748.0 64.90495
750.0 64.90495
