380.0 12.44595
382.0 12.45450616
384.0 12.46412568
386.0 12.4730652
388.0 12.46865112
390.0 12.44595
392.0 12.41557216
394.0 12.3812672
396.0 12.36031584
398.0 12.37706808
400.0 12.44595
402.0 12.56668512
404.0 12.74468624
406.0 12.95855176
408.0 13.17291888
410.0 13.36555
412.0 13.54117688
414.0 13.69899696
416.0 13.84711944
418.0 14.00075952
420.0 14.1702
422.0 14.35208016
424.0 14.54384184
426.0 14.75265792
428.0 14.9885604
430.0 15.257
432.0 15.5567896
434.0 15.88903272
436.0 16.24267744
438.0 16.60025136
440.0 16.9499
442.0 17.29219184
444.0 17.62567224
446.0 17.94937144
448.0 18.26395824
450.0 18.56965
452.0 18.86457408
454.0 19.14727584
456.0 19.419026
458.0 19.68224896
460.0 19.9386
462.0 20.18786176
464.0 20.4302516
466.0 20.66612064
468.0 20.89571968
470.0 21.11945
472.0 21.33838168
474.0 21.55395264
476.0 21.7657616
478.0 21.97272176
480.0 22.1749
482.0 22.37304872
484.0 22.5663988
486.0 22.76208968
488.0 22.97082216
490.0 23.199
492.0 23.44433256
494.0 23.70526488
496.0 23.9790716
498.0 24.26123832
500.0 24.54705
502.0 24.83485136
504.0 25.1241408
506.0 25.40172624
508.0 25.64896488
510.0 25.8533
512.0 26.01551744
514.0 26.13590144
516.0 26.21222824
518.0 26.24307664
520.0 26.2295
522.0 26.17370536
524.0 26.07704704
526.0 25.95397112
528.0 25.8253776
530.0 25.707
532.0 25.60000872
534.0 25.50495552
536.0 25.43631992
538.0 25.41291192
540.0 25.44575
542.0 25.5331956
544.0 25.67549952
546.0 25.86035584
548.0 26.06770056
550.0 26.28175
552.0 26.50551376
554.0 26.74634864
556.0 26.97221912
558.0 27.1359748
560.0 27.2118
562.0 27.21061288
564.0 27.13632592
566.0 27.02466976
568.0 26.9310712
570.0 26.8983
572.0 26.92528608
574.0 27.00594336
576.0 27.19979504
578.0 27.59019032
580.0 28.22545
582.0 29.09662888
584.0 30.20814104
586.0 31.4993096
588.0 32.87182096
590.0 34.2551
592.0 35.65051776
594.0 37.0529412
596.0 38.42083784
598.0 39.70429848
600.0 40.86995
602.0 41.90899768
604.0 42.80732984
606.0 43.58695
608.0 44.29024336
610.0 44.94545
612.0 45.54579832
614.0 46.0909372
616.0 46.58783888
618.0 47.04344216
620.0 47.4639
622.0 47.85399432
624.0 48.21803888
626.0 48.56068184
628.0 48.886354
630.0 49.1986
632.0 49.50032912
634.0 49.79461784
636.0 50.08079736
638.0 50.35627608
640.0 50.6198
642.0 50.87345912
644.0 51.11877496
646.0 51.3563996
648.0 51.58691824
650.0 51.8111
652.0 52.02958024
654.0 52.2425596
656.0 52.45261296
658.0 52.66333512
660.0 52.877
662.0 53.093524
664.0 53.31327496
666.0 53.53486512
668.0 53.75578648
670.0 53.97425
672.0 54.190356
674.0 54.40388712
676.0 54.61390704
678.0 54.81932896
680.0 55.01925
682.0 55.21243288
684.0 55.39690464
686.0 55.5742704
688.0 55.74762336
690.0 55.91795
692.0 56.08451464
694.0 56.2491732
696.0 56.40112456
698.0 56.52381592
700.0 56.60765
702.0 56.6546332
704.0 56.66312696
706.0 56.64570472
708.0 56.62276488
710.0 56.60765
712.0 56.59882184
714.0 56.59771832
716.0 56.6021324
718.0 56.60654648
720.0 56.60765
722.0 56.60765
724.0 56.60765
726.0 56.60765
728.0 56.60765
730.0 56.60765
732.0 56.60765
734.0 56.60765
736.0 56.60765
738.0 56.60765
740.0 56.60765
742.0 56.60765
744.0 56.60765
746.0 56.60765
748.0 56.60765
750.0 56.60765
