380.0 15.4242
382.0 15.4273904
384.0 15.43108608
386.0 15.43473216
388.0 15.43312704
390.0 15.4242
392.0 15.41260456
394.0 15.40038536
396.0 15.39341736
398.0 15.39974176
400.0 15.4242
402.0 15.46795624
404.0 15.53493656
406.0 15.61537648
408.0 15.692974
410.0 15.7586
412.0 15.81581584
414.0 15.86442088
416.0 15.91670432
418.0 15.99206136
420.0 16.10345
422.0 16.24859632
424.0 16.42624632
426.0 16.64017872
428.0 16.89448992
430.0 17.19025
432.0 17.52642232
434.0 17.90387632
436.0 18.30783152
438.0 18.71596672
440.0 19.11305
442.0 19.49868008
444.0 19.86973032
446.0 20.22656856
448.0 20.5728732
450.0 20.91045
452.0 21.23645656
454.0 21.54962216
456.0 21.84824136
458.0 22.13014056
460.0 22.39435
462.0 22.64145488
464.0 22.87158896
466.0 23.08834704
468.0 23.29716312
470.0 23.50205
472.0 23.70355944
474.0 23.90269464
476.0 24.10141184
478.0 24.30171744
480.0 24.50525
482.0 24.71234392
484.0 24.92253104
486.0 25.13865376
488.0 25.36472488
490.0 25.6025
492.0 25.84957144
494.0 26.10348136
496.0 26.36081888
498.0 26.616986
500.0 26.86695
502.0 27.10843696
504.0 27.34102888
506.0 27.5497112
508.0 27.71324952
510.0 27.8179
512.0 27.86558544
514.0 27.8574428
516.0 27.79412416
518.0 27.67838832
520.0 27.51485
522.0 27.30655224
524.0 27.05526736
526.0 26.78115968
528.0 26.512904
530.0 26.2713
532.0 26.05775216
534.0 25.87393248
536.0 25.7319128
538.0 25.64582152
540.0 25.6234
542.0 25.66322704
544.0 25.7648512
546.0 25.91504696
548.0 26.09299792
550.0 26.28175
552.0 26.4838112
554.0 26.70740776
556.0 26.91411712
558.0 27.04734208
560.0 27.07595
562.0 27.01346736
564.0 26.86571272
566.0 26.67273048
568.0 26.49655184
570.0 26.38625
572.0 26.3421928
574.0 26.35797648
576.0 26.50910856
578.0 26.90167744
580.0 27.59845
582.0 28.58864184
584.0 29.87660016
586.0 31.39713368
588.0 33.0430672
590.0 34.7358
592.0 36.47566648
594.0 38.25726608
596.0 40.02130968
598.0 41.69280808
600.0 43.2212
602.0 44.59610232
604.0 45.79915648
606.0 46.85398784
608.0 47.8092516
610.0 48.697
612.0 49.5073348
614.0 50.23836664
616.0 50.89842208
618.0 51.49661352
620.0 52.041
622.0 52.53696536
624.0 52.98942528
626.0 53.4059372
628.0 53.79477752
630.0 54.16235
632.0 54.512216
634.0 54.8482044
636.0 55.1709004
638.0 55.4788828
640.0 55.77165
642.0 56.05214472
644.0 56.3232428
646.0 56.58313848
648.0 56.82823696
650.0 57.057
652.0 57.27098256
654.0 57.47021808
656.0 57.6608428
658.0 57.85205272
660.0 58.04975
662.0 58.25344976
664.0 58.4639044
666.0 58.67878984
668.0 58.89359168
670.0 59.1052
672.0 59.31421672
674.0 59.52064184
676.0 59.72297056
678.0 59.91936368
680.0 60.1084
682.0 60.28900944
684.0 60.45957016
686.0 60.62101848
688.0 60.7754444
690.0 60.9235
692.0 61.06465024
694.0 61.20028288
696.0 61.32287392
698.0 61.42088656
700.0 61.4878
702.0 61.52521936
704.0 61.53204112
706.0 61.51829728
708.0 61.50003904
710.0 61.4878
712.0 61.48057696
714.0 61.47967408
716.0 61.4832856
718.0 61.48689712
720.0 61.4878
722.0 61.4878
724.0 61.4878
726.0 61.4878
728.0 61.4878
730.0 61.4878
732.0 61.4878
734.0 61.4878
736.0 61.4878
738.0 61.4878
740.0 61.4878
742.0 61.4878
744.0 61.4878
746.0 61.4878
748.0 61.4878
750.0 61.4878
