380.0 12.6236
382.0 12.62949248
384.0 12.63619808
386.0 12.64258688
388.0 12.63957728
390.0 12.6236
392.0 12.60235944
394.0 12.57867688
396.0 12.56439272
398.0 12.57610816
400.0 12.6236
402.0 12.70701608
404.0 12.83077752
406.0 12.97869936
408.0 13.1241132
410.0 13.2506
412.0 13.36280792
414.0 13.46157296
416.0 13.55365
418.0 13.65099384
420.0 13.76265
422.0 13.887632
424.0 14.0246524
426.0 14.185666
428.0 14.3874764
430.0 14.64045
432.0 14.9427476
434.0 15.2938676
436.0 15.6886268
438.0 16.1179128
440.0 16.5737
442.0 17.05475112
444.0 17.560598
446.0 18.07539008
448.0 18.57697336
450.0 19.05035
452.0 19.49438304
454.0 19.90564488
456.0 20.28664352
458.0 20.64440136
460.0 20.9836
462.0 21.30199896
464.0 21.59866192
466.0 21.87676568
468.0 22.14082464
470.0 22.39435
472.0 22.63866264
474.0 22.87570208
476.0 23.10672232
478.0 23.33247576
480.0 23.5543
482.0 23.77359952
484.0 23.99054152
486.0 24.21107832
488.0 24.44365352
490.0 24.69335
492.0 24.95926488
494.0 25.24153192
496.0 25.53600456
498.0 25.835744
500.0 26.13545
502.0 26.4346544
504.0 26.73240416
506.0 27.02405112
508.0 27.30374328
510.0 27.5671
512.0 27.81328528
514.0 28.04179752
516.0 28.24966056
518.0 28.4333632
520.0 28.5912
522.0 28.724124
524.0 28.83293776
526.0 28.92160392
528.0 28.99605808
530.0 29.06145
532.0 29.11900024
534.0 29.16931072
536.0 29.2212932
538.0 29.28715328
540.0 29.37495
542.0 29.484466
544.0 29.616136
546.0 29.7690404
548.0 29.9404204
550.0 30.12735
552.0 30.33161824
554.0 30.5577228
556.0 30.78959576
558.0 31.00257512
560.0 31.1828
562.0 31.33650696
564.0 31.46675576
566.0 31.58747416
568.0 31.72031456
570.0 31.88295
572.0 32.07553096
574.0 32.29473016
576.0 32.57286736
578.0 32.95600616
580.0 33.47135
582.0 34.11351504
584.0 34.88365496
586.0 35.75444928
588.0 36.6810884
590.0 37.63045
592.0 38.6019656
594.0 39.59260888
596.0 40.57673136
598.0 41.52197984
600.0 42.4061
602.0 43.22409256
604.0 43.96804896
606.0 44.64470736
608.0 45.27003536
610.0 45.8546
612.0 46.39427144
614.0 46.88777896
616.0 47.33982088
618.0 47.7565836
620.0 48.14315
622.0 48.50152648
624.0 48.83375288
626.0 49.14441048
628.0 49.43884968
630.0 49.7211
632.0 49.9929672
634.0 50.25654128
636.0 50.51208976
638.0 50.75869304
640.0 50.996
642.0 51.2258164
644.0 51.44999816
646.0 51.66724112
648.0 51.87503728
650.0 52.07235
652.0 52.26018248
654.0 52.43836752
656.0 52.61178736
658.0 52.7877988
660.0 52.97105
662.0 53.16097248
664.0 53.35800096
666.0 53.55996184
668.0 53.76284232
670.0 53.9638
672.0 54.16320272
674.0 54.36101704
676.0 54.55540376
678.0 54.74402208
680.0 54.9252
682.0 55.09785072
684.0 55.26006816
686.0 55.413842
688.0 55.56293424
690.0 55.70895
692.0 55.85112016
694.0 55.9910164
696.0 56.11971024
698.0 56.22340768
700.0 56.29415
702.0 56.33374296
704.0 56.34091584
706.0 56.32626912
708.0 56.3069408
710.0 56.29415
712.0 56.28665944
714.0 56.28572312
716.0 56.2894684
718.0 56.29321368
720.0 56.29415
722.0 56.29415
724.0 56.29415
726.0 56.29415
728.0 56.29415
730.0 56.29415
732.0 56.29415
734.0 56.29415
736.0 56.29415
738.0 56.29415
740.0 56.29415
742.0 56.29415
744.0 56.29415
746.0 56.29415
748.0 56.29415
750.0 56.29415
