380.0 13.95075
382.0 13.95736792
384.0 13.9649508
386.0 13.97227488
388.0 13.96891416
390.0 13.95075
392.0 13.92666536
394.0 13.89993328
396.0 13.883886
398.0 13.89718232
400.0 13.95075
402.0 14.04485016
404.0 14.1847464
406.0 14.35131104
408.0 14.51311048
410.0 14.6509
412.0 14.77009688
414.0 14.87138664
416.0 14.9640656
418.0 15.06426856
420.0 15.18385
422.0 15.32105432
424.0 15.4738584
426.0 15.65592248
428.0 15.88639096
430.0 16.1766
432.0 16.524376
434.0 16.92998648
436.0 17.38249656
438.0 17.86393224
440.0 18.36065
442.0 18.87208136
444.0 19.39708936
446.0 19.92243176
448.0 20.43080336
450.0 20.91045
452.0 21.35951576
454.0 21.77450616
456.0 22.15881536
458.0 22.52038536
460.0 22.8646
462.0 23.1895532
464.0 23.49457616
466.0 23.78304632
468.0 24.05956168
470.0 24.3276
472.0 24.58841528
474.0 24.84384672
476.0 25.09451296
478.0 25.3402468
480.0 25.5816
482.0 25.81967608
484.0 26.05432456
486.0 26.29056144
488.0 26.53565992
490.0 26.7938
492.0 27.06362736
494.0 27.34467384
496.0 27.63274272
498.0 27.921146
500.0 28.20455
502.0 28.4821856
504.0 28.75323352
506.0 29.01140704
508.0 29.24842976
510.0 29.45855
512.0 29.64168416
514.0 29.79799944
516.0 29.92530552
518.0 30.0212616
520.0 30.08555
522.0 30.11984272
524.0 30.12519312
526.0 30.11006152
528.0 30.08673712
530.0 30.06465
532.0 30.04502072
534.0 30.02888592
536.0 30.02512392
538.0 30.04510432
540.0 30.096
542.0 30.17751
544.0 30.28988512
546.0 30.42951384
548.0 30.58979176
550.0 30.7648
552.0 30.95639448
554.0 31.16979184
556.0 31.384276
558.0 31.56858056
560.0 31.7053
562.0 31.80199176
564.0 31.8618828
566.0 31.90513744
568.0 31.96310568
570.0 32.0606
572.0 32.19735288
574.0 32.36928464
576.0 32.6159548
578.0 32.99329176
580.0 33.53405
582.0 34.23190936
584.0 35.0889264
586.0 36.06858464
588.0 37.11136088
590.0 38.17385
592.0 39.25586808
594.0 40.35350264
596.0 41.4373432
598.0 42.47119096
600.0 43.4302
602.0 44.30810032
604.0 45.0954284
606.0 45.80149728
608.0 46.44703976
610.0 47.0459
612.0 47.5933964
614.0 48.08829168
616.0 48.53670536
618.0 48.94649584
620.0 49.324
622.0 49.67175928
624.0 49.99243216
626.0 50.29070024
628.0 50.57166312
630.0 50.83925
632.0 51.09575152
634.0 51.34372584
636.0 51.58308936
638.0 51.81225368
640.0 52.03055
642.0 52.23998472
644.0 52.44233016
646.0 52.6373188
648.0 52.82403104
650.0 53.0024
652.0 53.17329512
654.0 53.3367164
656.0 53.49671008
658.0 53.65921176
660.0 53.82795
662.0 54.0025904
664.0 54.18365128
666.0 54.36889216
668.0 54.55430024
670.0 54.7371
672.0 54.91760912
674.0 55.09562696
676.0 55.2701336
678.0 55.44004224
680.0 55.60445
682.0 55.76227008
684.0 55.9119308
686.0 56.05448552
688.0 56.19210784
690.0 56.3255
692.0 56.45412696
694.0 56.57932632
696.0 56.69357408
698.0 56.78533344
700.0 56.848
702.0 56.88307856
704.0 56.88944888
706.0 56.8765076
708.0 56.85938632
710.0 56.848
712.0 56.841312
714.0 56.840476
716.0 56.84382
718.0 56.847164
720.0 56.848
722.0 56.848
724.0 56.848
726.0 56.848
728.0 56.848
730.0 56.848
732.0 56.848
734.0 56.848
736.0 56.848
738.0 56.848
740.0 56.848
742.0 56.848
744.0 56.848
746.0 56.848
748.0 56.848
750.0 56.848
