380.0 11.50545
382.0 11.51212328
384.0 11.5197108
386.0 11.52692712
388.0 11.52351624
390.0 11.50545
392.0 11.48139064
394.0 11.45445272
396.0 11.438142
398.0 11.45142568
400.0 11.50545
402.0 11.60020224
404.0 11.7404496
406.0 11.90795056
408.0 12.07269272
410.0 12.21605
412.0 12.34263712
414.0 12.45252096
416.0 12.5534596
418.0 12.65941424
420.0 12.78035
422.0 12.9144444
424.0 13.0603264
426.0 13.2271084
428.0 13.4273304
430.0 13.6686
432.0 13.94962976
434.0 14.2702692
436.0 14.62518464
438.0 15.00534728
440.0 15.4033
442.0 15.81819008
444.0 16.24944904
446.0 16.6855568
448.0 17.11071296
450.0 17.5142
452.0 17.89503144
454.0 18.250716
456.0 18.58307616
458.0 18.89721152
460.0 19.19665
462.0 19.47981992
464.0 19.74586856
466.0 19.998374
468.0 20.24251944
470.0 20.482
472.0 20.71768512
474.0 20.9513304
476.0 21.18246768
478.0 21.40934136
480.0 21.6315
482.0 21.85014744
484.0 22.06503288
486.0 22.28167392
488.0 22.50826336
490.0 22.74965
492.0 23.00463
494.0 23.27316992
496.0 23.55098944
498.0 23.83106616
500.0 24.10815
502.0 24.38195672
504.0 24.65175064
506.0 24.91343536
508.0 25.16191128
510.0 25.3935
512.0 25.60766648
514.0 25.80410976
516.0 25.98115784
518.0 26.13705512
520.0 26.2713
522.0 26.3847452
524.0 26.47799264
526.0 26.55560688
528.0 26.62427592
530.0 26.6893
532.0 26.75176592
534.0 26.81276048
536.0 26.87768424
538.0 26.9533924
540.0 27.0446
542.0 27.15167488
544.0 27.27495144
546.0 27.4150316
548.0 27.57191536
550.0 27.74475
552.0 27.93458888
554.0 28.1446924
556.0 28.36307232
558.0 28.57116944
560.0 28.7584
562.0 28.92941216
564.0 29.08663032
566.0 29.23908328
568.0 29.40089944
570.0 29.58395
572.0 29.78838544
574.0 30.01146368
576.0 30.27784672
578.0 30.62298096
580.0 31.06785
582.0 31.60825712
584.0 32.24512192
586.0 32.95789552
588.0 33.71280352
590.0 34.485
592.0 35.27421744
594.0 36.07818192
596.0 36.878468
598.0 37.65200208
600.0 38.38285
602.0 39.06716616
604.0 39.6990484
606.0 40.28327864
608.0 40.83131008
610.0 41.35065
612.0 41.83813832
614.0 42.29268824
616.0 42.71739296
618.0 43.11634888
620.0 43.4929
622.0 43.84835048
624.0 44.18407136
626.0 44.50290504
628.0 44.80811192
630.0 45.1022
632.0 45.38642328
634.0 45.66218624
636.0 45.92984
638.0 46.18905016
640.0 46.4398
642.0 46.6834104
644.0 46.921336
646.0 47.1526572
648.0 47.3755348
650.0 47.5893
652.0 47.79483896
654.0 47.9920848
656.0 48.18523424
658.0 48.38055728
660.0 48.58205
662.0 48.78924424
664.0 49.00242424
666.0 49.22011864
668.0 49.43948504
670.0 49.6584
672.0 49.87706416
674.0 50.09549424
676.0 50.31141632
678.0 50.5217372
680.0 50.7243
682.0 50.91795104
684.0 51.10043312
686.0 51.2743044
688.0 51.44433008
690.0 51.61255
692.0 51.77796096
694.0 51.9424356
696.0 52.09487184
698.0 52.21813168
700.0 52.30225
702.0 52.34936696
704.0 52.35787744
706.0 52.34038832
708.0 52.3173816
710.0 52.30225
712.0 52.29342184
714.0 52.29231832
716.0 52.2967324
718.0 52.30114648
720.0 52.30225
722.0 52.30225
724.0 52.30225
726.0 52.30225
728.0 52.30225
730.0 52.30225
732.0 52.30225
734.0 52.30225
736.0 52.30225
738.0 52.30225
740.0 52.30225
742.0 52.30225
744.0 52.30225
746.0 52.30225
748.0 52.30225
750.0 52.30225
