380.0 18.02625
382.0 18.02997256
384.0 18.03432984
386.0 18.03871392
388.0 18.036858
390.0 18.02625
392.0 18.01252072
394.0 17.99814752
396.0 17.99001432
398.0 17.99751432
400.0 18.02625
402.0 18.077664
404.0 18.15659912
406.0 18.25083304
408.0 18.34005096
410.0 18.4129
412.0 18.47412864
414.0 18.52412144
416.0 18.57745824
418.0 18.65704544
420.0 18.77865
422.0 18.93979736
424.0 19.13833064
426.0 19.38334552
428.0 19.6866296
430.0 20.05355
432.0 20.48184952
434.0 20.97258152
436.0 21.50452832
438.0 22.04516952
440.0 22.572
442.0 23.084886
444.0 23.58048352
446.0 24.05484664
448.0 24.50638696
450.0 24.9337
452.0 25.33309064
454.0 25.70118144
456.0 26.04193504
458.0 26.36270824
460.0 26.6684
462.0 26.95862576
464.0 27.23473984
466.0 27.49572232
468.0 27.7390652
470.0 27.9642
472.0 28.1735344
474.0 28.36833912
476.0 28.55486744
478.0 28.74198096
480.0 28.93605
482.0 29.13717488
484.0 29.34530544
486.0 29.5645548
488.0 29.80002256
490.0 30.0542
492.0 30.32526464
494.0 30.611394
496.0 30.90805696
498.0 31.20864912
500.0 31.50675
502.0 31.79996864
504.0 32.08723496
506.0 32.35385208
508.0 32.5794216
510.0 32.7503
512.0 32.86754064
514.0 32.93194608
516.0 32.94125912
518.0 32.89405856
520.0 32.7921
522.0 32.63840976
524.0 32.43447592
526.0 32.20011168
528.0 31.96399184
530.0 31.7471
532.0 31.55077376
534.0 31.37656808
536.0 31.238394
538.0 31.15313872
540.0 31.13055
542.0 31.1695076
544.0 31.270162
546.0 31.4198896
548.0 31.598292
550.0 31.7889
552.0 31.9946396
554.0 32.2237872
556.0 32.439308
558.0 32.5865276
560.0 32.63535
562.0 32.59895056
564.0 32.4831144
566.0 32.32606344
568.0 32.18698648
570.0 32.11285
572.0 32.10335304
574.0 32.15075424
576.0 32.33066144
578.0 32.74999904
580.0 33.47135
582.0 34.48312736
584.0 35.79036384
586.0 37.32131392
588.0 38.9590212
590.0 40.61915
592.0 42.30300448
594.0 44.00413072
596.0 45.67039576
598.0 47.2385144
600.0 48.66565
602.0 49.94075064
604.0 51.04662816
606.0 52.00570408
608.0 52.8634568
610.0 53.6503
612.0 54.35785696
614.0 54.98470648
616.0 55.5414992
618.0 56.04077512
620.0 56.4927
622.0 56.90247376
624.0 57.2754468
626.0 57.61732064
628.0 57.93319488
630.0 58.2274
632.0 58.50406584
634.0 58.76732224
636.0 59.01728624
638.0 59.25203504
640.0 59.47095
642.0 59.67675648
644.0 59.87151104
646.0 60.0564008
648.0 60.23251256
650.0 60.401
652.0 60.56286632
654.0 60.7187636
656.0 60.87089888
658.0 61.02211456
660.0 61.1743
662.0 61.32765584
664.0 61.48260008
666.0 61.63846392
668.0 61.79382616
670.0 61.9476
672.0 62.09981888
674.0 62.25033232
676.0 62.39800336
678.0 62.5413272
680.0 62.6791
682.0 62.81071984
684.0 62.93538416
686.0 63.05269168
688.0 63.1624752
690.0 63.2643
692.0 63.35799888
694.0 63.44427408
696.0 63.51968128
698.0 63.57903728
700.0 63.6196
702.0 63.64223888
704.0 63.64641888
706.0 63.63822608
708.0 63.62719088
710.0 63.6196
712.0 63.61505216
714.0 63.61448368
716.0 63.6167576
718.0 63.61903152
720.0 63.6196
722.0 63.6196
724.0 63.6196
726.0 63.6196
728.0 63.6196
730.0 63.6196
732.0 63.6196
734.0 63.6196
736.0 63.6196
738.0 63.6196
740.0 63.6196
742.0 63.6196
744.0 63.6196
746.0 63.6196
748.0 63.6196
750.0 63.6196
