380.0 17.14845
382.0 17.15360584
384.0 17.15953992
386.0 17.165322
388.0 17.16271368
390.0 17.14845
392.0 17.12960808
394.0 17.1088692
396.0 17.09652072
398.0 17.10691144
400.0 17.14845
402.0 17.22158328
404.0 17.33079832
406.0 17.46074616
408.0 17.5861796
410.0 17.69185
412.0 17.7818872
414.0 17.85592336
416.0 17.92444192
418.0 18.00508248
420.0 18.10985
422.0 18.23593552
424.0 18.38106512
426.0 18.55252872
428.0 18.76010752
430.0 19.00855
432.0 19.296552
434.0 19.62578552
436.0 19.97993184
438.0 20.33366016
440.0 20.6701
442.0 20.99013752
444.0 21.29144864
446.0 21.57562176
448.0 21.84809088
450.0 22.1122
452.0 22.36522376
454.0 22.60549016
456.0 22.83488856
458.0 23.05642856
460.0 23.27215
462.0 23.48233712
464.0 23.68802656
466.0 23.8881984
468.0 24.08076264
470.0 24.2649
472.0 24.44239952
474.0 24.6148496
476.0 24.78403928
478.0 24.95222576
480.0 25.1218
482.0 25.29297936
484.0 25.46420888
486.0 25.6448016
488.0 25.84855152
490.0 26.0832
492.0 26.34540304
494.0 26.6333716
496.0 26.93914696
498.0 27.25035632
500.0 27.55665
502.0 27.85622224
504.0 28.14808656
506.0 28.41612488
508.0 28.6383504
510.0 28.8002
512.0 28.9024428
514.0 28.94522928
516.0 28.92849256
518.0 28.85440624
520.0 28.72705
522.0 28.54896528
524.0 28.32155656
526.0 28.06455344
528.0 27.80621272
530.0 27.5671
532.0 27.34870336
534.0 27.15289544
536.0 26.99186512
538.0 26.879908
540.0 26.82515
542.0 26.826822
544.0 26.88519152
546.0 26.98811984
548.0 27.11612816
550.0 27.2536
552.0 27.40311024
554.0 27.57198224
556.0 27.72664224
558.0 27.81768264
560.0 27.8179
562.0 27.73985104
564.0 27.59020704
566.0 27.40135464
568.0 27.22320304
570.0 27.09685
572.0 27.02468648
574.0 27.00199744
576.0 27.1015316
578.0 27.42594976
580.0 28.03735
582.0 28.92575048
584.0 30.0936592
586.0 31.49146792
588.0 33.03566024
590.0 34.66265
592.0 36.37063144
594.0 38.15497312
596.0 39.9509352
598.0 41.67307848
600.0 43.263
602.0 44.71143688
604.0 46.0009836
606.0 47.14531712
608.0 48.17913144
610.0 49.12545
612.0 49.97410704
614.0 50.72097272
616.0 51.3793896
618.0 51.96791688
620.0 52.5008
622.0 52.98173408
624.0 53.4153004
626.0 53.81007632
628.0 54.17517424
630.0 54.51765
632.0 54.84186752
634.0 55.15260872
636.0 55.44955592
638.0 55.72953232
640.0 55.9911
642.0 56.23770328
644.0 56.47215112
646.0 56.69430976
648.0 56.903176
650.0 57.0988
652.0 57.28258624
654.0 57.45498616
656.0 57.62061448
658.0 57.7860756
660.0 57.9557
662.0 58.1293372
664.0 58.30747208
666.0 58.48911816
668.0 58.67201824
670.0 58.8544
672.0 59.03658112
674.0 59.21886256
676.0 59.398218
678.0 59.57030024
680.0 59.7322
682.0 59.88336552
684.0 60.022292
686.0 60.15093568
688.0 60.27305856
690.0 60.39055
692.0 60.50272448
694.0 60.61073568
696.0 60.70854768
698.0 60.78671368
700.0 60.8399
702.0 60.869578
704.0 60.87499528
706.0 60.86411056
708.0 60.84963104
710.0 60.8399
712.0 60.83414832
714.0 60.83342936
716.0 60.8363052
718.0 60.83918104
720.0 60.8399
722.0 60.8399
724.0 60.8399
726.0 60.8399
728.0 60.8399
730.0 60.8399
732.0 60.8399
734.0 60.8399
736.0 60.8399
738.0 60.8399
740.0 60.8399
742.0 60.8399
744.0 60.8399
746.0 60.8399
748.0 60.8399
750.0 60.8399
