380.0 13.01025
382.0 13.01994888
384.0 13.03095384
386.0 13.0413768
388.0 13.03641096
390.0 13.01025
392.0 12.97536184
394.0 12.9361856
396.0 12.91239816
398.0 12.93166472
400.0 13.01025
402.0 13.14798936
404.0 13.35155536
406.0 13.59483136
408.0 13.83484696
410.0 14.0448
412.0 14.23082672
414.0 14.39237536
416.0 14.5404644
418.0 14.69515784
420.0 14.87035
422.0 15.06249624
424.0 15.2688712
426.0 15.50040976
428.0 15.77224352
430.0 16.093
432.0 16.46102392
434.0 16.87721816
436.0 17.3291932
438.0 17.79705224
440.0 18.2666
442.0 18.73792008
444.0 19.2095244
446.0 19.67444072
448.0 20.12481064
450.0 20.55515
452.0 20.9634524
454.0 21.34727672
456.0 21.70886344
458.0 22.05322856
460.0 22.3839
462.0 22.70012536
464.0 23.00198824
466.0 23.29181272
468.0 23.5726084
470.0 23.8469
472.0 24.11619232
474.0 24.38237472
476.0 24.64671792
478.0 24.91014152
480.0 25.17405
482.0 25.4393964
484.0 25.70567912
486.0 25.97956944
488.0 26.27076496
490.0 26.5848
492.0 26.91975176
494.0 27.27486784
496.0 27.64444672
498.0 28.0194596
500.0 28.39265
502.0 28.76294784
504.0 29.12934992
506.0 29.482794
508.0 29.81124168
510.0 30.10645
512.0 30.3680344
514.0 30.5953428
516.0 30.7874556
518.0 30.94454
520.0 31.06785
522.0 31.15840552
524.0 31.2169924
526.0 31.25208768
528.0 31.27589696
530.0 31.29775
532.0 31.319068
534.0 31.34128888
536.0 31.37228776
538.0 31.42184584
540.0 31.4963
542.0 31.5959512
544.0 31.72148496
546.0 31.87025952
548.0 32.03709168
550.0 32.21735
552.0 32.41275664
554.0 32.62767552
556.0 32.8454368
558.0 33.04079328
560.0 33.19965
562.0 33.32837728
564.0 33.4301352
566.0 33.52002192
568.0 33.62144544
570.0 33.7535
572.0 33.91613544
574.0 34.10530552
576.0 34.3565068
578.0 34.72048448
580.0 35.22695
582.0 35.87003464
584.0 36.6518284
586.0 37.53904176
588.0 38.47741832
590.0 39.42785
592.0 40.3907548
594.0 41.36273856
596.0 42.32034312
598.0 43.23539528
600.0 44.08855
602.0 44.87408904
604.0 45.58366912
606.0 46.2262856
608.0 46.82099928
610.0 47.3803
612.0 47.90017496
614.0 48.3800724
616.0 48.82260064
618.0 49.23035128
620.0 49.60615
622.0 49.95252152
624.0 50.27138864
626.0 50.56818536
628.0 50.84985048
630.0 51.1214
632.0 51.38427184
634.0 51.64043896
636.0 51.89000168
638.0 52.131706
640.0 52.36495
642.0 52.591506
644.0 52.81311288
646.0 53.02836616
648.0 53.23467424
650.0 53.43085
652.0 53.61781304
654.0 53.79547976
656.0 53.96787968
658.0 54.1411156
660.0 54.3191
662.0 54.50138144
664.0 54.68826088
666.0 54.87848432
668.0 55.06954376
670.0 55.2596
672.0 55.44885368
674.0 55.63723792
676.0 55.82311416
678.0 56.0043088
680.0 56.1792
682.0 56.34683472
684.0 56.50562456
686.0 56.656556
688.0 56.80180264
690.0 56.94205
692.0 57.07669616
694.0 57.207062
696.0 57.32555664
698.0 57.42055968
700.0 57.48545
702.0 57.52176584
704.0 57.52837024
706.0 57.51499424
708.0 57.49727104
710.0 57.48545
712.0 57.47849448
714.0 57.47762504
716.0 57.4811028
718.0 57.48458056
720.0 57.48545
722.0 57.48545
724.0 57.48545
726.0 57.48545
728.0 57.48545
730.0 57.48545
732.0 57.48545
734.0 57.48545
736.0 57.48545
738.0 57.48545
740.0 57.48545
742.0 57.48545
744.0 57.48545
746.0 57.48545
748.0 57.48545
750.0 57.48545
