380.0 12.61315
382.0 12.62348408
384.0 12.63514072
386.0 12.64604776
388.0 12.6407308
390.0 12.61315
392.0 12.57627344
394.0 12.53467296
396.0 12.50929648
398.0 12.5296492
400.0 12.61315
402.0 12.75945
404.0 12.97520488
406.0 13.23384656
408.0 13.49156864
410.0 13.72085
412.0 13.92720824
414.0 14.10897136
416.0 14.27744208
418.0 14.4535204
420.0 14.6509
422.0 14.86479896
424.0 15.09212408
426.0 15.3385936
428.0 15.61181512
430.0 15.91535
432.0 16.248078
434.0 16.61132
436.0 16.991282
438.0 17.366646
440.0 17.7232
442.0 18.06188032
444.0 18.3812156
446.0 18.68174088
448.0 18.96671656
450.0 19.23845
452.0 19.49508528
454.0 19.73501728
456.0 19.96291088
458.0 20.18595568
460.0 20.40885
462.0 20.63152696
464.0 20.85517368
466.0 21.0778172
468.0 21.29552832
470.0 21.5061
472.0 21.71137144
474.0 21.912814
476.0 22.11082896
478.0 22.30583432
480.0 22.49885
482.0 22.69051136
484.0 22.88036696
486.0 23.07490416
488.0 23.28365336
490.0 23.5125
492.0 23.7593708
494.0 24.02225936
496.0 24.30103192
498.0 24.59518688
500.0 24.90235
502.0 25.22009688
504.0 25.54775872
506.0 25.87007016
508.0 26.1650444
510.0 26.4176
512.0 26.6286064
514.0 26.79853176
516.0 26.92222632
518.0 26.99425608
520.0 27.01325
522.0 26.98121448
524.0 26.89831672
526.0 26.78264776
528.0 26.6612104
530.0 26.55345
532.0 26.45978456
534.0 26.38136776
536.0 26.32961936
538.0 26.31816616
540.0 26.3549
542.0 26.43926912
544.0 26.57180856
546.0 26.7418008
548.0 26.93185704
550.0 27.1282
552.0 27.33362192
554.0 27.5551452
556.0 27.76329248
558.0 27.91450816
560.0 27.9851
562.0 27.98608648
564.0 27.92246688
566.0 27.82632688
568.0 27.74707408
570.0 27.72385
572.0 27.75663792
574.0 27.83936848
576.0 28.03395584
578.0 28.427762
580.0 29.0719
582.0 29.95685616
584.0 31.08652624
586.0 32.40237352
588.0 33.8090104
590.0 35.2374
592.0 36.68832816
594.0 38.15656152
596.0 39.59754128
598.0 40.95667664
600.0 42.1971
602.0 43.30993304
604.0 44.28098048
606.0 45.12905232
608.0 45.89235376
610.0 46.59655
612.0 47.23470224
614.0 47.80558992
616.0 48.319128
618.0 48.78727128
620.0 49.2195
622.0 49.6201112
624.0 49.993636
626.0 50.3448396
628.0 50.6778184
630.0 50.996
632.0 51.3027284
634.0 51.601264
636.0 51.8912724
638.0 52.17058
640.0 52.4381
642.0 52.69595584
644.0 52.94597
646.0 53.18745696
648.0 53.41891192
650.0 53.63985
652.0 53.85120752
654.0 54.05313496
656.0 54.2492104
658.0 54.44470064
660.0 54.64305
662.0 54.84399096
664.0 55.0477576
666.0 55.25378144
668.0 55.46064128
670.0 55.66715
672.0 55.87350824
674.0 56.08000024
676.0 56.28398424
678.0 56.48161464
680.0 56.67035
682.0 56.84935432
684.0 57.01648744
686.0 57.17492616
688.0 57.33035528
690.0 57.48545
692.0 57.63917368
694.0 57.79339896
696.0 57.93725784
698.0 58.05386312
700.0 58.13335
702.0 58.17785864
704.0 58.18588424
706.0 58.16933144
708.0 58.14759544
710.0 58.13335
712.0 58.12505688
714.0 58.12402024
716.0 58.1281668
718.0 58.13231336
720.0 58.13335
722.0 58.13335
724.0 58.13335
726.0 58.13335
728.0 58.13335
730.0 58.13335
732.0 58.13335
734.0 58.13335
736.0 58.13335
738.0 58.13335
740.0 58.13335
742.0 58.13335
744.0 58.13335
746.0 58.13335
748.0 58.13335
750.0 58.13335
