380.0 17.2634
382.0 17.26868416
384.0 17.27480528
386.0 17.2808444
388.0 17.27818592
390.0 17.2634
392.0 17.24394952
394.0 17.2227312
396.0 17.21021048
398.0 17.22093056
400.0 17.2634
402.0 17.33832232
404.0 17.45073088
406.0 17.58420664
408.0 17.7117468
410.0 17.81725
412.0 17.90531424
414.0 17.97545464
416.0 18.04066264
418.0 18.12242344
420.0 18.23525
422.0 18.37596552
424.0 18.54226264
426.0 18.74133096
428.0 18.98245008
430.0 19.2698
432.0 19.60197624
434.0 19.98061736
436.0 20.38743168
438.0 20.794246
440.0 21.18215
442.0 21.55192952
444.0 21.90109328
446.0 22.23019304
448.0 22.5434924
450.0 22.8437
452.0 23.12804032
454.0 23.39457384
456.0 23.64681176
458.0 23.89035528
460.0 24.12905
462.0 24.36297952
464.0 24.59308016
466.0 24.8193352
468.0 25.04090864
470.0 25.25765
472.0 25.47139848
474.0 25.6841772
476.0 25.89578552
478.0 26.10530384
480.0 26.3131
482.0 26.52012704
484.0 26.72551552
486.0 26.93801
488.0 27.17065208
490.0 27.43125
492.0 27.71634272
494.0 28.0226364
496.0 28.34891048
498.0 28.69315856
500.0 29.051
502.0 29.4189236
504.0 29.79619368
506.0 30.15966976
508.0 30.47607904
510.0 30.723
512.0 30.90213808
514.0 31.01414536
516.0 31.05450744
518.0 31.01979672
520.0 30.9111
522.0 30.73157736
524.0 30.48234904
526.0 30.18948152
528.0 29.89118
530.0 29.6153
532.0 29.36297848
534.0 29.13561992
536.0 28.95215136
538.0 28.8358972
540.0 28.8002
542.0 28.84348808
544.0 28.96653056
546.0 29.15026664
548.0 29.36401512
550.0 29.58395
552.0 29.81425128
554.0 30.06493424
556.0 30.2914568
558.0 30.42861096
560.0 30.44085
562.0 30.34377368
564.0 30.1437356
566.0 29.89010992
568.0 29.65922344
570.0 29.5108
572.0 29.4441708
574.0 29.45054112
576.0 29.61892824
578.0 30.07448136
580.0 30.8902
582.0 32.05254096
584.0 33.56735624
586.0 35.34843752
588.0 37.2555876
590.0 39.1875
592.0 41.14536184
594.0 43.12139832
596.0 45.051622
598.0 46.85803408
600.0 48.488
602.0 49.9287624
604.0 51.1601904
606.0 52.209454
608.0 53.131562
610.0 53.9638
612.0 54.69662088
614.0 55.3283192
616.0 55.87566512
618.0 56.35947504
620.0 56.79575
622.0 57.19077672
624.0 57.55176152
626.0 57.88432232
628.0 58.19197032
630.0 58.4782
632.0 58.74842864
634.0 59.00748832
636.0 59.2555128
638.0 59.49041208
640.0 59.7113
642.0 59.92098552
644.0 60.1218596
646.0 60.31328688
648.0 60.49359536
650.0 60.66225
652.0 60.8204212
654.0 60.96837648
656.0 61.10989456
658.0 61.25049304
660.0 61.39375
662.0 61.53956512
664.0 61.68857376
666.0 61.839338
668.0 61.98901544
670.0 62.1357
672.0 62.27975952
674.0 62.4210268
676.0 62.55920088
678.0 62.69411456
680.0 62.8254
682.0 62.9523048
684.0 63.07409328
686.0 63.18994616
688.0 63.29894384
690.0 63.40015
692.0 63.49349776
694.0 63.57968936
696.0 63.65518016
698.0 63.71470336
700.0 63.75545
702.0 63.77822264
704.0 63.78241936
706.0 63.77415968
708.0 63.7630576
710.0 63.75545
712.0 63.75090216
714.0 63.75033368
716.0 63.7526076
718.0 63.75488152
720.0 63.75545
722.0 63.75545
724.0 63.75545
726.0 63.75545
728.0 63.75545
730.0 63.75545
732.0 63.75545
734.0 63.75545
736.0 63.75545
738.0 63.75545
740.0 63.75545
742.0 63.75545
744.0 63.75545
746.0 63.75545
748.0 63.75545
750.0 63.75545
