380.0 18.1203
382.0 18.12193648
384.0 18.12388752
386.0 18.12591696
388.0 18.1251144
390.0 18.1203
392.0 18.11421384
394.0 18.10823016
396.0 18.10507848
398.0 18.108364
400.0 18.1203
402.0 18.1421196
404.0 18.17679688
406.0 18.21841296
408.0 18.25701944
410.0 18.2875
412.0 18.3126636
414.0 18.33261056
416.0 18.35807512
418.0 18.40552648
420.0 18.48605
422.0 18.59783992
424.0 18.73954192
426.0 18.91526912
428.0 19.12987032
430.0 19.38475
432.0 19.67870432
434.0 20.01293712
436.0 20.37099592
438.0 20.72796792
440.0 21.0672
442.0 21.38902656
444.0 21.69070552
446.0 21.97424328
448.0 22.24582624
450.0 22.5093
452.0 22.76178872
454.0 23.00152008
456.0 23.23063424
458.0 23.4524752
460.0 23.66925
462.0 23.88099208
464.0 24.08837024
466.0 24.2904816
468.0 24.48548696
470.0 24.67245
472.0 24.85245752
474.0 25.0264124
476.0 25.19493328
478.0 25.35877256
480.0 25.5189
482.0 25.675232
484.0 25.82653128
486.0 25.97833216
488.0 26.13899464
490.0 26.3131
492.0 26.49740456
494.0 26.68876496
496.0 26.88463976
498.0 27.08151776
500.0 27.2745
502.0 27.46096144
504.0 27.64105256
506.0 27.79422448
508.0 27.8908828
510.0 27.91195
512.0 27.86058616
514.0 27.73871408
516.0 27.5471196
518.0 27.28931392
520.0 26.97145
522.0 26.59734
524.0 26.1685556
526.0 25.7140224
528.0 25.275206
530.0 24.88145
532.0 24.53372416
534.0 24.2342188
536.0 23.99507264
538.0 23.82907648
540.0 23.7424
542.0 23.73363872
544.0 23.80254184
546.0 23.92954696
548.0 24.08455808
550.0 24.244
552.0 24.41024696
554.0 24.59115736
556.0 24.74489776
558.0 24.81094176
560.0 24.75605
562.0 24.59592256
564.0 24.34002296
566.0 24.02719176
568.0 23.71703576
570.0 23.46025
572.0 23.26218488
574.0 23.11845976
576.0 23.12671944
578.0 23.42482032
580.0 24.0977
582.0 25.132668
584.0 26.53116224
586.0 28.24173528
588.0 30.17493512
590.0 32.25915
592.0 34.48994912
594.0 36.86306888
596.0 39.27940984
598.0 41.6037072
600.0 43.7437
602.0 45.68903856
604.0 47.41628144
606.0 48.94045992
608.0 50.3051296
610.0 51.5394
612.0 52.62822312
614.0 53.56395792
616.0 54.36994552
618.0 55.08012752
620.0 55.7194
622.0 56.29187608
624.0 56.80446112
626.0 57.26655176
628.0 57.6862572
630.0 58.07065
632.0 58.42666896
634.0 58.76081816
636.0 59.07465256
638.0 59.36708536
640.0 59.63815
642.0 59.89185928
644.0 60.13169096
646.0 60.35697624
648.0 60.56545792
650.0 60.7563
652.0 60.93132496
654.0 61.09140224
656.0 61.23985912
658.0 61.3813772
660.0 61.51915
662.0 61.6535788
664.0 61.78568352
666.0 61.91469504
668.0 62.03869056
670.0 62.1566
672.0 62.26899184
674.0 62.37566544
676.0 62.47815904
678.0 62.57889704
680.0 62.6791
682.0 62.77831648
684.0 62.87693104
686.0 62.9714492
688.0 63.05643696
690.0 63.12845
692.0 63.18815712
694.0 63.2356252
696.0 63.27172368
698.0 63.29820816
700.0 63.31655
702.0 63.3267492
704.0 63.32873888
706.0 63.32529456
708.0 63.32034544
710.0 63.31655
712.0 63.31414232
714.0 63.31384136
716.0 63.3150452
718.0 63.31624904
720.0 63.31655
722.0 63.31655
724.0 63.31655
726.0 63.31655
728.0 63.31655
730.0 63.31655
732.0 63.31655
734.0 63.31655
736.0 63.31655
738.0 63.31655
740.0 63.31655
742.0 63.31655
744.0 63.31655
746.0 63.31655
748.0 63.31655
750.0 63.31655
