380.0 18.23525
382.0 18.24285352
384.0 18.2515628
386.0 18.25996928
388.0 18.25610696
390.0 18.23525
392.0 18.20769464
394.0 18.17740208
396.0 18.15937832
398.0 18.17454376
400.0 18.23525
402.0 18.34230816
404.0 18.50236872
406.0 18.69361208
408.0 18.88000664
410.0 19.0399
412.0 19.17902712
414.0 19.29620088
416.0 19.40819144
418.0 19.5430048
420.0 19.71915
422.0 19.93204576
424.0 20.17889984
426.0 20.46563112
428.0 20.799262
430.0 21.18215
432.0 21.61282376
434.0 22.09290512
436.0 22.60132688
438.0 23.10607024
440.0 23.58565
442.0 24.0405176
444.0 24.46727888
446.0 24.86762256
448.0 25.24815304
450.0 25.61295
452.0 25.95861928
454.0 26.28322136
456.0 26.58918064
458.0 26.88034272
460.0 27.15955
462.0 27.42730408
464.0 27.68467504
466.0 27.9325992
468.0 28.17174536
470.0 28.4031
472.0 28.62811776
474.0 28.8480192
476.0 29.06499464
478.0 29.28171928
480.0 29.50035
482.0 29.72107072
484.0 29.94329624
486.0 30.17078856
488.0 30.40889808
490.0 30.6603
492.0 30.92251976
494.0 31.19304936
496.0 31.46884576
498.0 31.74572896
500.0 32.0188
502.0 32.2856512
504.0 32.54586456
506.0 32.78325512
508.0 32.97483288
510.0 33.1056
512.0 33.17751272
514.0 33.19172472
516.0 33.14808552
518.0 33.04835072
520.0 32.8966
522.0 32.69596
524.0 32.44810272
526.0 32.17441304
528.0 31.90548856
530.0 31.6635
532.0 31.44963448
534.0 31.26526304
536.0 31.1237784
538.0 31.04114816
540.0 31.02605
542.0 31.07699584
544.0 31.1941696
546.0 31.36116896
548.0 31.55216152
550.0 31.7471
552.0 31.9492448
554.0 32.16690576
556.0 32.36308152
558.0 32.48368288
560.0 32.4995
562.0 32.42405936
564.0 32.26326312
566.0 32.05932928
568.0 31.87721504
570.0 31.768
572.0 31.73170088
574.0 31.76121168
576.0 31.93359488
578.0 32.35711248
580.0 33.09515
582.0 34.13585296
584.0 35.48341808
586.0 37.0664008
588.0 38.76834632
590.0 40.5042
592.0 42.27412904
594.0 44.07183
596.0 45.83667616
598.0 47.49292592
600.0 48.9896
602.0 50.31613136
604.0 51.45451256
606.0 52.42895416
608.0 53.28903096
610.0 54.0683
612.0 54.75769904
614.0 55.35520496
616.0 55.87646768
618.0 56.3412168
620.0 56.7644
622.0 57.15141784
624.0 57.50875768
626.0 57.84068312
628.0 58.14911696
630.0 58.4364
632.0 58.7075148
634.0 58.96677512
636.0 59.21441504
638.0 59.44884616
640.0 59.6695
642.0 59.87880096
644.0 60.07875544
646.0 60.26934672
648.0 60.449906
650.0 60.62045
652.0 60.78198192
654.0 60.93488632
656.0 61.08193872
658.0 61.22706832
660.0 61.37285
662.0 61.51933392
664.0 61.66705512
666.0 61.81502712
668.0 61.96124352
670.0 62.10435
672.0 62.24464752
674.0 62.38208592
676.0 62.51626392
678.0 62.64676352
680.0 62.77315
682.0 62.89477128
684.0 63.01075792
686.0 63.12122696
688.0 63.22668
690.0 63.327
692.0 63.42198632
694.0 63.51255856
696.0 63.5939348
698.0 63.65884184
700.0 63.7032
702.0 63.72801248
704.0 63.7325436
706.0 63.72344792
708.0 63.71134264
710.0 63.7032
712.0 63.69838464
714.0 63.69778272
716.0 63.7001904
718.0 63.70259808
720.0 63.7032
722.0 63.7032
724.0 63.7032
726.0 63.7032
728.0 63.7032
730.0 63.7032
732.0 63.7032
734.0 63.7032
736.0 63.7032
738.0 63.7032
740.0 63.7032
742.0 63.7032
744.0 63.7032
746.0 63.7032
748.0 63.7032
750.0 63.7032
