380.0 12.32055
382.0 12.32560632
384.0 12.33142536
386.0 12.3370944
388.0 12.33453624
390.0 12.32055
392.0 12.30211968
394.0 12.2819652
396.0 12.27003792
398.0 12.28018104
400.0 12.32055
402.0 12.39181064
404.0 12.49863472
406.0 12.6260244
408.0 12.74923408
410.0 12.8535
412.0 12.94275136
414.0 13.0159348
416.0 13.08577424
418.0 13.17333688
420.0 13.2924
422.0 13.43956944
424.0 13.61303944
426.0 13.81560224
428.0 14.05001664
430.0 14.3165
432.0 14.61423304
434.0 14.94436944
436.0 15.29197824
438.0 15.63457104
440.0 15.95715
442.0 16.26021672
444.0 16.54171464
446.0 16.80314856
448.0 17.04953448
450.0 17.2843
452.0 17.50523808
454.0 17.71062656
456.0 17.90514704
458.0 18.09590552
460.0 18.2875
462.0 18.47988032
464.0 18.67426704
466.0 18.86823576
468.0 19.05718848
470.0 19.23845
472.0 19.41422736
474.0 19.58669416
476.0 19.75498096
478.0 19.91749936
480.0 20.07445
482.0 20.22690296
484.0 20.37378816
486.0 20.52644176
488.0 20.70183456
490.0 20.91045
492.0 21.14922832
494.0 21.41611296
496.0 21.7087464
498.0 22.02269784
500.0 22.35255
502.0 22.69591192
504.0 23.0521148
506.0 23.40204768
508.0 23.71845696
510.0 23.98275
512.0 24.19566248
514.0 24.35709408
516.0 24.46259728
518.0 24.50849368
520.0 24.4948
522.0 24.4234056
524.0 24.29456128
526.0 24.12834776
528.0 23.95452664
530.0 23.79465
532.0 23.6494368
534.0 23.52024136
536.0 23.42038952
538.0 23.36593248
540.0 23.3662
542.0 23.4204564
544.0 23.52923672
546.0 23.68040224
548.0 23.85422336
550.0 24.035
552.0 24.22567488
554.0 24.43388904
556.0 24.6261356
558.0 24.75300696
560.0 24.7874
562.0 24.74177112
564.0 24.62229
566.0 24.46284808
568.0 24.31569536
570.0 24.2231
572.0 24.18649992
574.0 24.20051128
576.0 24.33599344
578.0 24.6928484
580.0 25.3308
582.0 26.24001688
584.0 27.42417744
586.0 28.8275372
588.0 30.35755096
590.0 31.94565
592.0 33.59160024
594.0 35.2905696
596.0 36.98577696
598.0 38.60432312
600.0 40.09665
602.0 41.45327736
604.0 42.65745176
606.0 43.72677936
608.0 44.70030136
610.0 45.6038
612.0 46.42794552
614.0 47.16992896
616.0 47.839682
618.0 48.44982824
620.0 49.0105
622.0 49.5258104
624.0 50.0000732
626.0 50.4403108
628.0 50.8539636
630.0 51.2468
632.0 51.62231448
634.0 51.9842356
636.0 52.33261352
638.0 52.66535824
640.0 52.9815
642.0 53.28393136
644.0 53.57549472
646.0 53.85426728
648.0 54.11657064
650.0 54.3609
652.0 54.5887936
654.0 54.80011768
656.0 55.00199496
658.0 55.20512624
660.0 55.41635
662.0 55.63506432
664.0 55.86215536
666.0 56.0946804
668.0 56.32703824
670.0 56.5554
672.0 56.78058496
674.0 57.0027436
676.0 57.22005344
678.0 57.43025728
680.0 57.63175
682.0 57.82334448
684.0 58.00296744
686.0 58.1729764
688.0 58.33771856
690.0 58.4991
692.0 58.65631816
694.0 58.8111788
696.0 58.95375024
698.0 59.06865008
700.0 59.147
702.0 59.19083984
704.0 59.19878184
706.0 59.18256344
708.0 59.16116184
710.0 59.147
712.0 59.13870688
714.0 59.13767024
716.0 59.1418168
718.0 59.14596336
720.0 59.147
722.0 59.147
724.0 59.147
726.0 59.147
728.0 59.147
730.0 59.147
732.0 59.147
734.0 59.147
736.0 59.147
738.0 59.147
740.0 59.147
742.0 59.147
744.0 59.147
746.0 59.147
748.0 59.147
750.0 59.147
