380.0 20.8373
382.0 20.83698288
384.0 20.83685888
386.0 20.83719608
388.0 20.83744688
390.0 20.8373
392.0 20.83773024
394.0 20.83973608
396.0 20.84182832
398.0 20.84149616
400.0 20.8373
402.0 20.83134768
404.0 20.82678312
406.0 20.82046296
408.0 20.8070368
410.0 20.78505
412.0 20.75774624
414.0 20.72574416
416.0 20.70419208
418.0 20.7154112
420.0 20.7746
422.0 20.87995272
424.0 21.02981408
426.0 21.23050424
428.0 21.4895472
430.0 21.80915
432.0 22.18722264
434.0 22.62520304
436.0 23.09846264
438.0 23.56979944
440.0 24.0141
442.0 24.43174888
444.0 24.81903424
446.0 25.1764744
448.0 25.50958696
450.0 25.82195
452.0 26.10991856
454.0 26.3709512
456.0 26.61033144
458.0 26.83641928
460.0 27.05505
462.0 27.26660816
464.0 27.47274904
466.0 27.67379032
468.0 27.868896
470.0 28.05825
472.0 28.24407608
474.0 28.42802952
476.0 28.61290256
478.0 28.8022064
480.0 28.99875
482.0 29.20244976
484.0 29.41203496
486.0 29.63307336
488.0 29.87367416
490.0 30.1378
492.0 30.42240784
494.0 30.72547456
496.0 31.03907488
498.0 31.3515048
500.0 31.65305
502.0 31.94193816
504.0 32.21741688
506.0 32.464806
508.0 32.66412512
510.0 32.80255
512.0 32.8812176
514.0 32.9002784
516.0 32.8629092
518.0 32.775798
520.0 32.6458
522.0 32.47487144
524.0 32.2640824
526.0 32.03197536
528.0 31.80471712
530.0 31.6008
532.0 31.42176224
534.0 31.27054656
536.0 31.15210208
538.0 31.0700236
540.0 31.02605
542.0 31.02071632
544.0 31.05395568
546.0 31.11938104
548.0 31.207044
550.0 31.3082
552.0 31.42422008
554.0 31.56087264
556.0 31.6920076
558.0 31.77866736
560.0 31.79935
562.0 31.7648232
564.0 31.6818084
566.0 31.5730448
568.0 31.47331
570.0 31.4127
572.0 31.39375624
574.0 31.4115296
576.0 31.53062616
578.0 31.84334032
580.0 32.40545
582.0 33.20755856
584.0 34.25214056
586.0 35.49435296
588.0 36.85878856
590.0 38.2888
592.0 39.78363488
594.0 41.33924696
596.0 42.90305184
598.0 44.40641392
600.0 45.80235
602.0 47.08231616
604.0 48.23096344
606.0 49.26114952
608.0 50.2039736
610.0 51.0796
612.0 51.87905008
614.0 52.59921392
616.0 53.24706376
618.0 53.831712
620.0 54.3609
622.0 54.83797176
624.0 55.26608736
626.0 55.65374056
628.0 56.01129776
630.0 56.3464
632.0 56.66204016
634.0 56.96208056
636.0 57.24623696
638.0 57.51166696
640.0 57.75715
642.0 57.98584616
644.0 58.20028016
646.0 58.40083656
648.0 58.58734816
650.0 58.76035
652.0 58.92121312
654.0 59.07063976
656.0 59.2123752
658.0 59.35160264
660.0 59.49185
662.0 59.63333464
664.0 59.7766752
666.0 59.92168776
668.0 60.06736912
670.0 60.2129
672.0 60.3584476
674.0 60.50396176
676.0 60.64797112
678.0 60.78838568
680.0 60.9235
682.0 61.05287936
684.0 61.17615592
686.0 61.29132328
688.0 61.39578984
690.0 61.4878
692.0 61.56742064
694.0 61.63483568
696.0 61.68954352
698.0 61.73104256
700.0 61.7595
702.0 61.77531712
704.0 61.77832672
706.0 61.77280912
708.0 61.76511792
710.0 61.7595
712.0 61.75602224
714.0 61.75558752
716.0 61.7573264
718.0 61.75906528
720.0 61.7595
722.0 61.7595
724.0 61.7595
726.0 61.7595
728.0 61.7595
730.0 61.7595
732.0 61.7595
734.0 61.7595
736.0 61.7595
738.0 61.7595
740.0 61.7595
742.0 61.7595
744.0 61.7595
746.0 61.7595
748.0 61.7595
750.0 61.7595
