380.0 13.03115
382.0 13.0432412
384.0 13.05701672
386.0 13.07017184
388.0 13.06400216
390.0 13.03115
392.0 12.98728904
394.0 12.93782864
396.0 12.90769304
398.0 12.93198104
400.0 13.03115
402.0 13.20450296
404.0 13.45996784
406.0 13.76383712
408.0 14.0609348
410.0 14.3165
412.0 14.53722072
414.0 14.72097352
416.0 14.88140192
418.0 15.04400392
420.0 15.22565
422.0 15.42082256
424.0 15.62619432
426.0 15.84945648
428.0 16.10080824
430.0 16.3856
432.0 16.70316296
434.0 17.05563728
436.0 17.42851
438.0 17.79887472
440.0 18.15165
442.0 18.48808984
444.0 18.8063216
446.0 19.10866936
448.0 19.40123592
450.0 19.6878
452.0 19.9660208
454.0 20.23476136
456.0 20.49489112
458.0 20.74766408
460.0 20.99405
462.0 21.23453376
464.0 21.46991792
466.0 21.70011888
468.0 21.92463504
470.0 22.14355
472.0 22.35778336
474.0 22.56788688
476.0 22.7761512
478.0 22.98575312
480.0 23.199
482.0 23.4156912
484.0 23.6352248
486.0 23.8601088
488.0 24.0938544
490.0 24.33805
492.0 24.59087312
494.0 24.8506016
496.0 25.11400848
498.0 25.37657936
500.0 25.63385
502.0 25.88421528
504.0 26.12732408
506.0 26.35204088
508.0 26.54273248
510.0 26.6893
512.0 26.79311448
514.0 26.85497848
516.0 26.87562768
518.0 26.85748648
520.0 26.80425
522.0 26.71802496
524.0 26.59983128
526.0 26.465252
528.0 26.33652472
530.0 26.2295
532.0 26.14467944
534.0 26.0828656
536.0 26.05198376
538.0 26.06106272
540.0 26.11455
542.0 26.2118604
544.0 26.35419776
546.0 26.52679832
548.0 26.70667208
550.0 26.8774
552.0 27.04254344
554.0 27.20788752
556.0 27.3542544
558.0 27.45405608
560.0 27.49395
562.0 27.4824968
564.0 27.4229736
566.0 27.3489876
568.0 27.3112004
570.0 27.34765
572.0 27.45831968
574.0 27.6407516
576.0 27.93579272
578.0 28.39878624
580.0 29.06145
582.0 29.9175976
584.0 30.96888432
586.0 32.17324264
588.0 33.46304016
590.0 34.78805
592.0 36.14564712
594.0 37.52924384
596.0 38.90180536
598.0 40.21768608
600.0 41.4447
602.0 42.57490512
604.0 43.59811896
606.0 44.5166656
608.0 45.34241624
610.0 46.0845
612.0 46.73843592
614.0 47.30088
616.0 47.79059208
618.0 48.23549456
620.0 48.6552
622.0 49.0511296
624.0 49.42748008
626.0 49.78761216
628.0 50.13236184
630.0 50.46305
632.0 50.78368944
634.0 51.09737336
636.0 51.40386768
638.0 51.7014168
640.0 51.98875
642.0 52.2678068
644.0 52.54132928
646.0 52.80373296
648.0 53.04607264
650.0 53.26365
652.0 53.45813704
654.0 53.62844696
656.0 53.78538088
658.0 53.945826
660.0 54.12055
662.0 54.30794776
664.0 54.50868808
666.0 54.7192932
668.0 54.93290792
670.0 55.14465
672.0 55.35587376
674.0 55.5677496
676.0 55.77494384
678.0 55.96984888
680.0 56.14785
682.0 56.30824496
684.0 56.44792384
686.0 56.57481192
688.0 56.7022016
690.0 56.83755
692.0 56.97906808
694.0 57.12916352
696.0 57.27457736
698.0 57.3940752
700.0 57.475
702.0 57.5202276
704.0 57.52830336
706.0 57.51129912
708.0 57.48919528
710.0 57.475
712.0 57.46684064
714.0 57.46582072
716.0 57.4699004
718.0 57.47398008
720.0 57.475
722.0 57.475
724.0 57.475
726.0 57.475
728.0 57.475
730.0 57.475
732.0 57.475
734.0 57.475
736.0 57.475
738.0 57.475
740.0 57.475
742.0 57.475
744.0 57.475
746.0 57.475
748.0 57.475
750.0 57.475
