380.0 20.5865
382.0 20.59064016
384.0 20.59564016
386.0 20.60095856
388.0 20.59895216
390.0 20.5865
392.0 20.57043312
394.0 20.55358576
396.0 20.5440632
398.0 20.55293264
400.0 20.5865
402.0 20.64607336
404.0 20.7372308
406.0 20.84343624
408.0 20.93768688
410.0 21.0045
412.0 21.0489752
414.0 21.07041024
416.0 21.08708008
418.0 21.12824472
420.0 21.2135
422.0 21.33901704
424.0 21.50232128
426.0 21.71051872
428.0 21.97205296
430.0 22.28985
432.0 22.66242176
434.0 23.09209232
436.0 23.55369808
438.0 24.00886664
440.0 24.4321
442.0 24.82461872
444.0 25.18306208
446.0 25.51032264
448.0 25.8153456
450.0 26.1041
452.0 26.37280712
454.0 26.61877504
456.0 26.84852456
458.0 27.07192048
460.0 27.2954
462.0 27.51938112
464.0 27.74638856
466.0 27.9722256
468.0 28.18903384
470.0 28.39265
472.0 28.58630104
474.0 28.771776
476.0 28.95373976
478.0 29.13904752
480.0 29.33315
482.0 29.53631472
484.0 29.74793976
486.0 29.9762848
488.0 30.23288664
490.0 30.52445
492.0 30.84821608
494.0 31.2016936
496.0 31.58125432
498.0 31.98121344
500.0 32.395
502.0 32.81937032
504.0 33.25300352
506.0 33.67543432
508.0 34.05782072
510.0 34.3805
512.0 34.6440072
514.0 34.84800792
516.0 34.98838904
518.0 35.06222456
520.0 35.0702
522.0 35.0140208
524.0 34.89350304
526.0 34.73085088
528.0 34.55900272
530.0 34.4014
532.0 34.25864464
534.0 34.13277648
536.0 34.03449632
538.0 33.97550816
540.0 33.9625
542.0 33.99642488
544.0 34.07972392
546.0 34.19897096
548.0 34.3323464
550.0 34.4641
552.0 34.59872944
554.0 34.74362496
556.0 34.87606408
558.0 34.9626068
560.0 34.9866
562.0 34.95827632
564.0 34.88174888
566.0 34.79343384
568.0 34.74834
570.0 34.78805
572.0 34.91204552
574.0 35.11612984
576.0 35.44920896
578.0 35.97849728
580.0 36.7422
582.0 37.73192368
584.0 38.94945736
586.0 40.34196584
588.0 41.82492952
590.0 43.33615
592.0 44.8730524
594.0 46.42787864
596.0 47.95829368
598.0 49.41288352
600.0 50.75565
602.0 51.97717976
604.0 53.06525048
606.0 54.0259984
608.0 54.87823352
610.0 55.6358
612.0 56.29353136
614.0 56.848418
616.0 57.32037344
618.0 57.73832328
620.0 58.1229
622.0 58.47649456
624.0 58.80402264
626.0 59.11031632
628.0 59.3979672
630.0 59.6695
632.0 59.92951272
634.0 60.18206832
636.0 60.42567872
638.0 60.65624752
640.0 60.87125
642.0 61.07349512
644.0 61.26610952
646.0 61.44501352
648.0 61.60351912
650.0 61.7386
652.0 61.85192816
654.0 61.94234992
656.0 62.02223808
658.0 62.11056984
660.0 62.2193
662.0 62.34675656
664.0 62.49399288
666.0 62.6553576
668.0 62.82048432
670.0 62.98215
672.0 63.14211024
674.0 63.3016692
676.0 63.45495816
678.0 63.59386792
680.0 63.71365
682.0 63.81378608
684.0 63.89126656
686.0 63.95553824
688.0 64.02215072
690.0 64.1003
692.0 64.1881636
694.0 64.28784824
696.0 64.38853608
698.0 64.47242032
700.0 64.52875
702.0 64.56013344
704.0 64.56568448
706.0 64.55376312
708.0 64.53841416
710.0 64.52875
712.0 64.52326584
714.0 64.52258032
716.0 64.5253224
718.0 64.52806448
720.0 64.52875
722.0 64.52875
724.0 64.52875
726.0 64.52875
728.0 64.52875
730.0 64.52875
732.0 64.52875
734.0 64.52875
736.0 64.52875
738.0 64.52875
740.0 64.52875
742.0 64.52875
744.0 64.52875
746.0 64.52875
748.0 64.52875
750.0 64.52875
