380.0 15.03755
382.0 15.04593272
384.0 15.05565368
386.0 15.06526424
388.0 15.0610508
390.0 15.03755
392.0 15.00641952
394.0 14.97181984
396.0 14.95104416
398.0 14.96830648
400.0 15.03755
402.0 15.15877
404.0 15.33864376
406.0 15.55070352
408.0 15.75181168
410.0 15.91535
412.0 16.04723736
414.0 16.14610272
416.0 16.22665968
418.0 16.31465704
420.0 16.4274
422.0 16.56044104
424.0 16.71095448
426.0 16.88746752
428.0 17.10109896
430.0 17.35745
432.0 17.65538368
434.0 17.99675592
436.0 18.36454576
438.0 18.7321684
440.0 19.0817
442.0 19.41441128
444.0 19.72889776
446.0 20.02348744
448.0 20.29868192
450.0 20.55515
452.0 20.7907348
454.0 21.00286144
456.0 21.19927128
458.0 21.39225352
460.0 21.5897
462.0 21.79104224
464.0 21.99798568
466.0 22.20668472
468.0 22.40986616
470.0 22.60335
472.0 22.78991176
474.0 22.97145752
476.0 23.14932488
478.0 23.32543664
480.0 23.50205
482.0 23.68038552
484.0 23.86092808
486.0 24.05075024
488.0 24.2598004
490.0 24.4948
492.0 24.75451176
494.0 25.03706304
496.0 25.34636632
498.0 25.6876884
500.0 26.0623
502.0 26.46724168
504.0 26.90174432
506.0 27.34937216
508.0 27.7858812
510.0 28.1941
512.0 28.57412888
514.0 28.92548296
516.0 29.23946784
518.0 29.50596792
520.0 29.7198
522.0 29.88169976
524.0 29.99069744
526.0 30.06107192
528.0 30.1151444
530.0 30.16915
532.0 30.22250352
534.0 30.27475352
536.0 30.33912552
538.0 30.43292472
540.0 30.56625
542.0 30.73841584
544.0 30.95149552
546.0 31.19116
548.0 31.43400128
550.0 31.6635
552.0 31.88482264
554.0 32.1056604
556.0 32.30492936
558.0 32.45161392
560.0 32.53085
562.0 32.55185032
564.0 32.51660456
566.0 32.4662272
568.0 32.46300024
570.0 32.55175
572.0 32.72968424
574.0 32.99274
576.0 33.37751736
578.0 33.93258792
580.0 34.68355
582.0 35.6237992
584.0 36.75646216
586.0 38.02397192
588.0 39.33629128
590.0 40.6296
592.0 41.90331288
594.0 43.14965512
596.0 44.34282776
598.0 45.4561624
600.0 46.47115
602.0 47.3792132
604.0 48.17087176
606.0 48.85761232
608.0 49.46275928
610.0 50.00325
612.0 50.47632568
614.0 50.88140112
616.0 51.23431016
618.0 51.556538
620.0 51.86335
622.0 52.15763872
624.0 52.44416936
626.0 52.7237612
628.0 52.99382264
630.0 53.2532
632.0 53.5055048
634.0 53.7532952
636.0 53.995568
638.0 54.2299824
640.0 54.45495
642.0 54.67190872
644.0 54.8828148
646.0 55.08402328
648.0 55.26976576
650.0 55.43725
652.0 55.5876464
654.0 55.71996848
656.0 55.84351256
658.0 55.97265784
660.0 56.1165
662.0 56.27368472
664.0 56.44484736
666.0 56.6262928
668.0 56.81108224
670.0 56.9943
672.0 57.17708304
674.0 57.3603008
676.0 57.53933856
678.0 57.70775912
680.0 57.86165
682.0 58.0002588
684.0 58.12077656
686.0 58.23017552
688.0 58.34015968
690.0 58.4573
692.0 58.58000808
694.0 58.71037392
696.0 58.83681056
698.0 58.9407588
700.0 59.01115
702.0 59.05049216
704.0 59.05751456
706.0 59.04271736
708.0 59.02348936
710.0 59.01115
712.0 59.00406072
714.0 59.00317456
716.0 59.0067192
718.0 59.01026384
720.0 59.01115
722.0 59.01115
724.0 59.01115
726.0 59.01115
728.0 59.01115
730.0 59.01115
732.0 59.01115
734.0 59.01115
736.0 59.01115
738.0 59.01115
740.0 59.01115
742.0 59.01115
744.0 59.01115
746.0 59.01115
748.0 59.01115
750.0 59.01115
