380.0 24.4321
382.0 24.4281064
384.0 24.42374032
386.0 24.41992384
388.0 24.42203056
390.0 24.4321
392.0 24.446242
394.0 24.46397944
396.0 24.47579368
398.0 24.46779472
400.0 24.4321
402.0 24.37162376
404.0 24.28762248
406.0 24.1883224
408.0 24.08668152
410.0 23.9932
412.0 23.90998456
414.0 23.839376
416.0 23.79368024
418.0 23.78886488
420.0 23.83645
422.0 23.93631856
424.0 24.08644744
426.0 24.29685192
428.0 24.5809916
430.0 24.94415
432.0 25.3827992
434.0 25.89854432
436.0 26.46010224
438.0 27.01998816
440.0 27.5462
442.0 28.03947344
444.0 28.49526064
446.0 28.91426384
448.0 29.30350544
450.0 29.66755
452.0 30.00134808
454.0 30.30076984
456.0 30.5739412
458.0 30.83382016
460.0 31.08875
462.0 31.33884776
464.0 31.5873404
466.0 31.82822544
468.0 32.05055128
470.0 32.2487
472.0 32.426768
474.0 32.58622664
476.0 32.73665648
478.0 32.89243672
480.0 33.0638
482.0 33.25044536
484.0 33.45227248
486.0 33.6755012
488.0 33.92782272
490.0 34.2133
492.0 34.52975944
494.0 34.8749104
496.0 35.24363656
498.0 35.62833032
500.0 36.02115
502.0 36.41886864
504.0 36.82016536
506.0 37.20465848
508.0 37.5438404
510.0 37.81855
512.0 38.02969016
514.0 38.17726088
516.0 38.2589548
518.0 38.27435392
520.0 38.2261
522.0 38.1163332
524.0 37.9452876
526.0 37.7368728
528.0 37.5261172
530.0 37.33785
532.0 37.17268984
534.0 37.0326264
536.0 36.92834376
538.0 36.87129512
540.0 36.8676
542.0 36.91799408
544.0 37.02515256
546.0 37.17202104
548.0 37.33142952
550.0 37.48415
552.0 37.63553288
554.0 37.79383784
556.0 37.9354228
558.0 38.02576096
560.0 38.04845
562.0 38.01420744
564.0 37.9260596
566.0 37.82980256
568.0 37.79457352
570.0 37.8708
572.0 38.05553928
574.0 38.34293936
576.0 38.78081944
578.0 39.43396952
580.0 40.337
582.0 41.48034704
584.0 42.86685304
586.0 44.42599304
588.0 46.04733144
590.0 47.652
592.0 49.23871128
594.0 50.79798504
596.0 52.2933884
598.0 53.68521136
600.0 54.9461
602.0 56.06535352
604.0 57.0301644
606.0 57.85611568
608.0 58.57505896
610.0 59.2097
612.0 59.75580864
614.0 60.21271608
616.0 60.59856352
618.0 60.93759496
620.0 61.24745
622.0 61.5323588
624.0 61.79839072
626.0 62.04853864
628.0 62.28263536
630.0 62.50145
632.0 62.70971432
634.0 62.91120704
636.0 63.10534296
638.0 63.28969768
640.0 63.46285
642.0 63.62700696
644.0 63.78459296
646.0 63.93273216
648.0 64.06657576
650.0 64.1839
652.0 64.2860592
654.0 64.37246816
656.0 64.45143672
658.0 64.53567208
660.0 64.63325
662.0 64.74296664
664.0 64.86517312
666.0 64.9971608
668.0 65.13366288
670.0 65.2707
672.0 65.40924192
674.0 65.5505928
676.0 65.68826528
678.0 65.81281256
680.0 65.9186
682.0 66.00557744
684.0 66.07115328
686.0 66.12393832
688.0 66.17822816
690.0 66.24255
692.0 66.31516496
694.0 66.39781192
696.0 66.48146208
698.0 66.55115104
700.0 66.59785
702.0 66.62383288
704.0 66.62843088
706.0 66.61856608
708.0 66.60585888
710.0 66.59785
712.0 66.59330216
714.0 66.59273368
716.0 66.5950076
718.0 66.59728152
720.0 66.59785
722.0 66.59785
724.0 66.59785
726.0 66.59785
728.0 66.59785
730.0 66.59785
732.0 66.59785
734.0 66.59785
736.0 66.59785
738.0 66.59785
740.0 66.59785
742.0 66.59785
744.0 66.59785
746.0 66.59785
748.0 66.59785
750.0 66.59785
