380.0 15.9049
382.0 15.91261648
384.0 15.9214744
386.0 15.93006112
388.0 15.92614864
390.0 15.9049
392.0 15.8767252
394.0 15.84543352
396.0 15.82664104
398.0 15.84220816
400.0 15.9049
402.0 16.01495104
404.0 16.17847264
406.0 16.37284264
408.0 16.56094264
410.0 16.72
412.0 16.85581656
414.0 16.96815824
416.0 17.06921392
418.0 17.1801344
420.0 17.31565
422.0 17.4723164
424.0 17.64697352
426.0 17.85189384
428.0 18.10413176
430.0 18.4129
432.0 18.77609184
434.0 19.19542944
436.0 19.65188544
438.0 20.11544744
440.0 20.5656
442.0 21.00336304
444.0 21.42671344
446.0 21.83208984
448.0 22.21773664
450.0 22.58245
452.0 22.92330392
454.0 23.23715504
456.0 23.52977176
458.0 23.81101888
460.0 24.08725
462.0 24.35781304
464.0 24.62417936
466.0 24.88352328
468.0 25.1304108
470.0 25.36215
472.0 25.58129904
474.0 25.78924568
476.0 25.99042072
478.0 26.19126136
480.0 26.3967
482.0 26.60727168
484.0 26.82332752
486.0 27.04974976
488.0 27.292892
490.0 27.55665
492.0 27.83961928
494.0 28.13981016
496.0 28.45755704
498.0 28.79327792
500.0 29.14505
502.0 29.51008104
504.0 29.88761864
506.0 30.26139424
508.0 30.60791624
510.0 30.9111
512.0 31.17189856
514.0 31.39074664
516.0 31.56244432
518.0 31.6816412
520.0 31.7471
522.0 31.760894
524.0 31.72329072
526.0 31.65291624
528.0 31.57752576
530.0 31.5172
532.0 31.47187208
534.0 31.44149184
536.0 31.4403716
538.0 31.48665256
540.0 31.59035
542.0 31.75032696
544.0 31.96864
546.0 32.22565984
548.0 32.49012008
550.0 32.73985
552.0 32.9804508
554.0 33.22041624
556.0 33.43371328
558.0 33.58263832
560.0 33.649
562.0 33.64338208
564.0 33.56772408
566.0 33.47200208
568.0 33.43212488
570.0 33.5027
572.0 33.68021624
574.0 33.95972448
576.0 34.38569992
578.0 35.01716416
580.0 35.8853
582.0 36.98209856
584.0 38.31122152
586.0 39.80353168
588.0 41.35085064
590.0 42.87635
592.0 44.37921048
594.0 45.85015248
596.0 47.25688968
598.0 48.56548048
600.0 49.75245
602.0 50.80761576
604.0 51.71954128
606.0 52.5022212
608.0 53.18416312
610.0 53.78615
612.0 54.30483784
614.0 54.7394408
616.0 55.11008976
618.0 55.44420552
620.0 55.7612
622.0 56.06465128
624.0 56.36066216
626.0 56.64973424
628.0 56.92777112
630.0 57.19285
632.0 57.44953544
634.0 57.70075344
636.0 57.94628664
638.0 58.18488104
640.0 58.4155
642.0 58.63969848
644.0 58.86011824
646.0 59.0707568
648.0 59.26208376
650.0 59.42915
652.0 59.57366096
654.0 59.6942456
656.0 59.80320984
658.0 59.91978168
660.0 60.05615
662.0 60.21025824
664.0 60.38255784
666.0 60.56898584
668.0 60.76168384
670.0 60.95485
672.0 61.14992224
674.0 61.34855584
676.0 61.54259144
678.0 61.72024144
680.0 61.87445
682.0 62.00489944
684.0 62.10797824
686.0 62.19483864
688.0 62.28403984
690.0 62.3865
692.0 62.49987832
694.0 62.62663264
696.0 62.75355416
698.0 62.85899048
700.0 62.9299
702.0 62.96942608
704.0 62.97643176
706.0 62.96145064
708.0 62.94212232
710.0 62.9299
712.0 62.92294448
714.0 62.92207504
716.0 62.9255528
718.0 62.92903056
720.0 62.9299
722.0 62.9299
724.0 62.9299
726.0 62.9299
728.0 62.9299
730.0 62.9299
732.0 62.9299
734.0 62.9299
736.0 62.9299
738.0 62.9299
740.0 62.9299
742.0 62.9299
744.0 62.9299
746.0 62.9299
748.0 62.9299
750.0 62.9299
