380.0 22.66605
382.0 22.66609864
384.0 22.66648776
386.0 22.66750008
388.0 22.6676004
390.0 22.66605
392.0 22.66462424
394.0 22.66447528
396.0 22.66523832
398.0 22.66600136
400.0 22.66605
402.0 22.6671368
404.0 22.67258752
406.0 22.67636624
408.0 22.66869176
410.0 22.64515
412.0 22.60921872
414.0 22.56133264
416.0 22.51653976
418.0 22.49749568
420.0 22.51975
422.0 22.5813632
424.0 22.68056296
426.0 22.82507392
428.0 23.02451008
430.0 23.2826
432.0 23.59750448
434.0 23.97114632
436.0 24.37931496
438.0 24.7850592
440.0 25.1636
442.0 25.51585696
444.0 25.83855296
446.0 26.13274136
448.0 26.40452496
450.0 26.65795
452.0 26.8893548
454.0 27.09589696
456.0 27.28387992
458.0 27.46316848
460.0 27.64025
462.0 27.81540872
464.0 27.99105232
466.0 28.16368632
468.0 28.32653912
470.0 28.47625
472.0 28.6157784
474.0 28.74637832
476.0 28.87421944
478.0 29.00841416
480.0 29.1555
482.0 29.31522616
484.0 29.48717464
486.0 29.67617752
488.0 29.8885048
490.0 30.12735
492.0 30.39053952
494.0 30.67594992
496.0 30.97899992
498.0 31.29300152
500.0 31.61125
502.0 31.9311872
504.0 32.25189352
506.0 32.55663224
508.0 32.82199536
510.0 33.03245
512.0 33.18889904
514.0 33.29122544
516.0 33.33929544
518.0 33.33536624
520.0 33.28325
522.0 33.18448496
524.0 33.03933864
526.0 32.86677152
528.0 32.694288
530.0 32.5413
532.0 32.40840944
534.0 32.29737192
536.0 32.2155108
538.0 32.17018288
540.0 32.1651
542.0 32.20081392
544.0 32.2791304
546.0 32.38695768
548.0 32.50364656
550.0 32.61445
552.0 32.72384896
554.0 32.83940088
556.0 32.9402392
558.0 32.99551552
560.0 32.99065
562.0 32.93652736
564.0 32.8379964
566.0 32.73319544
568.0 32.67913968
570.0 32.71895
572.0 32.85242576
574.0 33.07537024
576.0 33.43817752
578.0 34.0099848
580.0 34.82985
582.0 35.8887276
584.0 37.18805552
586.0 38.67213944
588.0 40.25219616
590.0 41.8627
592.0 43.50044072
594.0 45.15690784
596.0 46.78679016
598.0 48.33499528
600.0 49.7629
602.0 51.06047232
604.0 52.21477096
606.0 53.2317148
608.0 54.13044824
610.0 54.9252
612.0 55.61048592
614.0 56.1828784
616.0 56.66448128
618.0 57.08756416
620.0 57.475
622.0 57.82928008
624.0 58.15598888
626.0 58.45928968
628.0 58.74026928
630.0 59.0007
632.0 59.24603256
634.0 59.48088168
636.0 59.704612
638.0 59.91429752
640.0 60.1084
642.0 60.28977856
644.0 60.4612756
646.0 60.62090144
648.0 60.76497768
650.0 60.89215
652.0 61.00397336
654.0 61.10009664
656.0 61.18919752
658.0 61.2843176
660.0 61.39375
662.0 61.51645808
664.0 61.65301032
666.0 61.80026336
668.0 61.952198
670.0 62.10435
672.0 62.25773928
674.0 62.41355296
676.0 62.56552104
678.0 62.70461472
680.0 62.8254
682.0 62.9276428
684.0 63.00868464
686.0 63.07668488
688.0 63.14527032
690.0 63.2225
692.0 63.30666848
694.0 63.39954808
696.0 63.49184248
698.0 63.56825288
700.0 63.6196
702.0 63.6481912
704.0 63.65327408
706.0 63.64247296
708.0 63.62849504
710.0 63.6196
712.0 63.61451712
714.0 63.61388176
716.0 63.6164232
718.0 63.61896464
720.0 63.6196
722.0 63.6196
724.0 63.6196
726.0 63.6196
728.0 63.6196
730.0 63.6196
732.0 63.6196
734.0 63.6196
736.0 63.6196
738.0 63.6196
740.0 63.6196
742.0 63.6196
744.0 63.6196
746.0 63.6196
748.0 63.6196
750.0 63.6196
