380.0 12.78035
382.0 12.784526
384.0 12.78934808
386.0 12.79407656
388.0 12.79196984
390.0 12.78035
392.0 12.76509992
394.0 12.74858456
396.0 12.7389044
398.0 12.74728184
400.0 12.78035
402.0 12.83890344
404.0 12.9271516
406.0 13.03245416
408.0 13.13391112
410.0 13.21925
412.0 13.29246688
414.0 13.35356176
416.0 13.41348624
418.0 13.49004712
420.0 13.59545
422.0 13.72765504
424.0 13.88532464
426.0 14.07484584
428.0 14.30432784
430.0 14.57775
432.0 14.893758
434.0 15.25268624
436.0 15.64271368
438.0 16.04561552
440.0 16.4483
442.0 16.85031568
444.0 17.25000728
446.0 17.64100448
448.0 18.01628488
450.0 18.3711
452.0 18.7033264
454.0 19.00995448
456.0 19.29551536
458.0 19.56845264
460.0 19.8341
462.0 20.09173848
464.0 20.34302336
466.0 20.58435984
468.0 20.80931072
470.0 21.01495
472.0 21.20391944
474.0 21.37680424
476.0 21.54266664
478.0 21.71504984
480.0 21.9032
482.0 22.10646504
484.0 22.32482824
486.0 22.56091464
488.0 22.81723224
490.0 23.0945
492.0 23.39146392
494.0 23.70690344
496.0 24.03471576
498.0 24.36603928
500.0 24.69335
502.0 25.01472512
504.0 25.32892736
506.0 25.6245704
508.0 25.88635544
510.0 26.1041
512.0 26.27805488
514.0 26.4080696
516.0 26.49419432
518.0 26.53818464
520.0 26.543
522.0 26.51032912
524.0 26.44119192
526.0 26.34898112
528.0 26.25284112
530.0 26.1668
532.0 26.09207832
534.0 26.03013072
536.0 25.98966832
538.0 25.98097392
540.0 26.01005
542.0 26.07689656
544.0 26.18253352
546.0 26.31826648
548.0 26.46988344
550.0 26.6266
552.0 26.79097432
554.0 26.96817288
556.0 27.13868344
558.0 27.2737476
560.0 27.3581
562.0 27.40011736
564.0 27.40453144
566.0 27.39339592
568.0 27.4001508
570.0 27.45215
572.0 27.55007904
574.0 27.68892192
576.0 27.9185544
578.0 28.30995288
580.0 28.9047
582.0 29.6948872
584.0 30.683708
586.0 31.8242628
588.0 33.0400576
590.0 34.276
592.0 35.53264176
594.0 36.8049836
596.0 38.06060544
598.0 39.26080048
600.0 40.3788
602.0 41.40644464
604.0 42.33231464
606.0 43.16731144
608.0 43.93551184
610.0 44.65285
612.0 45.313708
614.0 45.91649744
616.0 46.46737128
618.0 46.97410432
620.0 47.443
622.0 47.87676696
624.0 48.27823088
626.0 48.6519396
628.0 49.00274192
630.0 49.33445
632.0 49.64967216
634.0 49.951418
636.0 50.23928624
638.0 50.51110328
640.0 50.7661
642.0 51.0067008
644.0 51.23471144
646.0 51.45202128
648.0 51.66088752
650.0 51.86335
652.0 52.0603952
654.0 52.25265848
656.0 52.44333336
658.0 52.63659984
660.0 52.8352
662.0 53.03891648
664.0 53.24748176
666.0 53.46097944
668.0 53.67915872
670.0 53.9011
672.0 54.1267364
674.0 54.35725504
676.0 54.58476408
678.0 54.79739232
680.0 54.9879
682.0 55.15617008
684.0 55.29887528
686.0 55.42552928
688.0 55.55218328
690.0 55.68805
692.0 55.83095584
694.0 55.98339208
696.0 56.13164832
698.0 56.25357056
700.0 56.33595
702.0 56.38193
704.0 56.39013952
706.0 56.37285104
708.0 56.35037936
710.0 56.33595
712.0 56.32765688
714.0 56.32662024
716.0 56.3307668
718.0 56.33491336
720.0 56.33595
722.0 56.33595
724.0 56.33595
726.0 56.33595
728.0 56.33595
730.0 56.33595
732.0 56.33595
734.0 56.33595
736.0 56.33595
738.0 56.33595
740.0 56.33595
742.0 56.33595
744.0 56.33595
746.0 56.33595
748.0 56.33595
750.0 56.33595
