380.0 13.1461
382.0 13.14677968
384.0 13.14767632
386.0 13.14876736
388.0 13.1484664
390.0 13.1461
392.0 13.14330432
394.0 13.14105296
396.0 13.1401936
398.0 13.14167504
400.0 13.1461
402.0 13.1547108
404.0 13.169926
406.0 13.1878164
408.0 13.2017776
410.0 13.2088
412.0 13.21159224
414.0 13.2110572
416.0 13.21612336
418.0 13.24008312
420.0 13.2924
422.0 13.3723216
424.0 13.47871096
426.0 13.61887472
428.0 13.80251048
430.0 14.03435
432.0 14.31268784
434.0 14.63820952
436.0 14.9963352
438.0 15.36457648
440.0 15.72725
442.0 16.08442264
444.0 16.4342552
446.0 16.77230016
448.0 17.09479552
450.0 17.39925
452.0 17.68347328
454.0 17.94487376
456.0 18.18838384
458.0 18.42261432
460.0 18.65325
462.0 18.87985616
464.0 19.10380384
466.0 19.32365512
468.0 19.5361496
470.0 19.74005
472.0 19.93781416
474.0 20.13098032
476.0 20.32397928
478.0 20.52299744
480.0 20.7328
482.0 20.953504
484.0 21.18439048
486.0 21.43182976
488.0 21.70468344
490.0 22.0077
492.0 22.33840488
494.0 22.69502576
496.0 23.07137624
498.0 23.45809312
500.0 23.8469
502.0 24.23562328
504.0 24.62307584
506.0 24.99431
508.0 25.32884376
510.0 25.61295
512.0 25.84689624
514.0 26.0301976
516.0 26.16241936
518.0 26.24523352
520.0 26.28175
522.0 26.2731392
524.0 26.21943456
526.0 26.13738952
528.0 26.05141528
530.0 25.9787
532.0 25.92036392
534.0 25.87931632
536.0 25.85975392
538.0 25.86443552
540.0 25.8951
542.0 25.95343608
544.0 26.04058072
546.0 26.15280536
548.0 26.2837564
550.0 26.42805
552.0 26.58760896
554.0 26.76734896
556.0 26.95009856
558.0 27.10985816
560.0 27.2327
562.0 27.32688376
564.0 27.39777656
566.0 27.46239936
568.0 27.54633376
570.0 27.6716
572.0 27.8388
574.0 28.04166376
576.0 28.33055192
578.0 28.77828008
580.0 29.4272
582.0 30.268216
584.0 31.30428752
586.0 32.48582304
588.0 33.73239936
590.0 34.9866
592.0 36.24956192
594.0 37.51636944
596.0 38.75659216
598.0 39.93478368
600.0 41.0267
602.0 42.02428208
604.0 42.91619376
606.0 43.71631264
608.0 44.45272832
610.0 45.144
612.0 45.78474384
614.0 46.37412384
616.0 46.91685504
618.0 47.41795344
620.0 47.8819
622.0 48.31195512
624.0 48.71116184
626.0 49.08344936
628.0 49.43291408
630.0 49.7629
632.0 50.07593184
634.0 50.37481856
636.0 50.65974408
638.0 50.929538
640.0 51.1841
642.0 51.42577088
644.0 51.65642328
646.0 51.87796328
648.0 52.09256448
650.0 52.30225
652.0 52.50812336
654.0 52.71087008
656.0 52.9138676
658.0 53.12154672
660.0 53.3368
662.0 53.55941008
664.0 53.7891596
666.0 54.02593152
668.0 54.26914064
670.0 54.51765
672.0 54.77130912
674.0 55.03105432
676.0 55.28937832
678.0 55.53507872
680.0 55.7612
682.0 55.96714024
684.0 56.14912072
686.0 56.3161368
688.0 56.48357088
690.0 56.6599
692.0 56.84278336
694.0 57.0350132
696.0 57.22013704
698.0 57.37198808
700.0 57.475
702.0 57.53261712
704.0 57.54291664
706.0 57.52128096
708.0 57.49312448
710.0 57.475
712.0 57.46456672
714.0 57.46326256
716.0 57.4684792
718.0 57.47369584
720.0 57.475
722.0 57.475
724.0 57.475
726.0 57.475
728.0 57.475
730.0 57.475
732.0 57.475
734.0 57.475
736.0 57.475
738.0 57.475
740.0 57.475
742.0 57.475
744.0 57.475
746.0 57.475
748.0 57.475
750.0 57.475
