380.0 12.46685
382.0 12.47058568
384.0 12.474842
386.0 12.47890712
388.0 12.47700104
390.0 12.46685
392.0 12.45351736
394.0 12.43911432
396.0 12.43068248
398.0 12.43796744
400.0 12.46685
402.0 12.51821384
404.0 12.59582808
406.0 12.68949352
408.0 12.78215576
410.0 12.86395
412.0 12.93842088
414.0 13.00566872
416.0 13.07559176
418.0 13.164074
420.0 13.28195
422.0 13.42726352
424.0 13.59850976
426.0 13.8013568
428.0 14.04307784
430.0 14.32695
432.0 14.65158552
434.0 15.0176532
436.0 15.41172688
438.0 15.81324096
440.0 16.20795
442.0 16.59570352
444.0 16.97429448
446.0 17.34126504
448.0 17.6956956
450.0 18.0367
452.0 18.36183712
454.0 18.66891664
456.0 18.96011216
458.0 19.23960368
460.0 19.51015
462.0 19.77155048
464.0 20.02475816
466.0 20.26876984
468.0 20.50149552
470.0 20.72235
472.0 20.9332728
474.0 21.13561824
476.0 21.33336568
478.0 21.53203272
480.0 21.736
482.0 21.94535112
484.0 22.15908288
486.0 22.38443504
488.0 22.6316904
490.0 22.9064
492.0 23.20608928
494.0 23.52958784
496.0 23.8688032
498.0 24.21127896
500.0 24.54705
502.0 24.87469512
504.0 25.1931108
506.0 25.48987408
508.0 25.74843216
510.0 25.9578
512.0 26.11821168
514.0 26.22948328
516.0 26.29201608
518.0 26.30823448
520.0 26.28175
522.0 26.21438512
524.0 26.10717648
526.0 25.97522224
528.0 25.8400912
530.0 25.71745
532.0 25.60890376
534.0 25.51684344
536.0 25.44885992
538.0 25.4130624
540.0 25.4144
542.0 25.45330744
544.0 25.53011912
546.0 25.6399528
548.0 25.77453208
550.0 25.92645
552.0 26.09736184
554.0 26.2928688
556.0 26.48871016
558.0 26.64851992
560.0 26.752
562.0 26.80861392
564.0 26.82377896
566.0 26.8181276
568.0 26.82351144
570.0 26.86695
572.0 26.94942976
574.0 27.0651656
576.0 27.27102224
578.0 27.64859328
580.0 28.24635
582.0 29.0555144
584.0 30.07948064
586.0 31.27031248
588.0 32.54892432
590.0 33.858
592.0 35.19837552
594.0 36.56553648
596.0 37.92182944
598.0 39.22094
600.0 40.43105
602.0 41.543766
604.0 42.54633064
606.0 43.45141768
608.0 44.28686592
610.0 45.07085
612.0 45.79671536
614.0 46.46277328
616.0 47.073906
618.0 47.63579832
620.0 48.1536
622.0 48.63055472
624.0 49.0696052
626.0 49.47680408
628.0 49.85934096
630.0 50.2227
632.0 50.5693892
634.0 50.90235128
636.0 51.22235536
638.0 51.52873264
640.0 51.82155
642.0 52.10341576
644.0 52.37687136
646.0 52.64138176
648.0 52.89527496
650.0 53.13825
652.0 53.3716612
654.0 53.59550856
656.0 53.81576112
658.0 54.04119688
660.0 54.2773
662.0 54.5234184
664.0 54.78008712
666.0 55.04411264
668.0 55.30981016
670.0 55.5731
672.0 55.83445032
674.0 56.09396144
676.0 56.34845656
678.0 56.59375568
680.0 56.8271
682.0 57.04710176
684.0 57.25083496
686.0 57.44286416
688.0 57.63121496
690.0 57.81985
692.0 58.00743168
694.0 58.19635096
696.0 58.37306464
698.0 58.51642192
700.0 58.61405
702.0 58.66869096
704.0 58.67853904
706.0 58.65820752
708.0 58.6315224
710.0 58.61405
712.0 58.60388424
714.0 58.60261352
716.0 58.6076964
718.0 58.61277928
720.0 58.61405
722.0 58.61405
724.0 58.61405
726.0 58.61405
728.0 58.61405
730.0 58.61405
732.0 58.61405
734.0 58.61405
736.0 58.61405
738.0 58.61405
740.0 58.61405
742.0 58.61405
744.0 58.61405
746.0 58.61405
748.0 58.61405
750.0 58.61405
