380.0 16.96035
382.0 16.96712088
384.0 16.97481864
386.0 16.9821384
388.0 16.97867736
390.0 16.96035
392.0 16.93617864
394.0 16.9097952
396.0 16.89419256
398.0 16.90743192
400.0 16.96035
402.0 17.05411576
404.0 17.19498176
406.0 17.36468976
408.0 17.53280936
410.0 17.6814
412.0 17.8159124
414.0 17.93559416
416.0 18.05686432
418.0 18.20655848
420.0 18.40245
422.0 18.64030872
424.0 18.91727552
426.0 19.23938632
428.0 19.61391432
430.0 20.0431
432.0 20.52515432
434.0 21.06178272
436.0 21.62959392
438.0 22.19314152
440.0 22.72875
442.0 23.2369544
444.0 23.71390912
446.0 24.16252344
448.0 24.59165896
450.0 25.00685
452.0 25.40396672
454.0 25.78035064
456.0 26.13942936
458.0 26.48655328
460.0 26.82515
462.0 27.15550376
464.0 27.47937016
466.0 27.79345536
468.0 28.09190736
470.0 28.37175
472.0 28.63554144
474.0 28.88485336
476.0 29.12388248
478.0 29.3587316
480.0 29.5944
482.0 29.83105488
484.0 30.06764288
486.0 30.31342688
488.0 30.58161568
490.0 30.87975
492.0 31.20488712
494.0 31.55513768
496.0 31.92394744
498.0 32.3010336
500.0 32.67715
502.0 33.050006
504.0 33.41854824
506.0 33.76460208
508.0 34.06300392
510.0 34.2969
512.0 34.4673604
514.0 34.57502048
516.0 34.61747256
518.0 34.59362984
520.0 34.5059
522.0 34.3578444
524.0 34.15156976
526.0 33.90959792
528.0 33.66436568
530.0 33.44
532.0 33.23798896
534.0 33.05905152
536.0 32.92350248
538.0 32.85742504
540.0 32.8757
542.0 32.9759364
544.0 33.15883648
546.0 33.40351696
548.0 33.67645424
550.0 33.95205
552.0 34.2347016
554.0 34.53412336
556.0 34.80696032
558.0 34.99009448
560.0 35.0493
562.0 34.99845448
564.0 34.84115272
566.0 34.63059776
568.0 34.4493864
570.0 34.3596
572.0 34.35771064
574.0 34.43447216
576.0 34.66581008
578.0 35.1573948
580.0 35.9689
582.0 37.08845448
584.0 38.52353208
586.0 40.18157088
588.0 41.91451528
590.0 43.6183
592.0 45.29626904
594.0 46.93979488
596.0 48.50590712
598.0 49.94837496
600.0 51.23635
602.0 52.35714176
604.0 53.29384632
606.0 54.07580728
608.0 54.75711384
610.0 55.37455
612.0 55.92167856
614.0 56.39930208
616.0 56.819576
618.0 57.19554192
620.0 57.5377
622.0 57.85258776
624.0 58.1468932
626.0 58.42364264
628.0 58.68342128
630.0 58.92755
632.0 59.16024224
634.0 59.38479184
636.0 59.60206824
638.0 59.81190424
640.0 60.01435
642.0 60.21117784
644.0 60.40437744
646.0 60.59164144
648.0 60.76887344
650.0 60.93395
652.0 61.08790776
654.0 61.23042904
656.0 61.36626232
658.0 61.5027644
660.0 61.64455
662.0 61.79100048
664.0 61.94268432
666.0 62.09704336
668.0 62.2494796
670.0 62.39695
672.0 62.54010664
674.0 62.67898296
676.0 62.81309408
678.0 62.9421056
680.0 63.06575
682.0 63.183208
684.0 63.29320888
686.0 63.39744136
688.0 63.49883144
690.0 63.5987
692.0 63.69662904
694.0 63.79387256
696.0 63.88392648
698.0 63.9566752
700.0 64.00625
702.0 64.03398848
704.0 64.03900448
706.0 64.02872168
708.0 64.01517848
710.0 64.00625
712.0 64.00103336
714.0 64.00038128
716.0 64.0029896
718.0 64.00559792
720.0 64.00625
722.0 64.00625
724.0 64.00625
726.0 64.00625
728.0 64.00625
730.0 64.00625
732.0 64.00625
734.0 64.00625
736.0 64.00625
738.0 64.00625
740.0 64.00625
742.0 64.00625
744.0 64.00625
746.0 64.00625
748.0 64.00625
750.0 64.00625
