380.0 16.5737
382.0 16.58253968
384.0 16.59260048
386.0 16.60218848
388.0 16.59767408
390.0 16.5737
392.0 16.54185656
394.0 16.50643208
396.0 16.48511
398.0 16.50266192
400.0 16.5737
402.0 16.69858168
404.0 16.8841068
406.0 17.10599792
408.0 17.32421064
410.0 17.5142
412.0 17.68158392
414.0 17.82462352
416.0 17.95880152
418.0 18.11078632
420.0 18.29795
422.0 18.51536016
424.0 18.76035832
426.0 19.03687368
428.0 19.34916984
430.0 19.69825
432.0 20.08332832
434.0 20.50614368
436.0 20.94919024
438.0 21.3858832
440.0 21.7987
442.0 22.18820912
444.0 22.55130064
446.0 22.89232176
448.0 23.22113728
450.0 23.54385
452.0 23.85745032
454.0 24.16095176
456.0 24.4540868
458.0 24.73610304
460.0 25.00685
462.0 25.26706336
464.0 25.5170608
466.0 25.75894904
468.0 25.99573768
470.0 26.2295
472.0 26.4607376
474.0 26.69058744
476.0 26.91801288
478.0 27.14084032
480.0 27.3581
482.0 27.56995912
484.0 27.77491288
486.0 27.97861264
488.0 28.18992
490.0 28.41355
492.0 28.64634256
494.0 28.88609064
496.0 29.12742712
498.0 29.36241
500.0 29.58395
502.0 29.79049216
504.0 29.98190272
506.0 30.14371888
508.0 30.25570944
510.0 30.305
512.0 30.29373072
514.0 30.22330608
516.0 30.09569904
518.0 29.915424
520.0 29.68845
522.0 29.41818792
524.0 29.10679464
526.0 28.77533736
528.0 28.45349408
530.0 28.16275
532.0 27.90460992
534.0 27.68076256
536.0 27.5033132
538.0 27.38630664
540.0 27.3372
542.0 27.35445504
544.0 27.4377708
546.0 27.57183176
548.0 27.73272832
550.0 27.9015
552.0 28.08033712
554.0 28.27632896
556.0 28.4530092
558.0 28.55729184
560.0 28.55985
562.0 28.47360824
564.0 28.305288
566.0 28.08981736
568.0 27.88120192
570.0 27.72385
572.0 27.62033648
574.0 27.56581256
576.0 27.63819344
578.0 27.94732952
580.0 28.55985
582.0 29.46517112
584.0 30.66568384
586.0 32.11014136
588.0 33.71193408
590.0 35.4046
592.0 37.18621632
594.0 39.05278696
596.0 40.9317304
598.0 42.72623784
600.0 44.3707
602.0 45.85613824
604.0 47.1636924
606.0 48.31157056
608.0 49.34265952
610.0 50.2854
612.0 51.12847256
614.0 51.86774736
616.0 52.51731936
618.0 53.09616576
620.0 53.61895
622.0 54.09008616
624.0 54.51477416
626.0 54.90150776
628.0 55.25898136
630.0 55.594
632.0 55.91119512
634.0 56.21553256
636.0 56.506494
638.0 56.78056824
640.0 57.0361
642.0 57.27645
644.0 57.5041764
646.0 57.71953
648.0 57.9221764
650.0 58.11245
652.0 58.29150448
654.0 58.459808
656.0 58.62075472
658.0 58.77910984
660.0 58.938
662.0 59.09760912
664.0 59.25878992
666.0 59.42005432
668.0 59.57847632
670.0 59.7322
672.0 59.88162664
674.0 60.02640512
676.0 60.167338
678.0 60.30593008
680.0 60.4428
682.0 60.57709504
684.0 60.7083972
686.0 60.83451616
688.0 60.95227512
690.0 61.05935
692.0 61.15597488
694.0 61.24273496
696.0 61.31695504
698.0 61.37487312
700.0 61.41465
702.0 61.4368876
704.0 61.44101744
706.0 61.43302528
708.0 61.42219072
710.0 61.41465
712.0 61.41010216
714.0 61.40953368
716.0 61.4118076
718.0 61.41408152
720.0 61.41465
722.0 61.41465
724.0 61.41465
726.0 61.41465
728.0 61.41465
730.0 61.41465
732.0 61.41465
734.0 61.41465
736.0 61.41465
738.0 61.41465
740.0 61.41465
742.0 61.41465
744.0 61.41465
746.0 61.41465
748.0 61.41465
750.0 61.41465
