380.0 21.24485
382.0 21.23640456
384.0 21.22679432
386.0 21.21763928
388.0 21.22195304
390.0 21.24485
392.0 21.27606424
394.0 21.31310088
396.0 21.33666872
398.0 21.31910536
400.0 21.24485
402.0 21.11756064
404.0 20.93554672
406.0 20.722768
408.0 20.51742968
410.0 20.34615
412.0 20.20861128
414.0 20.1085588
416.0 20.05289792
418.0 20.04697904
420.0 20.09535
422.0 20.20058568
424.0 20.36238512
426.0 20.58730256
428.0 20.8840324
430.0 21.2553
432.0 21.697544
434.0 22.21064736
436.0 22.77065032
438.0 23.34177208
440.0 23.89915
442.0 24.44169728
444.0 24.96481592
446.0 25.46511176
448.0 25.9425848
450.0 26.3967
452.0 26.82304328
454.0 27.21803656
456.0 27.58485664
458.0 27.92968992
460.0 28.2568
462.0 28.56573544
464.0 28.85724864
466.0 29.13229264
468.0 29.39153624
470.0 29.6362
472.0 29.8682736
474.0 30.08951264
476.0 30.30314408
478.0 30.51318072
480.0 30.723
482.0 30.93296976
484.0 31.14215368
486.0 31.3574404
488.0 31.58869472
490.0 31.84115
492.0 32.11164616
494.0 32.3977588
496.0 32.69298384
498.0 32.98762368
500.0 33.2728
502.0 33.54620544
504.0 33.80728824
506.0 34.03718824
508.0 34.20957144
510.0 34.30735
512.0 34.33248016
514.0 34.28589824
516.0 34.16892512
518.0 33.985908
520.0 33.74305
522.0 33.44374528
524.0 33.08998352
526.0 32.70612576
528.0 32.3267824
530.0 31.977
532.0 31.65870136
534.0 31.37446136
536.0 31.13753896
538.0 30.96289856
540.0 30.85885
542.0 30.8247412
544.0 30.86099016
546.0 30.95283312
548.0 31.07677848
550.0 31.21415
552.0 31.3676396
554.0 31.54505552
556.0 31.70876104
558.0 31.80366376
560.0 31.79935
562.0 31.70917904
564.0 31.53972184
566.0 31.32787944
568.0 31.13075064
570.0 30.9947
572.0 30.92144968
574.0 30.90519784
576.0 31.0247124
578.0 31.39109776
580.0 32.07105
582.0 33.05350048
584.0 34.3417096
586.0 35.87712392
588.0 37.56209864
590.0 39.32335
592.0 41.1595404
594.0 43.06513552
596.0 44.97332224
598.0 46.79724016
600.0 48.47755
602.0 50.00360112
604.0 51.35634944
606.0 52.55259856
608.0 53.63239288
610.0 54.62215
612.0 55.51101864
614.0 56.29511976
616.0 56.98667568
618.0 57.602072
620.0 58.15425
622.0 58.64769064
624.0 59.08754368
626.0 59.48233632
628.0 59.84109736
630.0 60.1711
632.0 60.47704256
634.0 60.76375712
636.0 61.03299928
638.0 61.28460184
640.0 61.51915
642.0 61.74008808
644.0 61.95050928
646.0 62.15014608
648.0 62.33741008
650.0 62.5119
652.0 62.675338
654.0 62.82856008
656.0 62.97492696
658.0 63.11912024
660.0 63.2643
662.0 63.4106
664.0 63.55853856
666.0 63.70781472
668.0 63.85734168
670.0 64.00625
672.0 64.15467344
674.0 64.30254512
676.0 64.448494
678.0 64.59059728
680.0 64.7273
682.0 64.85811728
684.0 64.9825308
686.0 65.09908592
688.0 65.20602704
690.0 65.30205
692.0 65.38713808
694.0 65.46165912
696.0 65.52405816
698.0 65.5721616
700.0 65.6051
702.0 65.62344184
704.0 65.62688616
706.0 65.62038208
708.0 65.6114536
710.0 65.6051
712.0 65.60122096
714.0 65.60073608
716.0 65.6026756
718.0 65.60461512
720.0 65.6051
722.0 65.6051
724.0 65.6051
726.0 65.6051
728.0 65.6051
730.0 65.6051
732.0 65.6051
734.0 65.6051
736.0 65.6051
738.0 65.6051
740.0 65.6051
742.0 65.6051
744.0 65.6051
746.0 65.6051
748.0 65.6051
750.0 65.6051
