380.0 13.76265
382.0 13.77105896
384.0 13.780578
386.0 13.78955064
388.0 13.78523688
390.0 13.76265
392.0 13.73261376
394.0 13.69915824
396.0 13.67898912
398.0 13.6955204
400.0 13.76265
402.0 13.88076008
404.0 14.05618632
406.0 14.26680816
408.0 14.4760088
410.0 14.66135
412.0 14.82844968
414.0 14.97657216
416.0 15.11859184
418.0 15.27674632
420.0 15.466
422.0 15.68242368
424.0 15.92315824
426.0 16.196246
428.0 16.51238776
430.0 16.87675
432.0 17.28769416
434.0 17.746608
436.0 18.23603584
438.0 18.72897488
440.0 19.2071
442.0 19.67087936
444.0 20.11770464
446.0 20.54680672
448.0 20.9604428
450.0 21.3598
452.0 21.7419356
454.0 22.10469272
456.0 22.45031184
458.0 22.78280576
460.0 23.10495
462.0 23.41654392
464.0 23.71802224
466.0 24.01005376
468.0 24.29314008
470.0 24.56795
472.0 24.83585456
474.0 25.09852576
476.0 25.35593016
478.0 25.60739896
480.0 25.8533
482.0 26.0944024
484.0 26.32987016
486.0 26.56709352
488.0 26.81710768
490.0 27.0864
492.0 27.3723956
494.0 27.67328872
496.0 27.98563504
498.0 28.30391696
500.0 28.62255
502.0 28.9395612
504.0 29.25418144
506.0 29.55199808
508.0 29.81277992
510.0 30.02285
512.0 30.183362
514.0 30.29545288
516.0 30.35512656
518.0 30.35828664
520.0 30.305
522.0 30.19862736
524.0 30.04070696
526.0 29.85152016
528.0 29.66066136
530.0 29.4899
532.0 29.34015568
534.0 29.21206376
536.0 29.12242784
538.0 29.09256592
540.0 29.1346
542.0 29.2467076
544.0 29.42957424
546.0 29.66552688
548.0 29.92622512
550.0 30.19005
552.0 30.4608304
554.0 30.74697648
556.0 31.01172096
558.0 31.20147624
560.0 31.2873
562.0 31.28148144
564.0 31.18778256
566.0 31.05119688
568.0 30.9413632
570.0 30.9111
572.0 30.95806648
574.0 31.07452128
576.0 31.32808008
578.0 31.81304368
580.0 32.5831
582.0 33.62764856
584.0 34.95255808
586.0 36.4799468
588.0 38.08483272
590.0 39.67865
592.0 41.26365584
594.0 42.8327108
596.0 44.34349656
598.0 45.74811032
600.0 47.01455
602.0 48.13196432
604.0 49.08487056
606.0 49.8990008
608.0 50.62267584
610.0 51.2886
612.0 51.89028592
614.0 52.4279008
616.0 52.91217888
618.0 53.35482416
620.0 53.76525
622.0 54.14900744
624.0 54.51169768
626.0 54.85666472
628.0 55.18549696
630.0 55.49995
632.0 55.80363536
634.0 56.09971312
636.0 56.38768168
638.0 56.66536744
640.0 56.9316
642.0 57.18826872
644.0 57.43711248
646.0 57.67701104
648.0 57.9058744
650.0 58.1229
652.0 58.32884024
654.0 58.52329384
656.0 58.71122664
658.0 58.90016264
660.0 59.09475
662.0 59.29448712
664.0 59.50024344
666.0 59.70834056
668.0 59.91242488
670.0 60.1084
672.0 60.29705176
674.0 60.47812936
676.0 60.65235176
678.0 60.82139096
680.0 60.9862
682.0 61.145458
684.0 61.29757656
686.0 61.44401032
688.0 61.58726728
690.0 61.72815
692.0 61.86627392
694.0 62.00337792
696.0 62.13028272
698.0 62.23285992
700.0 62.3029
702.0 62.34214184
704.0 62.34923112
706.0 62.334668
708.0 62.31550688
710.0 62.3029
712.0 62.2955432
714.0 62.2946236
716.0 62.298302
718.0 62.3019804
720.0 62.3029
722.0 62.3029
724.0 62.3029
726.0 62.3029
728.0 62.3029
730.0 62.3029
732.0 62.3029
734.0 62.3029
736.0 62.3029
738.0 62.3029
740.0 62.3029
742.0 62.3029
744.0 62.3029
746.0 62.3029
748.0 62.3029
750.0 62.3029
