380.0 19.46835
382.0 19.47733912
384.0 19.48763976
386.0 19.4975904
388.0 19.49302584
390.0 19.46835
392.0 19.43571232
394.0 19.3997204
396.0 19.37824368
398.0 19.39622616
400.0 19.46835
402.0 19.59537184
404.0 19.78492648
406.0 20.01109792
408.0 20.23116656
410.0 20.4193
412.0 20.5819856
414.0 20.71760152
416.0 20.84510824
418.0 20.99644096
420.0 21.1926
422.0 21.42825168
424.0 21.70041984
426.0 22.014806
428.0 22.37784736
430.0 22.79145
432.0 23.25437664
434.0 23.7685668
436.0 24.31184976
438.0 24.85053472
440.0 25.36215
442.0 25.84714704
444.0 26.30161336
446.0 26.72890968
448.0 27.1383992
450.0 27.53575
452.0 27.91720008
454.0 28.28119448
456.0 28.62788368
458.0 28.95743488
460.0 29.27045
462.0 29.56794896
464.0 29.85086808
466.0 30.1216652
468.0 30.38360072
470.0 30.6394
472.0 30.89033376
474.0 31.1378232
476.0 31.38414224
478.0 31.63179888
480.0 31.88295
482.0 32.13791328
484.0 32.39586944
486.0 32.661684
488.0 32.94237936
490.0 33.24145
492.0 33.55660528
494.0 33.8865912
496.0 34.22426832
498.0 34.55893584
500.0 34.8821
502.0 35.19255696
504.0 35.48947072
506.0 35.76264208
508.0 35.99852784
510.0 36.18835
512.0 36.33276064
514.0 36.43211088
516.0 36.48765472
518.0 36.50256896
520.0 36.48095
522.0 36.42497144
524.0 36.33608792
526.0 36.228478
528.0 36.12212208
530.0 36.0316
532.0 35.95831624
534.0 35.9039428
536.0 35.87673936
538.0 35.88615272
540.0 35.93755
542.0 36.03024568
544.0 36.16382176
546.0 36.33100504
548.0 36.52017512
550.0 36.7213
552.0 36.93633592
554.0 37.17210464
556.0 37.39926256
558.0 37.57400328
560.0 37.67225
562.0 37.70495432
564.0 37.67706536
566.0 37.6188296
568.0 37.57697944
570.0 37.58865
572.0 37.65332296
574.0 37.7641264
576.0 37.98227224
578.0 38.39462088
580.0 39.05165
582.0 39.94344464
584.0 41.07413464
586.0 42.38264184
588.0 43.76990024
590.0 45.1649
592.0 46.56906232
594.0 47.97698664
596.0 49.34795976
598.0 50.63341008
600.0 51.80065
602.0 52.84065072
604.0 53.73955136
606.0 54.5174828
608.0 55.21390424
610.0 55.85525
612.0 56.43499928
614.0 56.9525
616.0 57.41607872
618.0 57.83501504
620.0 58.21695
622.0 58.56653176
624.0 58.88852552
626.0 59.18660968
628.0 59.46345944
630.0 59.72175
632.0 59.96480864
634.0 60.19541088
636.0 60.41547952
638.0 60.62643576
640.0 60.82945
642.0 61.026328
644.0 61.21920992
646.0 61.40615624
648.0 61.58340496
650.0 61.74905
652.0 61.90434536
654.0 62.04929104
656.0 62.18805032
658.0 62.3269768
660.0 62.4701
662.0 62.61695176
664.0 62.76798352
666.0 62.92135608
668.0 63.07364184
670.0 63.2225
672.0 63.36831512
674.0 63.51098688
676.0 63.64972944
678.0 63.7837068
680.0 63.9122
682.0 64.0345068
684.0 64.14974104
686.0 64.25803648
688.0 64.35997832
690.0 64.4556
692.0 64.5447176
694.0 64.62813368
696.0 64.70201936
698.0 64.76052264
700.0 64.80045
702.0 64.82273776
704.0 64.82683416
706.0 64.81872496
708.0 64.80785696
710.0 64.80045
712.0 64.79603592
714.0 64.79548416
716.0 64.7976912
718.0 64.79989824
720.0 64.80045
722.0 64.80045
724.0 64.80045
726.0 64.80045
728.0 64.80045
730.0 64.80045
732.0 64.80045
734.0 64.80045
736.0 64.80045
738.0 64.80045
740.0 64.80045
742.0 64.80045
744.0 64.80045
746.0 64.80045
748.0 64.80045
750.0 64.80045
