380.0 16.8872
382.0 16.89261984
384.0 16.89881264
386.0 16.90476104
388.0 16.90200224
390.0 16.8872
392.0 16.86766728
394.0 16.84627984
396.0 16.8335996
398.0 16.84432736
400.0 16.8872
402.0 16.96297504
404.0 17.076554
406.0 17.21270496
408.0 17.34618072
410.0 17.46195
412.0 17.56439344
414.0 17.65302616
416.0 17.74015408
418.0 17.846092
420.0 17.98445
422.0 18.1519844
424.0 18.34625408
426.0 18.57354576
428.0 18.84196864
430.0 19.15485
432.0 19.51070176
434.0 19.91114576
436.0 20.33733856
438.0 20.76043816
440.0 21.16125
442.0 21.54049304
444.0 21.89522456
446.0 22.22796928
448.0 22.546084
450.0 22.85415
452.0 23.14890688
454.0 23.42838168
456.0 23.69489848
458.0 23.95205208
460.0 24.2022
462.0 24.44596088
464.0 24.68522408
466.0 24.91713048
468.0 25.13658048
470.0 25.34125
472.0 25.5336972
474.0 25.71534328
476.0 25.89188976
478.0 26.07161304
480.0 26.26085
482.0 26.4595672
484.0 26.66677816
486.0 26.89087632
488.0 27.14356568
490.0 27.43125
492.0 27.75147144
494.0 28.10324352
496.0 28.4774204
498.0 28.85979008
500.0 29.2391
502.0 29.61392896
504.0 29.9830564
506.0 30.33312304
508.0 30.64640568
510.0 30.9111
512.0 31.12702208
514.0 31.29326904
516.0 31.411028
518.0 31.48422816
520.0 31.5172
522.0 31.5111808
524.0 31.4671236
526.0 31.3982372
528.0 31.323248
530.0 31.25595
532.0 31.19781456
534.0 31.1505304
536.0 31.12272504
538.0 31.12451408
540.0 31.1619
542.0 31.23464872
544.0 31.34301104
546.0 31.48029896
548.0 31.63547728
550.0 31.79935
552.0 31.97439168
554.0 32.16732376
556.0 32.35239744
558.0 32.49098952
560.0 32.5622
562.0 32.57686344
564.0 32.54083184
566.0 32.48105784
568.0 32.43867264
570.0 32.44725
572.0 32.50730824
574.0 32.61239344
576.0 32.82381784
578.0 33.22894344
580.0 33.8789
582.0 34.76373912
584.0 35.88717264
586.0 37.19143296
588.0 38.58238648
590.0 39.99215
592.0 41.42174344
594.0 42.86595016
596.0 44.28281968
598.0 45.6214396
600.0 46.84735
602.0 47.95142176
604.0 48.91935928
606.0 49.7699224
608.0 50.54089832
610.0 51.25725
612.0 51.91188816
614.0 52.5038932
616.0 53.03921744
618.0 53.52396368
620.0 53.9638
622.0 54.36322408
624.0 54.72626544
626.0 55.0587928
628.0 55.36724336
630.0 55.6567
632.0 55.93025592
634.0 56.191322
636.0 56.44051688
638.0 56.67683736
640.0 56.90025
642.0 57.11319592
644.0 57.31748088
646.0 57.51457624
648.0 57.7059868
650.0 57.893
652.0 58.07645184
654.0 58.25702784
656.0 58.43576464
658.0 58.61374904
660.0 58.7917
662.0 58.96988504
664.0 59.14862184
666.0 59.32727504
668.0 59.50467424
670.0 59.67995
672.0 59.85295184
674.0 60.02324504
676.0 60.19061224
678.0 60.35496984
680.0 60.51595
682.0 60.67263312
684.0 60.82404944
686.0 60.96927936
688.0 61.10731968
690.0 61.237
692.0 61.35816984
694.0 61.47179896
696.0 61.57255368
698.0 61.652492
700.0 61.70725
702.0 61.73789776
704.0 61.74351568
706.0 61.73233
708.0 61.71738232
710.0 61.70725
712.0 61.7012308
714.0 61.7004784
716.0 61.703488
718.0 61.7064976
720.0 61.70725
722.0 61.70725
724.0 61.70725
726.0 61.70725
728.0 61.70725
730.0 61.70725
732.0 61.70725
734.0 61.70725
736.0 61.70725
738.0 61.70725
740.0 61.70725
742.0 61.70725
744.0 61.70725
746.0 61.70725
748.0 61.70725
750.0 61.70725
