380.0 15.66455
382.0 15.667174
384.0 15.67025624
386.0 15.67337768
388.0 15.67207352
390.0 15.66455
392.0 15.65487744
394.0 15.64493008
396.0 15.63940832
398.0 15.64467096
400.0 15.66455
402.0 15.70034752
404.0 15.75585792
406.0 15.82231992
408.0 15.88510352
410.0 15.93625
412.0 15.97975544
414.0 16.01652272
416.0 16.0578044
418.0 16.12098928
420.0 16.2184
422.0 16.34859864
424.0 16.5098296
426.0 16.71185736
428.0 16.96780712
430.0 17.2843
432.0 17.65914568
434.0 18.09318016
436.0 18.56859664
438.0 19.05780712
440.0 19.5415
442.0 20.01945792
444.0 20.48888864
446.0 20.94452536
448.0 21.38218808
450.0 21.7987
452.0 22.19085088
454.0 22.55549736
456.0 22.89548184
458.0 23.21665632
460.0 23.52295
462.0 23.81377768
464.0 24.08995864
466.0 24.3515096
468.0 24.59776176
470.0 24.8292
472.0 25.04794776
474.0 25.25556
476.0 25.45673504
478.0 25.65782648
480.0 25.86375
482.0 26.07482328
484.0 26.29047784
486.0 26.517084
488.0 26.76341976
490.0 27.03415
492.0 27.32726832
494.0 27.641922
496.0 27.97028608
498.0 28.30032216
500.0 28.62255
502.0 28.9357992
504.0 29.23908328
506.0 29.52146736
508.0 29.76848864
510.0 29.9706
512.0 30.1279352
514.0 30.24017656
516.0 30.30836072
518.0 30.33566448
520.0 30.3259
522.0 30.28035472
524.0 30.19959712
526.0 30.09701992
528.0 29.99176752
530.0 29.89745
532.0 29.81562232
534.0 29.74932752
536.0 29.70159192
538.0 29.67392032
540.0 29.66755
542.0 29.68390216
544.0 29.72307712
546.0 29.78566008
548.0 29.87206904
550.0 29.98105
552.0 30.1136396
554.0 30.27497088
556.0 30.44508016
558.0 30.59320264
560.0 30.7021
562.0 30.78053352
564.0 30.83407096
566.0 30.8778272
568.0 30.93495944
570.0 31.02605
572.0 31.15248664
574.0 31.3092032
576.0 31.54617576
578.0 31.93555112
580.0 32.5204
582.0 33.29259648
584.0 34.25431416
586.0 35.36626104
588.0 36.56331272
590.0 37.79765
592.0 39.06935648
594.0 40.37465344
596.0 41.6776096
598.0 42.93291376
600.0 44.10945
602.0 45.19971104
604.0 46.191508
606.0 47.09636096
608.0 47.94001872
610.0 48.7388
612.0 49.48583288
614.0 50.17944536
616.0 50.82055704
618.0 51.40925152
620.0 51.94695
622.0 52.43674568
624.0 52.88079544
626.0 53.2861384
628.0 53.66222136
630.0 54.01605
632.0 54.349614
634.0 54.6657056
636.0 54.9659132
638.0 55.2506548
640.0 55.52085
642.0 55.77930776
644.0 56.02872
646.0 56.26935424
648.0 56.50054168
650.0 56.7226
652.0 56.93713432
654.0 57.14472984
656.0 57.35006816
658.0 57.55975368
660.0 57.77805
662.0 58.00463944
664.0 58.23973936
666.0 58.48219608
668.0 58.7295852
670.0 58.9798
672.0 59.23279032
674.0 59.48865648
676.0 59.74293424
678.0 59.98927
680.0 60.22335
682.0 60.44410416
684.0 60.64899104
686.0 60.84091992
688.0 61.0255756
690.0 61.20565
692.0 61.37990584
694.0 61.55009872
696.0 61.7058288
698.0 61.83096128
700.0 61.91625
702.0 61.96393544
704.0 61.9725964
706.0 61.95500696
708.0 61.93173272
710.0 61.91625
712.0 61.90715432
714.0 61.90601736
716.0 61.9105652
718.0 61.91511304
720.0 61.91625
722.0 61.91625
724.0 61.91625
726.0 61.91625
728.0 61.91625
730.0 61.91625
732.0 61.91625
734.0 61.91625
736.0 61.91625
738.0 61.91625
740.0 61.91625
742.0 61.91625
744.0 61.91625
746.0 61.91625
748.0 61.91625
750.0 61.91625
