380.0 17.87995
382.0 17.88363608
384.0 17.88790216
386.0 17.89210384
388.0 17.89024792
390.0 17.87995
392.0 17.86656272
394.0 17.85242664
396.0 17.84434816
398.0 17.85165208
400.0 17.87995
402.0 17.93054472
404.0 18.00790816
406.0 18.1008212
408.0 18.19055744
410.0 18.2666
412.0 18.33337968
414.0 18.3914148
416.0 18.45346272
418.0 18.53958744
420.0 18.6637
422.0 18.82347632
424.0 19.01650872
426.0 19.25234432
428.0 19.54377392
430.0 19.8968
432.0 20.30921552
434.0 20.78264232
436.0 21.29494312
438.0 21.81200912
440.0 22.31075
442.0 22.79166736
444.0 23.25126672
446.0 23.68938088
448.0 24.11010624
450.0 24.5157
452.0 24.90235
454.0 25.26749808
456.0 25.61325096
458.0 25.94345424
460.0 26.26085
462.0 26.565572
464.0 26.85855656
466.0 27.14033872
468.0 27.41108568
470.0 27.6716
472.0 27.92378776
474.0 28.16945472
476.0 28.41110888
478.0 28.65175984
480.0 28.89425
482.0 29.1390308
484.0 29.38496528
486.0 29.64026296
488.0 29.91687864
490.0 30.2214
492.0 30.55068368
494.0 30.90279016
496.0 31.27036264
498.0 31.64211512
500.0 32.00835
502.0 32.36692712
504.0 32.71664264
506.0 33.04127816
508.0 33.31867968
510.0 33.53405
512.0 33.68817496
514.0 33.78147256
516.0 33.81248816
518.0 33.78130536
520.0 33.6908
522.0 33.54403184
524.0 33.34273976
526.0 33.10750608
528.0 32.8679252
530.0 32.6458
532.0 32.44276904
534.0 32.26047088
536.0 32.11428792
538.0 32.02311376
540.0 31.9979
542.0 32.03767688
544.0 32.14329712
546.0 32.30008056
548.0 32.4842012
550.0 32.67715
552.0 32.88228768
554.0 33.10748936
556.0 33.31789384
558.0 33.46242152
560.0 33.51315
562.0 33.48250224
564.0 33.37599584
566.0 33.23086624
568.0 33.10463024
570.0 33.0429
572.0 33.04589288
574.0 33.10705464
576.0 33.2981308
578.0 33.72019376
580.0 34.43275
582.0 35.42504856
584.0 36.7011524
586.0 38.19687344
588.0 39.80712648
590.0 41.45515
592.0 43.14096072
594.0 44.85828864
596.0 46.55304456
598.0 48.15793048
600.0 49.62705
602.0 50.94990296
604.0 52.10985296
606.0 53.12475696
608.0 54.03357256
610.0 54.8625
612.0 55.60316256
614.0 56.25323616
616.0 56.82547816
618.0 57.33644136
620.0 57.79895
622.0 58.21756864
624.0 58.59763096
626.0 58.94534008
628.0 59.2662136
630.0 59.565
632.0 59.84613008
634.0 60.11381728
636.0 60.36904808
638.0 60.61107008
640.0 60.8399
642.0 61.0583468
644.0 61.26900208
646.0 61.47113016
648.0 61.66272464
650.0 61.8431
652.0 62.01351024
654.0 62.17403896
656.0 62.32921728
658.0 62.4857332
660.0 62.64775
662.0 62.8150336
664.0 62.98857048
666.0 63.16494976
668.0 63.33823584
670.0 63.50465
672.0 63.66486104
674.0 63.81836736
676.0 63.96660688
678.0 64.1123384
680.0 64.25705
682.0 64.39943752
684.0 64.53851448
686.0 64.67341144
688.0 64.802958
690.0 64.92585
692.0 65.04208744
694.0 65.15277384
696.0 65.25209064
698.0 65.33134344
700.0 65.38565
702.0 65.4160804
704.0 65.42163144
706.0 65.41046248
708.0 65.39561512
710.0 65.38565
712.0 65.37976456
714.0 65.37902888
716.0 65.3819716
718.0 65.38491432
720.0 65.38565
722.0 65.38565
724.0 65.38565
726.0 65.38565
728.0 65.38565
730.0 65.38565
732.0 65.38565
734.0 65.38565
736.0 65.38565
738.0 65.38565
740.0 65.38565
742.0 65.38565
744.0 65.38565
746.0 65.38565
748.0 65.38565
750.0 65.38565
