380.0 12.0802
382.0 12.08700704
384.0 12.09466144
386.0 12.10177744
388.0 12.09826624
390.0 12.0802
392.0 12.05617408
394.0 12.02947024
396.0 12.0133936
398.0 12.02657696
400.0 12.0802
402.0 12.17478504
404.0 12.315534
406.0 12.48554296
408.0 12.65663872
410.0 12.8117
412.0 12.9554084
414.0 13.08746296
416.0 13.21843072
418.0 13.36628568
420.0 13.5432
422.0 13.7461808
424.0 13.97292072
426.0 14.23042544
428.0 14.52805816
430.0 14.87035
432.0 15.25571256
434.0 15.68506544
436.0 16.14367832
438.0 16.608812
440.0 17.06485
442.0 17.5118592
444.0 17.94743192
446.0 18.36979584
448.0 18.77928536
450.0 19.17575
452.0 19.55661488
454.0 19.91999064
456.0 20.2669808
458.0 20.60000976
460.0 20.9209
462.0 21.229384
464.0 21.5254116
466.0 21.8111564
468.0 22.089628
470.0 22.363
472.0 22.6320248
474.0 22.89804
476.0 23.1604604
478.0 23.4176976
480.0 23.66925
482.0 23.91546872
484.0 24.1550496
486.0 24.39396168
488.0 24.64140096
490.0 24.90235
492.0 25.17431752
494.0 25.45626688
496.0 25.74139304
498.0 26.019246
500.0 26.28175
502.0 26.52813592
504.0 26.75771824
506.0 26.96196976
508.0 27.12968808
510.0 27.2536
512.0 27.33465856
514.0 27.37411776
516.0 27.37152616
518.0 27.32705096
520.0 27.24315
522.0 27.12274928
524.0 26.96723656
526.0 26.79341544
528.0 26.62536272
530.0 26.4803
532.0 26.35919704
534.0 26.26372584
536.0 26.20177824
538.0 26.18188144
540.0 26.2086
542.0 26.2815828
544.0 26.40108064
546.0 26.55711168
548.0 26.73395912
550.0 26.9192
552.0 27.1149076
554.0 27.32681688
556.0 27.52961376
558.0 27.68609624
560.0 27.7761
562.0 27.80892136
564.0 27.78860656
566.0 27.74354616
568.0 27.71746296
570.0 27.74475
572.0 27.8250896
574.0 27.95304776
576.0 28.18157672
578.0 28.58533128
580.0 29.20775
582.0 30.04058992
584.0 31.08742912
586.0 32.29595072
588.0 33.58121712
590.0 34.8821
592.0 36.19945208
594.0 37.52839112
596.0 38.83241736
598.0 40.0676408
600.0 41.20435
602.0 42.23435216
604.0 43.14509056
606.0 43.95325176
608.0 44.69227576
610.0 45.38435
612.0 46.0233048
614.0 46.60822056
616.0 47.14523352
618.0 47.64103168
620.0 48.10135
622.0 48.52993376
624.0 48.93034432
626.0 49.30676168
628.0 49.66328224
630.0 50.00325
632.0 50.32923984
634.0 50.64386008
636.0 50.94744512
638.0 51.23907536
640.0 51.5185
642.0 51.787692
644.0 52.04854072
646.0 52.30044424
648.0 52.54189776
650.0 52.7725
652.0 52.99330432
654.0 53.20441104
656.0 53.41008376
658.0 53.61659248
660.0 53.82795
662.0 54.0438052
664.0 54.26455936
666.0 54.48865752
668.0 54.71309008
670.0 54.93565
672.0 55.15665496
674.0 55.37623872
676.0 55.59214408
678.0 55.80127784
680.0 56.00155
682.0 56.1919072
684.0 56.37012568
686.0 56.53923176
688.0 56.70465944
690.0 56.8689
692.0 57.03096696
694.0 57.19281656
696.0 57.34329656
698.0 57.46510176
700.0 57.54815
702.0 57.59464832
704.0 57.60304176
706.0 57.58577
708.0 57.56306424
710.0 57.54815
712.0 57.5394556
714.0 57.5383688
716.0 57.542716
718.0 57.5470632
720.0 57.54815
722.0 57.54815
724.0 57.54815
726.0 57.54815
728.0 57.54815
730.0 57.54815
732.0 57.54815
734.0 57.54815
736.0 57.54815
738.0 57.54815
740.0 57.54815
742.0 57.54815
744.0 57.54815
746.0 57.54815
748.0 57.54815
750.0 57.54815
