380.0 22.10175
382.0 22.10329272
384.0 22.10514312
386.0 22.10708832
388.0 22.10633592
390.0 22.10175
392.0 22.09604608
394.0 22.09070792
396.0 22.08806736
398.0 22.0911116
400.0 22.10175
402.0 22.12157992
404.0 22.15396656
406.0 22.1932084
408.0 22.22960784
410.0 22.2585
412.0 22.28384752
414.0 22.307406
416.0 22.33965888
418.0 22.39615576
420.0 22.4884
422.0 22.61565592
424.0 22.77588368
426.0 22.98209144
428.0 23.2523368
430.0 23.5961
432.0 24.01040488
434.0 24.49617104
436.0 25.0324316
438.0 25.58649896
440.0 26.13545
442.0 26.6791008
444.0 27.2142244
446.0 27.7340492
448.0 28.2328068
450.0 28.70615
452.0 29.15036696
454.0 29.5618796
456.0 29.94346344
458.0 30.30122128
460.0 30.6394
462.0 30.95718032
464.0 31.25489664
466.0 31.53463896
468.0 31.79891528
470.0 32.05015
472.0 32.29021576
474.0 32.52103536
476.0 32.74558496
478.0 32.96729216
480.0 33.1892
482.0 33.41187696
484.0 33.63442016
486.0 33.86398576
488.0 34.11085656
490.0 34.3805
492.0 34.67004024
494.0 34.97778856
496.0 35.29581968
498.0 35.6120952
500.0 35.91665
502.0 36.20777864
504.0 36.48461168
506.0 36.73226832
508.0 36.93051736
510.0 37.06615
512.0 37.1402196
514.0 37.15319432
516.0 37.10606064
518.0 37.00224616
520.0 36.8467
522.0 36.64219768
524.0 36.39044464
526.0 36.1109364
528.0 35.83134456
530.0 35.5718
532.0 35.33430912
534.0 35.121614
536.0 34.94411448
538.0 34.81326376
540.0 34.7358
542.0 34.71177336
544.0 34.74146808
546.0 34.816474
548.0 34.92299712
550.0 35.0493
552.0 35.19765656
554.0 35.3754236
556.0 35.55009744
558.0 35.67327368
560.0 35.7181
562.0 35.69688232
564.0 35.61614144
566.0 35.50580616
568.0 35.41210728
570.0 35.37325
572.0 35.39010376
574.0 35.45539536
576.0 35.64199056
578.0 36.05388776
580.0 36.75265
582.0 37.72664016
584.0 38.97930256
586.0 40.44890696
588.0 42.03396296
590.0 43.6601
592.0 45.32731808
594.0 47.02973176
596.0 48.71283384
598.0 50.30823952
600.0 51.7693
602.0 53.08568232
604.0 54.24063304
606.0 55.25170816
608.0 56.15753088
610.0 56.98385
612.0 57.722038
614.0 58.36982096
616.0 58.93810032
618.0 59.44075368
620.0 59.88895
622.0 60.28745448
624.0 60.64145032
626.0 60.95824416
628.0 61.2452764
630.0 61.5087
632.0 61.75282872
634.0 61.98184256
636.0 62.197982
638.0 62.40216664
640.0 62.5955
642.0 62.78102512
644.0 62.9619188
646.0 63.13637528
648.0 63.30046536
650.0 63.4524
652.0 63.59386792
654.0 63.72491928
656.0 63.85128904
658.0 63.981588
660.0 64.1212
662.0 64.26957328
664.0 64.42754384
666.0 64.5916172
668.0 64.75560696
670.0 64.9154
672.0 65.07154808
674.0 65.2235496
676.0 65.37145472
678.0 65.51601584
680.0 65.65735
682.0 65.79430352
684.0 65.92605712
686.0 66.05112272
688.0 66.16757752
690.0 66.2739
692.0 66.3701236
694.0 66.45683352
696.0 66.53125424
698.0 66.58937296
700.0 66.6292
702.0 66.6514376
704.0 66.65556744
706.0 66.64757528
708.0 66.63674072
710.0 66.6292
712.0 66.62465216
714.0 66.62408368
716.0 66.6263576
718.0 66.62863152
720.0 66.6292
722.0 66.6292
724.0 66.6292
726.0 66.6292
728.0 66.6292
730.0 66.6292
732.0 66.6292
734.0 66.6292
736.0 66.6292
738.0 66.6292
740.0 66.6292
742.0 66.6292
744.0 66.6292
746.0 66.6292
748.0 66.6292
750.0 66.6292
