380.0 16.5319
382.0 16.5362904
384.0 16.54138096
386.0 16.54641232
388.0 16.54420528
390.0 16.5319
392.0 16.51587104
394.0 16.49884032
396.0 16.489048
398.0 16.49781488
400.0 16.5319
402.0 16.59266048
404.0 16.6852224
406.0 16.79600912
408.0 16.90244864
410.0 16.9917
412.0 17.06862872
414.0 17.13333512
416.0 17.20071672
418.0 17.29443232
420.0 17.4306
422.0 17.60627704
424.0 17.81902232
426.0 18.0773296
428.0 18.39215048
430.0 18.7682
432.0 19.20335472
434.0 19.699086
436.0 20.23277168
438.0 20.76980136
440.0 21.28665
442.0 21.78355168
444.0 22.25681128
446.0 22.70582688
448.0 23.13419328
450.0 23.54385
452.0 23.93093472
454.0 24.29280568
456.0 24.63185384
458.0 24.9524264
460.0 25.25765
462.0 25.54762496
464.0 25.82323744
466.0 26.08555752
468.0 26.3355048
470.0 26.57435
472.0 26.80401592
474.0 27.02647552
476.0 27.24375192
478.0 27.45801872
480.0 27.6716
482.0 27.88518128
484.0 28.09780952
486.0 28.31762736
488.0 28.556506
490.0 28.8211
492.0 29.10878432
494.0 29.41838856
496.0 29.742372
498.0 30.06894704
500.0 30.3886
502.0 30.7000936
504.0 31.002642
506.0 31.2833708
508.0 31.5248912
510.0 31.71575
512.0 31.85646552
514.0 31.9469876
516.0 31.98810208
518.0 31.98281856
520.0 31.9352
522.0 31.84711904
524.0 31.71966248
526.0 31.56837992
528.0 31.41542536
530.0 31.27685
532.0 31.1542088
534.0 31.04980912
536.0 30.97132544
538.0 30.92695056
540.0 30.92155
542.0 30.95547488
544.0 31.02917664
546.0 31.1364856
548.0 31.26720256
550.0 31.4127
552.0 31.57486728
554.0 31.7593892
556.0 31.94223912
558.0 32.08755264
560.0 32.17555
562.0 32.21572816
564.0 32.21335392
566.0 32.19083208
568.0 32.18260584
570.0 32.21735
572.0 32.29556616
574.0 32.41095088
576.0 32.62072
578.0 33.00688512
580.0 33.61765
582.0 34.44383536
584.0 35.4892032
586.0 36.70093504
588.0 37.99267208
590.0 39.30245
592.0 40.63145592
594.0 41.97450664
596.0 43.29607216
598.0 44.55385088
600.0 45.71875
602.0 46.78190792
604.0 47.73071776
606.0 48.5786224
608.0 49.35421304
610.0 50.0764
612.0 50.73908048
614.0 51.3409336
616.0 51.88802872
618.0 52.38755544
620.0 52.84565
622.0 53.26575672
624.0 53.65123632
626.0 54.00737232
628.0 54.33993312
630.0 54.6535
632.0 54.95073144
634.0 55.23436952
636.0 55.5056348
638.0 55.76469448
640.0 56.012
642.0 56.249842
644.0 56.4807452
646.0 56.702954
648.0 56.9129572
650.0 57.10925
652.0 57.29328704
654.0 57.464968
656.0 57.63046256
658.0 57.79905032
660.0 57.9766
662.0 58.16245952
664.0 58.35728096
666.0 58.5582052
668.0 58.75996544
670.0 58.9589
672.0 59.15557736
674.0 59.3499808
676.0 59.54020424
678.0 59.72390688
680.0 59.8994
682.0 60.06563024
684.0 60.22087544
686.0 60.36675744
688.0 60.50645304
690.0 60.64135
692.0 60.77081296
694.0 60.89619624
696.0 61.01020992
698.0 61.101568
700.0 61.16385
702.0 61.19866104
704.0 61.20499792
706.0 61.1921904
708.0 61.17520288
710.0 61.16385
712.0 61.157162
714.0 61.156326
716.0 61.15967
718.0 61.163014
720.0 61.16385
722.0 61.16385
724.0 61.16385
726.0 61.16385
728.0 61.16385
730.0 61.16385
732.0 61.16385
734.0 61.16385
736.0 61.16385
738.0 61.16385
740.0 61.16385
742.0 61.16385
744.0 61.16385
746.0 61.16385
748.0 61.16385
750.0 61.16385
