380.0 12.7072
382.0 12.71954368
384.0 12.73354912
386.0 12.74681296
388.0 12.7404928
390.0 12.7072
392.0 12.6627404
394.0 12.61264296
396.0 12.58212952
398.0 12.60670848
400.0 12.7072
402.0 12.8830944
404.0 13.14252192
406.0 13.45219304
408.0 13.75743336
410.0 14.0239
412.0 14.2582308
414.0 14.45798464
416.0 14.63792528
418.0 14.82522272
420.0 15.03755
422.0 15.26907184
424.0 15.51672848
426.0 15.78545232
428.0 16.08117896
430.0 16.4065
432.0 16.7608804
434.0 17.14587512
436.0 17.54817504
438.0 17.94721456
440.0 18.3293
442.0 18.69499984
444.0 19.04219064
446.0 19.37257784
448.0 19.69126104
450.0 20.0013
452.0 20.30053784
454.0 20.58812184
456.0 20.86400184
458.0 21.12809424
460.0 21.3807
462.0 21.62233744
464.0 21.85324064
466.0 22.07586744
468.0 22.29372904
470.0 22.5093
472.0 22.72329928
474.0 22.93719824
476.0 23.1500104
478.0 23.35947856
480.0 23.56475
482.0 23.76649352
484.0 23.9636892
486.0 24.16255688
488.0 24.37262696
490.0 24.5993
492.0 24.84025192
494.0 25.09436248
496.0 25.35649864
498.0 25.6186348
500.0 25.8742
502.0 26.12235824
504.0 26.36279184
506.0 26.58566944
508.0 26.77753144
510.0 26.92965
512.0 27.04274408
514.0 27.11694744
516.0 27.1536144
518.0 27.15608896
520.0 27.1282
522.0 27.0716028
524.0 26.9875848
526.0 26.8875992
528.0 26.7876972
530.0 26.69975
532.0 26.62494472
534.0 26.564318
536.0 26.52617968
538.0 26.52064536
540.0 26.55345
542.0 26.62387464
544.0 26.73217008
546.0 26.86972552
548.0 27.02274696
550.0 27.18045
552.0 27.34485776
554.0 27.52096952
556.0 27.68746728
558.0 27.81300104
560.0 27.8806
562.0 27.89934312
564.0 27.87506568
566.0 27.82821624
568.0 27.7898104
570.0 27.78655
572.0 27.8209932
574.0 27.88941144
576.0 28.04719808
578.0 28.37318792
580.0 28.91515
582.0 29.66482464
584.0 30.62333208
586.0 31.75472432
588.0 32.99830776
590.0 34.30735
592.0 35.68034624
594.0 37.11457112
596.0 38.5578248
598.0 39.94030128
600.0 41.2148
602.0 42.3750008
604.0 43.40721
606.0 44.3254724
608.0 45.1620576
610.0 45.9382
612.0 46.64555632
614.0 47.2813176
616.0 47.85412808
618.0 48.37527376
620.0 48.85375
622.0 49.29300112
624.0 49.69683928
626.0 50.07125024
628.0 50.422504
630.0 50.75565
632.0 51.07379816
634.0 51.37992464
636.0 51.67576832
638.0 51.9620816
640.0 52.23955
642.0 52.51039728
644.0 52.77728192
646.0 53.03697696
648.0 53.283714
650.0 53.51445
652.0 53.73075664
654.0 53.93250016
656.0 54.12546568
658.0 54.3185984
660.0 54.51765
662.0 54.72191824
664.0 54.93187128
666.0 55.14583712
668.0 55.36038816
670.0 55.5731
672.0 55.7845244
674.0 55.99487872
676.0 56.20213984
678.0 56.40354896
680.0 56.5972
682.0 56.7820396
684.0 56.95596104
686.0 57.12152248
688.0 57.28340552
690.0 57.44365
692.0 57.60133632
694.0 57.75830368
696.0 57.90390144
698.0 58.0216604
700.0 58.102
702.0 58.14699352
704.0 58.15511944
706.0 58.13841616
708.0 58.11644608
710.0 58.102
712.0 58.09357312
714.0 58.09251976
716.0 58.0967332
718.0 58.10094664
720.0 58.102
722.0 58.102
724.0 58.102
726.0 58.102
728.0 58.102
730.0 58.102
732.0 58.102
734.0 58.102
736.0 58.102
738.0 58.102
740.0 58.102
742.0 58.102
744.0 58.102
746.0 58.102
748.0 58.102
750.0 58.102
