380.0 17.96355
382.0 17.96931064
384.0 17.97595416
386.0 17.98245288
388.0 17.9795436
390.0 17.96355
392.0 17.942478
394.0 17.91942888
396.0 17.90578776
398.0 17.91739384
400.0 17.96355
402.0 18.0449764
404.0 18.16699896
406.0 18.31226232
408.0 18.45217528
410.0 18.56965
412.0 18.66923432
414.0 18.74982472
416.0 18.82573352
418.0 18.92070312
420.0 19.05035
422.0 19.21079512
424.0 19.39973112
426.0 19.62143832
428.0 19.88076552
430.0 20.17895
432.0 20.51503872
434.0 20.89090432
436.0 21.28766992
438.0 21.67666072
440.0 22.03905
442.0 22.37574064
444.0 22.68378992
446.0 22.967846
448.0 23.23835888
450.0 23.50205
452.0 23.75601008
454.0 23.9991356
456.0 24.23323232
458.0 24.46055744
460.0 24.6829
462.0 24.90111272
464.0 25.11621552
466.0 25.32889392
468.0 25.53956592
470.0 25.7488
472.0 25.95820128
474.0 26.16990992
476.0 26.38278896
478.0 26.594414
480.0 26.80425
482.0 27.01335032
484.0 27.22054456
486.0 27.4356808
488.0 27.67363984
490.0 27.9433
492.0 28.24131728
494.0 28.5653676
496.0 28.91173912
498.0 29.27432904
500.0 29.64665
502.0 30.02622744
504.0 30.41219192
506.0 30.786118
508.0 31.12200608
510.0 31.40225
512.0 31.627552
514.0 31.7977616
516.0 31.9098692
518.0 31.9622028
520.0 31.9561
522.0 31.8934836
524.0 31.7748552
526.0 31.6198608
528.0 31.4573424
530.0 31.3082
532.0 31.17347024
534.0 31.054892
536.0 30.96473776
538.0 30.91747032
540.0 30.92155
542.0 30.97659224
544.0 31.08319896
546.0 31.23051888
548.0 31.4008288
550.0 31.5799
552.0 31.77077552
554.0 31.98133048
556.0 32.17892744
558.0 32.315162
560.0 32.36365
562.0 32.3366472
564.0 32.23970464
566.0 32.10798448
568.0 31.99565952
570.0 31.94565
572.0 31.95767168
574.0 32.02455168
576.0 32.21499248
578.0 32.62613728
580.0 33.3146
582.0 34.26951264
584.0 35.49528928
586.0 36.92504992
588.0 38.45011456
590.0 39.99215
592.0 41.55217616
594.0 43.12398992
596.0 44.65985568
598.0 46.10208944
600.0 47.41165
602.0 48.5784552
604.0 49.58707248
606.0 50.45774976
608.0 51.23161824
610.0 51.9365
612.0 52.56510512
614.0 53.11606256
616.0 53.6016448
618.0 54.03706704
620.0 54.43405
622.0 54.79732544
624.0 55.1323608
626.0 55.44315216
628.0 55.73204032
630.0 56.00155
632.0 56.25579432
634.0 56.49826776
636.0 56.7300404
638.0 56.95102864
640.0 57.1615
642.0 57.36361136
644.0 57.5596032
646.0 57.74798744
648.0 57.92575448
650.0 58.09155
652.0 58.24661128
654.0 58.39095504
656.0 58.529196
658.0 58.66827296
660.0 58.8126
662.0 58.961826
664.0 59.1166532
666.0 59.2748244
668.0 59.4321596
670.0 59.5859
672.0 59.73653048
674.0 59.8837668
676.0 60.02765912
678.0 60.16870904
680.0 60.30695
682.0 60.44139552
684.0 60.57114272
686.0 60.69537232
688.0 60.81316472
690.0 60.9235
692.0 61.02627784
694.0 61.12231752
696.0 61.2072384
698.0 61.27451968
700.0 61.3206
702.0 61.34638224
704.0 61.351114
706.0 61.34171736
708.0 61.32914392
710.0 61.3206
712.0 61.31551712
714.0 61.31488176
716.0 61.3174232
718.0 61.31996464
720.0 61.3206
722.0 61.3206
724.0 61.3206
726.0 61.3206
728.0 61.3206
730.0 61.3206
732.0 61.3206
734.0 61.3206
736.0 61.3206
738.0 61.3206
740.0 61.3206
742.0 61.3206
744.0 61.3206
746.0 61.3206
748.0 61.3206
750.0 61.3206
