380.0 16.29155
382.0 16.29703704
384.0 16.30339784
386.0 16.30968224
388.0 16.30692344
390.0 16.29155
392.0 16.2713292
394.0 16.24927264
396.0 16.23625928
398.0 16.24740632
400.0 16.29155
402.0 16.36941504
404.0 16.48623768
406.0 16.62487992
408.0 16.75716856
410.0 16.8663
412.0 16.95707288
414.0 17.02900232
416.0 17.09558136
418.0 17.1791312
420.0 17.29475
422.0 17.43934456
424.0 17.61089176
426.0 17.81646416
428.0 18.06500696
430.0 18.36065
432.0 18.7020724
434.0 19.09052816
436.0 19.50958152
438.0 19.93390168
440.0 20.34615
442.0 20.7465104
444.0 21.13242472
446.0 21.50220424
448.0 21.85660136
450.0 22.1958
452.0 22.5169912
454.0 22.81798464
456.0 23.10092048
458.0 23.36981152
460.0 23.62745
462.0 23.87355168
464.0 24.10846768
466.0 24.33318448
468.0 24.54870528
470.0 24.75605
472.0 24.95657296
474.0 25.15196288
476.0 25.3423368
478.0 25.52719312
480.0 25.707
482.0 25.88269376
484.0 26.0537728
486.0 26.22702544
488.0 26.41248368
490.0 26.61615
492.0 26.83595112
494.0 27.07046584
496.0 27.31701896
498.0 27.57117968
500.0 27.82835
502.0 28.08679104
504.0 28.34571696
506.0 28.59285528
508.0 28.8109844
510.0 28.9883
512.0 29.12553776
514.0 29.22353368
516.0 29.2778068
518.0 29.28334112
520.0 29.2391
522.0 29.14794256
524.0 29.0112064
526.0 28.84546104
528.0 28.67503408
530.0 28.51805
532.0 28.3753448
534.0 28.24721944
536.0 28.14969168
538.0 28.10357792
540.0 28.12095
542.0 28.19981824
544.0 28.34038328
546.0 28.52818232
548.0 28.73980736
550.0 28.95695
552.0 29.18328864
554.0 29.42763472
556.0 29.6531708
558.0 29.80564048
560.0 29.85565
562.0 29.8166088
564.0 29.6939676
566.0 29.5298608
568.0 29.3892456
570.0 29.3227
572.0 29.32908704
574.0 29.4001972
576.0 29.61083576
578.0 30.06633872
580.0 30.8275
582.0 31.88218088
584.0 33.23539736
586.0 34.80940144
588.0 36.47862592
590.0 38.15295
592.0 39.83376144
594.0 41.51403784
596.0 43.14172984
598.0 44.65472264
600.0 46.01135
602.0 47.2006436
604.0 48.20571624
606.0 49.05211608
608.0 49.78975232
610.0 50.4526
612.0 51.03321872
614.0 51.53110688
616.0 51.96052664
618.0 52.3385324
620.0 52.67845
622.0 52.9861816
624.0 53.26803064
626.0 53.52939768
628.0 53.77412832
630.0 54.0056
632.0 54.22836056
634.0 54.44682408
636.0 54.659352
638.0 54.86142992
640.0 55.0506
642.0 55.22938696
644.0 55.3993792
646.0 55.56142944
648.0 55.71654088
650.0 55.8657
652.0 56.0094084
654.0 56.14788344
656.0 56.28326528
658.0 56.41847992
660.0 56.5554
662.0 56.69404224
664.0 56.83477448
666.0 56.97650992
668.0 57.11724216
670.0 57.25555
672.0 57.39155048
674.0 57.52509312
676.0 57.65545896
678.0 57.781812
680.0 57.90345
682.0 58.0197376
684.0 58.12980536
686.0 58.23385392
688.0 58.33255208
690.0 58.42595
692.0 58.51383032
694.0 58.59701232
696.0 58.67133272
698.0 58.73043792
700.0 58.7708
702.0 58.79335528
704.0 58.79748512
706.0 58.78924216
708.0 58.7782404
710.0 58.7708
712.0 58.76638592
714.0 58.76583416
716.0 58.7680412
718.0 58.77024824
720.0 58.7708
722.0 58.7708
724.0 58.7708
726.0 58.7708
728.0 58.7708
730.0 58.7708
732.0 58.7708
734.0 58.7708
736.0 58.7708
738.0 58.7708
740.0 58.7708
742.0 58.7708
744.0 58.7708
746.0 58.7708
748.0 58.7708
750.0 58.7708
