380.0 21.3389
382.0 21.34514704
384.0 21.35247152
386.0 21.359864
388.0 21.35675408
390.0 21.3389
392.0 21.31559208
394.0 21.2905852
396.0 21.27608072
398.0 21.28891344
400.0 21.3389
402.0 21.42741568
404.0 21.56137632
406.0 21.71983176
408.0 21.8683388
410.0 21.9868
412.0 22.08148536
414.0 22.15162576
416.0 22.21750256
418.0 22.31197056
420.0 22.45705
422.0 22.64804256
424.0 22.88162096
426.0 23.16686416
428.0 23.51505816
430.0 23.9305
432.0 24.41089904
434.0 24.95841216
436.0 25.54413048
438.0 26.1239968
440.0 26.6684
442.0 27.1782764
444.0 27.64959648
446.0 28.08329656
448.0 28.48623184
450.0 28.8629
452.0 29.20905416
454.0 29.52163456
456.0 29.80729576
458.0 30.07648776
460.0 30.33635
462.0 30.58711656
464.0 30.83064336
466.0 31.06639536
468.0 31.29203176
470.0 31.50675
472.0 31.71330888
474.0 31.91401576
476.0 32.11062624
478.0 32.30506312
480.0 32.4995
482.0 32.69492336
484.0 32.89103224
486.0 33.09516672
488.0 33.3178604
490.0 33.5654
492.0 33.83561192
494.0 34.12679072
496.0 34.43619432
498.0 34.75930832
500.0 35.0911
502.0 35.42936232
504.0 35.77320912
506.0 36.10752552
508.0 36.41099352
510.0 36.66905
512.0 36.8823136
514.0 37.05103512
516.0 37.17118504
518.0 37.23900136
520.0 37.25425
522.0 37.2190544
524.0 37.13398304
526.0 37.01680928
528.0 36.89378352
530.0 36.784
532.0 36.68817768
534.0 36.60742008
536.0 36.55425048
538.0 36.54396768
540.0 36.58545
542.0 36.67797848
544.0 36.82227208
546.0 37.00644288
548.0 37.21117928
550.0 37.42145
552.0 37.640482
554.0 37.87571568
556.0 38.09707176
558.0 38.26015864
560.0 38.34105
562.0 38.35129936
564.0 38.29620696
566.0 38.20993176
568.0 38.14489096
570.0 38.1425
572.0 38.2019396
574.0 38.31526776
576.0 38.54948152
578.0 38.99963408
580.0 39.72045
582.0 40.70066
584.0 41.94506272
586.0 43.38233064
588.0 44.89743016
590.0 46.40845
592.0 47.91722936
594.0 49.41716384
596.0 50.86601872
598.0 52.214888
600.0 53.43085
602.0 54.5036052
604.0 55.41828952
606.0 56.19720744
608.0 56.88349656
610.0 57.50635
612.0 58.05941416
614.0 58.54252184
616.0 58.96610632
618.0 59.3420388
620.0 59.67995
622.0 59.98512344
624.0 60.26290952
626.0 60.5181236
628.0 60.75461128
630.0 60.97575
632.0 61.1853352
634.0 61.3869784
636.0 61.580596
638.0 61.7642652
640.0 61.93715
642.0 62.10147416
644.0 62.25901
646.0 62.40977424
648.0 62.55326528
650.0 62.68955
652.0 62.81941424
654.0 62.94305864
656.0 63.06310824
658.0 63.18332504
660.0 63.3061
662.0 63.43136624
664.0 63.55960864
666.0 63.68935584
668.0 63.81793264
670.0 63.94355
672.0 64.06640856
674.0 64.18619064
676.0 64.30296312
678.0 64.417144
680.0 64.52875
682.0 64.63706216
684.0 64.74152872
686.0 64.84106288
688.0 64.93424344
690.0 65.0199
692.0 65.098066
694.0 65.16927648
696.0 65.23095656
698.0 65.27934424
700.0 65.3125
702.0 65.33102576
704.0 65.33445336
706.0 65.32776536
708.0 65.31873656
710.0 65.3125
712.0 65.30875472
714.0 65.30828656
716.0 65.3101592
718.0 65.31203184
720.0 65.3125
722.0 65.3125
724.0 65.3125
726.0 65.3125
728.0 65.3125
730.0 65.3125
732.0 65.3125
734.0 65.3125
736.0 65.3125
738.0 65.3125
740.0 65.3125
742.0 65.3125
744.0 65.3125
746.0 65.3125
748.0 65.3125
750.0 65.3125
