380.0 21.8823
382.0 21.88684368
384.0 21.89218368
386.0 21.89759688
388.0 21.89533968
390.0 21.8823
392.0 21.8653792
394.0 21.84750968
396.0 21.83731056
398.0 21.84659024
400.0 21.8823
402.0 21.94590288
404.0 22.04302936
406.0 22.15829704
408.0 22.26629152
410.0 22.35255
412.0 22.4221052
414.0 22.47430504
416.0 22.52709008
418.0 22.60905152
420.0 22.7392
422.0 22.9137568
424.0 23.13043128
426.0 23.39484136
428.0 23.71325704
430.0 24.08725
432.0 24.51514824
434.0 24.99845656
436.0 25.51386728
438.0 26.0261848
440.0 26.51165
442.0 26.97058056
444.0 27.39938168
446.0 27.798672
448.0 28.17388552
450.0 28.5285
452.0 28.85895408
454.0 29.1627732
456.0 29.44468912
458.0 29.71222584
460.0 29.9706
462.0 30.22016272
464.0 30.46251912
466.0 30.69751872
468.0 30.92374032
470.0 31.141
472.0 31.35155496
474.0 31.55709392
476.0 31.76054288
478.0 31.96566384
480.0 32.17555
482.0 32.39036856
484.0 32.60916648
486.0 32.8379964
488.0 33.08555272
490.0 33.3564
492.0 33.64762896
494.0 33.9569824
496.0 34.27854144
498.0 34.60352808
500.0 34.9239
502.0 35.23741672
504.0 35.54332584
506.0 35.82490736
508.0 36.05892048
510.0 36.23015
512.0 36.33988336
514.0 36.38845496
516.0 36.37675096
518.0 36.30836616
520.0 36.18835
522.0 36.01894296
524.0 35.80108136
526.0 35.55546456
528.0 35.31177056
530.0 35.0911
532.0 34.89484064
534.0 34.72573456
536.0 34.59148968
538.0 34.4994628
540.0 34.45365
542.0 34.45451944
544.0 34.50262288
546.0 34.58876432
548.0 34.69831376
550.0 34.8194
552.0 34.95436384
554.0 35.10992672
556.0 35.2579656
558.0 35.35676408
560.0 35.3837
562.0 35.35031016
564.0 35.2630652
566.0 35.15065664
568.0 35.05689088
570.0 35.01795
572.0 35.03490408
574.0 35.10099824
576.0 35.2847176
578.0 35.68370696
580.0 36.35555
582.0 37.28921152
584.0 38.4881024
586.0 39.89223128
588.0 41.40328456
590.0 42.9495
592.0 44.53102808
594.0 46.14208368
596.0 47.73232288
598.0 49.23912928
600.0 50.6198
602.0 51.86447024
604.0 52.95749008
606.0 53.91574672
608.0 54.77594056
610.0 55.56265
612.0 56.26786616
614.0 56.88931512
616.0 57.43828288
618.0 57.92931584
620.0 58.3737
622.0 58.77568224
624.0 59.14029528
626.0 59.47255512
628.0 59.77655816
630.0 60.05615
632.0 60.31554408
634.0 60.55851912
636.0 60.78711496
638.0 61.0024184
640.0 61.20565
642.0 61.3993512
644.0 61.58608016
646.0 61.76520152
648.0 61.93470888
650.0 62.0939
652.0 62.24422952
654.0 62.38609872
656.0 62.52336992
658.0 62.66164432
660.0 62.8045
662.0 62.95176976
664.0 63.10405552
666.0 63.25951808
668.0 63.41472984
670.0 63.56735
672.0 63.7176628
674.0 63.86536728
676.0 64.00997856
678.0 64.15116224
680.0 64.2884
682.0 64.42083912
684.0 64.54769376
686.0 64.667944
688.0 64.78041944
690.0 64.88405
692.0 64.9787688
694.0 65.0652112
696.0 65.1402004
698.0 65.1990548
700.0 65.23935
702.0 65.26185512
704.0 65.2660184
706.0 65.25789248
708.0 65.24692416
710.0 65.23935
712.0 65.23480216
714.0 65.23423368
716.0 65.2365076
718.0 65.23878152
720.0 65.23935
722.0 65.23935
724.0 65.23935
726.0 65.23935
728.0 65.23935
730.0 65.23935
732.0 65.23935
734.0 65.23935
736.0 65.23935
738.0 65.23935
740.0 65.23935
742.0 65.23935
744.0 65.23935
746.0 65.23935
748.0 65.23935
750.0 65.23935
