380.0 13.0207
382.0 13.02419664
384.0 13.02825664
386.0 13.03228024
388.0 13.03052464
390.0 13.0207
392.0 13.00790864
394.0 12.99432984
396.0 12.98653024
398.0 12.99352784
400.0 13.0207
402.0 13.06913784
404.0 13.14295664
406.0 13.23123824
408.0 13.31584144
410.0 13.38645
412.0 13.44669216
414.0 13.49608304
416.0 13.54748032
418.0 13.621366
420.0 13.7313
422.0 13.87443992
424.0 14.04899672
426.0 14.25874912
428.0 14.50787712
430.0 14.7972
432.0 15.12539688
434.0 15.49352112
436.0 15.88413376
438.0 16.2709844
440.0 16.6364
442.0 16.98093232
444.0 17.30249136
446.0 17.6010604
448.0 17.87981624
450.0 18.1412
452.0 18.38277056
454.0 18.6019196
456.0 18.80660584
458.0 19.00920208
460.0 19.21755
462.0 19.431148
464.0 19.65188544
466.0 19.87471288
468.0 20.09051792
470.0 20.2939
472.0 20.48805264
474.0 20.67543368
476.0 20.85646112
478.0 21.03172016
480.0 21.20305
482.0 21.37152072
484.0 21.53612912
486.0 21.70984992
488.0 21.91182752
490.0 22.154
492.0 22.43329088
494.0 22.74766032
496.0 23.09480096
498.0 23.4701148
500.0 23.8678
502.0 24.28524824
504.0 24.72174056
506.0 25.15597568
508.0 25.5575232
510.0 25.90555
512.0 26.20047408
514.0 26.44149288
516.0 26.62407528
518.0 26.74496088
520.0 26.80425
522.0 26.8030796
524.0 26.74111528
526.0 26.63801976
528.0 26.52313664
530.0 26.4176
532.0 26.32214552
534.0 26.23857896
536.0 26.178504
538.0 26.15538024
540.0 26.17725
542.0 26.24424704
544.0 26.3573244
546.0 26.50701856
548.0 26.67761272
550.0 26.8565
552.0 27.0466064
554.0 27.25515496
556.0 27.45283552
558.0 27.59609248
560.0 27.66115
562.0 27.65936096
564.0 27.59637672
566.0 27.50254408
568.0 27.42451184
570.0 27.3999
572.0 27.42936064
574.0 27.50697488
576.0 27.69669672
578.0 28.08906496
580.0 28.7375
582.0 29.63263864
584.0 30.77877792
586.0 32.1185348
588.0 33.55777568
590.0 35.0284
592.0 36.53124376
594.0 38.0607392
596.0 39.57351464
598.0 41.01665128
600.0 42.35385
602.0 43.57531288
604.0 44.66634304
606.0 45.642256
608.0 46.53615736
610.0 47.36985
612.0 48.13589352
614.0 48.8325156
616.0 49.46652128
618.0 50.04601976
620.0 50.578
622.0 51.06632432
624.0 51.51463768
626.0 51.92967824
628.0 52.3191372
630.0 52.6889
632.0 53.0418592
634.0 53.38122504
636.0 53.70771648
638.0 54.02041392
640.0 54.3191
642.0 54.60641648
644.0 54.88505528
646.0 55.15324408
648.0 55.40747168
650.0 55.64625
652.0 55.8710504
654.0 56.08178928
656.0 56.28475336
658.0 56.48938944
660.0 56.7017
662.0 56.92109984
664.0 57.14834136
666.0 57.38059888
668.0 57.6126056
670.0 57.84075
672.0 58.06570088
674.0 58.28749168
676.0 58.50451728
678.0 58.71485488
680.0 58.9171
682.0 59.11001536
684.0 59.29152768
686.0 59.463844
688.0 59.63106072
690.0 59.7949
692.0 59.954576
694.0 60.1119112
696.0 60.25679
698.0 60.3735792
700.0 60.45325
702.0 60.49784224
704.0 60.505918
706.0 60.48941536
708.0 60.46764592
710.0 60.45325
712.0 60.44482312
714.0 60.44376976
716.0 60.4479832
718.0 60.45219664
720.0 60.45325
722.0 60.45325
724.0 60.45325
726.0 60.45325
728.0 60.45325
730.0 60.45325
732.0 60.45325
734.0 60.45325
736.0 60.45325
738.0 60.45325
740.0 60.45325
742.0 60.45325
744.0 60.45325
746.0 60.45325
748.0 60.45325
750.0 60.45325
