380.0 21.9241
382.0 21.9287912
384.0 21.93436624
386.0 21.94013248
388.0 21.93782512
390.0 21.9241
392.0 21.90640032
394.0 21.88796528
396.0 21.87760384
398.0 21.8873064
400.0 21.9241
402.0 21.98982632
404.0 22.09091544
406.0 22.21039656
408.0 22.32026368
410.0 22.4048
412.0 22.46974048
414.0 22.51428256
416.0 22.56007864
418.0 22.64140472
420.0 22.781
422.0 22.9744504
424.0 23.21918104
426.0 23.52117768
428.0 23.88679392
430.0 24.31715
432.0 24.8103064
434.0 25.36798528
436.0 25.96236456
438.0 26.55156064
440.0 27.1073
442.0 27.62998392
444.0 28.11548256
446.0 28.5643644
448.0 28.98281584
450.0 29.37495
452.0 29.73657016
454.0 30.0643992
456.0 30.36581064
458.0 30.65242488
460.0 30.932
462.0 31.20466976
464.0 31.47267464
466.0 31.73374072
468.0 31.9827684
470.0 32.21735
472.0 32.44037808
474.0 32.65342432
476.0 32.86095296
478.0 33.0693176
480.0 33.28325
482.0 33.50254952
484.0 33.72629656
486.0 33.9600756
488.0 34.21166144
490.0 34.485
492.0 34.7774328
494.0 35.08692
496.0 35.4070244
498.0 35.7282156
500.0 36.04205
502.0 36.34640416
504.0 36.6404588
506.0 36.90834664
508.0 37.12816448
510.0 37.2856
512.0 37.38200752
514.0 37.41805584
516.0 37.39433016
518.0 37.31375648
520.0 37.1811
522.0 36.99923656
524.0 36.76975456
526.0 36.51352056
528.0 36.26029616
530.0 36.0316
532.0 35.82880312
534.0 35.65369456
536.0 35.5182124
538.0 35.43615064
540.0 35.41505
542.0 35.45390728
544.0 35.5529064
546.0 35.69796912
548.0 35.86685784
550.0 36.04205
552.0 36.22642144
554.0 36.42779712
556.0 36.6111988
558.0 36.72529608
560.0 36.7422
562.0 36.67471808
564.0 36.528602
566.0 36.34227432
568.0 36.17492384
570.0 36.0734
572.0 36.03790344
574.0 36.06171272
576.0 36.2178608
578.0 36.60917568
580.0 37.29605
582.0 38.26733152
584.0 39.5269996
586.0 41.00879288
588.0 42.60444936
590.0 44.23485
592.0 45.9000784
594.0 47.59404848
596.0 49.26026336
598.0 50.82816464
600.0 52.25
602.0 53.51548664
604.0 54.60757016
606.0 55.54716728
608.0 56.378168
610.0 57.13015
612.0 57.79461952
614.0 58.36975408
616.0 58.86872904
618.0 59.3080972
620.0 59.70085
622.0 60.05210376
624.0 60.36742624
626.0 60.65373952
628.0 60.9174808
630.0 61.16385
632.0 61.3971776
634.0 61.62182752
636.0 61.83728144
638.0 62.04044616
640.0 62.22975
642.0 62.40801864
644.0 62.57755944
646.0 62.73765344
648.0 62.88662864
650.0 63.02395
652.0 63.15062072
654.0 63.26667424
656.0 63.37629056
658.0 63.48565608
660.0 63.5987
662.0 63.71525512
664.0 63.83617416
666.0 63.959016
668.0 64.07934984
670.0 64.19435
672.0 64.30458496
674.0 64.4097036
676.0 64.51064224
678.0 64.60924008
680.0 64.7064
682.0 64.8013696
684.0 64.89394824
686.0 64.98217968
688.0 65.06313792
690.0 65.13485
692.0 65.1976336
694.0 65.25178968
696.0 65.29649896
698.0 65.33075824
700.0 65.3543
702.0 65.3674252
704.0 65.36989976
706.0 65.36526832
708.0 65.35888128
710.0 65.3543
712.0 65.35149104
714.0 65.35113992
716.0 65.3525444
718.0 65.35394888
720.0 65.3543
722.0 65.3543
724.0 65.3543
726.0 65.3543
728.0 65.3543
730.0 65.3543
732.0 65.3543
734.0 65.3543
736.0 65.3543
738.0 65.3543
740.0 65.3543
742.0 65.3543
744.0 65.3543
746.0 65.3543
748.0 65.3543
750.0 65.3543
