380.0 19.3534
382.0 19.35430976
384.0 19.35564784
386.0 19.35750472
388.0 19.3571536
390.0 19.3534
392.0 19.3490312
394.0 19.34559672
396.0 19.34437024
398.0 19.34673856
400.0 19.3534
402.0 19.3661908
404.0 19.38904704
406.0 19.41416048
408.0 19.42874032
410.0 19.42655
412.0 19.41168592
414.0 19.38473328
416.0 19.36162624
418.0 19.3665252
420.0 19.4161
422.0 19.5081436
424.0 19.64043224
426.0 19.82246288
428.0 20.06644112
430.0 20.3775
432.0 20.75351608
434.0 21.19684688
436.0 21.68022208
438.0 22.16184168
440.0 22.6138
442.0 23.03733432
444.0 23.42871608
446.0 23.79008544
448.0 24.1297188
450.0 24.453
452.0 24.75593296
454.0 25.03597624
456.0 25.29846352
458.0 25.5515876
460.0 25.80105
462.0 26.04788736
464.0 26.29489192
466.0 26.54039168
468.0 26.78029024
470.0 27.01325
472.0 27.24244776
474.0 27.46935488
476.0 27.7018632
478.0 27.95125872
480.0 28.22545
482.0 28.52411936
484.0 28.8468488
486.0 29.19783504
488.0 29.58217768
490.0 30.00195
492.0 30.4548948
494.0 30.93913944
496.0 31.44687568
498.0 31.96673392
500.0 32.48905
502.0 33.01111528
504.0 33.53085648
506.0 34.03429568
508.0 34.50287368
510.0 34.9239
512.0 35.29665568
514.0 35.61985328
516.0 35.89264008
518.0 36.11618648
520.0 36.29285
522.0 36.42314896
524.0 36.50676568
526.0 36.5576948
528.0 36.59650192
530.0 36.6377
532.0 36.68222536
534.0 36.732586
536.0 36.79256064
538.0 36.86482448
540.0 36.9512
542.0 37.0537772
544.0 37.17461264
546.0 37.30991088
548.0 37.45298392
550.0 37.5991
552.0 37.75131888
554.0 37.91467328
556.0 38.07861288
558.0 38.22675208
560.0 38.3515
562.0 38.45919352
564.0 38.55254128
566.0 38.65249344
568.0 38.7902328
570.0 38.98895
572.0 39.24740776
574.0 39.56181064
576.0 39.95881032
578.0 40.475358
580.0 41.1312
582.0 41.92040072
584.0 42.84434792
586.0 43.86359912
588.0 44.91645752
590.0 45.9591
592.0 46.99062368
594.0 48.00489232
596.0 48.98471776
598.0 49.9127948
600.0 50.77655
602.0 51.56929536
604.0 52.28440976
606.0 52.92587256
608.0 53.50396656
610.0 54.0265
612.0 54.49171728
614.0 54.89883256
616.0 55.25896464
618.0 55.58791392
620.0 55.89705
622.0 56.18802816
624.0 56.46372424
626.0 56.72713112
628.0 56.980088
630.0 57.2242
632.0 57.46197512
634.0 57.69572072
636.0 57.92403232
638.0 58.14373312
640.0 58.3528
642.0 58.55292168
644.0 58.74598752
646.0 58.92927216
648.0 59.0984284
650.0 59.2515
652.0 59.38962392
654.0 59.51221496
656.0 59.6271984
658.0 59.74669624
660.0 59.8785
662.0 60.02142256
664.0 60.1755308
666.0 60.33933664
668.0 60.50949608
670.0 60.68315
672.0 60.86106752
674.0 61.04483704
676.0 61.22643296
678.0 61.39390048
680.0 61.54005
682.0 61.66481464
684.0 61.76481696
686.0 61.85052368
688.0 61.9394072
690.0 62.04165
692.0 62.15494472
694.0 62.28164888
696.0 62.40852024
698.0 62.51399
700.0 62.58505
702.0 62.62470984
704.0 62.63173224
706.0 62.61668424
708.0 62.59728904
710.0 62.58505
712.0 62.57809448
714.0 62.57722504
716.0 62.5807028
718.0 62.58418056
720.0 62.58505
722.0 62.58505
724.0 62.58505
726.0 62.58505
728.0 62.58505
730.0 62.58505
732.0 62.58505
734.0 62.58505
736.0 62.58505
738.0 62.58505
740.0 62.58505
742.0 62.58505
744.0 62.58505
746.0 62.58505
748.0 62.58505
750.0 62.58505
