380.0 18.59055
382.0 18.59568312
384.0 18.60169416
386.0 18.6077472
388.0 18.60518904
390.0 18.59055
392.0 18.57147184
394.0 18.5511068
396.0 18.53935296
398.0 18.54983672
400.0 18.59055
402.0 18.66281384
404.0 18.77251376
406.0 18.90261208
408.0 19.0250192
410.0 19.1235
412.0 19.20378944
414.0 19.26610488
416.0 19.32691552
418.0 19.41263896
420.0 19.5415
422.0 19.7106228
424.0 19.91780032
426.0 20.17363304
428.0 20.49183136
430.0 20.8791
432.0 21.33319848
434.0 21.85507984
436.0 22.4241116
438.0 23.00844216
440.0 23.58565
442.0 24.15541744
444.0 24.7147516
446.0 25.25627896
448.0 25.77322792
450.0 26.26085
452.0 26.71568416
454.0 27.13385136
456.0 27.52058496
458.0 27.88574976
460.0 28.2359
462.0 28.56999904
464.0 28.88894976
466.0 29.19268528
468.0 29.4800352
470.0 29.75115
472.0 30.0081364
474.0 30.25214808
476.0 30.48830136
478.0 30.72370224
480.0 30.96335
482.0 31.20717776
484.0 31.45496816
486.0 31.70936296
488.0 31.97353896
490.0 32.2487
492.0 32.5331072
494.0 32.82508856
496.0 33.11982872
498.0 33.41047248
500.0 33.6908
502.0 33.95900552
504.0 34.21448712
506.0 34.44480512
508.0 34.63273792
510.0 34.76715
512.0 34.84954616
514.0 34.88102992
516.0 34.86210288
518.0 34.79493864
520.0 34.68355
522.0 34.53082952
524.0 34.33834888
526.0 34.12471744
528.0 33.9164364
530.0 33.7326
532.0 33.574178
534.0 33.44237424
536.0 33.34785608
538.0 33.30307992
540.0 33.3146
542.0 33.381898
544.0 33.50661248
546.0 33.67187296
548.0 33.85109464
550.0 34.0252
552.0 34.19863656
554.0 34.37871096
556.0 34.54148016
558.0 34.65225016
560.0 34.694
562.0 34.67649416
564.0 34.60217376
566.0 34.51380856
568.0 34.47635576
570.0 34.53725
572.0 34.69396656
574.0 34.94167336
576.0 35.32489576
578.0 35.90374216
580.0 36.71085
582.0 37.73809336
584.0 38.98824776
586.0 40.39975016
588.0 41.87570816
590.0 43.3466
592.0 44.81092088
594.0 46.25994296
596.0 47.65955744
598.0 48.97189352
600.0 50.17045
602.0 51.24539552
604.0 52.18541064
606.0 53.00036016
608.0 53.71298328
610.0 54.34
612.0 54.87769848
614.0 55.32460736
616.0 55.69995464
618.0 56.03065952
620.0 56.33595
622.0 56.61891928
624.0 56.88498464
626.0 57.1371724
628.0 57.37539896
630.0 57.6004
632.0 57.81680696
634.0 58.028432
636.0 58.23395424
638.0 58.42986248
640.0 58.61405
642.0 58.7886904
644.0 58.95592384
646.0 59.11354328
648.0 59.25787032
650.0 59.38735
652.0 59.50311928
654.0 59.60469328
656.0 59.69949568
658.0 59.79881248
660.0 59.90985
662.0 60.03158832
664.0 60.16431168
666.0 60.30589664
668.0 60.4520796
670.0 60.59955
672.0 60.74907696
674.0 60.90179744
676.0 61.05159192
678.0 61.1895152
680.0 61.31015
682.0 61.41334584
684.0 61.49659472
686.0 61.5674708
688.0 61.63868128
690.0 61.7177
692.0 61.8028884
694.0 61.8959352
696.0 61.9878116
698.0 62.0637204
700.0 62.1148
702.0 62.14325744
704.0 62.1483236
706.0 62.13758936
708.0 62.12367832
710.0 62.1148
712.0 62.10971712
714.0 62.10908176
716.0 62.1116232
718.0 62.11416464
720.0 62.1148
722.0 62.1148
724.0 62.1148
726.0 62.1148
728.0 62.1148
730.0 62.1148
732.0 62.1148
734.0 62.1148
736.0 62.1148
738.0 62.1148
740.0 62.1148
742.0 62.1148
744.0 62.1148
746.0 62.1148
748.0 62.1148
750.0 62.1148
