380.0 19.69825
382.0 19.70302728
384.0 19.70868376
386.0 19.71449584
388.0 19.71213832
390.0 19.69825
392.0 19.68026296
394.0 19.66132384
396.0 19.65055432
398.0 19.660434
400.0 19.69825
402.0 19.76556472
404.0 19.86847632
406.0 19.99003072
408.0 20.10230552
410.0 20.1894
412.0 20.25748384
414.0 20.30720912
416.0 20.356182
418.0 20.43232488
420.0 20.55515
422.0 20.72181496
424.0 20.9295944
426.0 21.19213184
428.0 21.52756848
430.0 21.945
432.0 22.44145024
434.0 23.01812304
436.0 23.64980464
438.0 24.29745384
440.0 24.9337
442.0 25.55855984
444.0 26.16883984
446.0 26.75562824
448.0 27.31064864
450.0 27.82835
452.0 28.3047864
454.0 28.73510904
456.0 29.12781168
458.0 29.49802592
460.0 29.85565
462.0 30.19948008
464.0 30.53145568
466.0 30.84913568
468.0 31.14708608
470.0 31.42315
472.0 31.6808052
474.0 31.92164008
476.0 32.15378056
478.0 32.38893064
480.0 32.63535
482.0 32.89307208
484.0 33.16233096
486.0 33.44697224
488.0 33.75134312
490.0 34.07745
492.0 34.42365432
494.0 34.78808344
496.0 35.16622296
498.0 35.55155208
500.0 35.93755
502.0 36.32164184
504.0 36.70279096
506.0 37.06504648
508.0 37.3861708
510.0 37.65135
512.0 37.86147024
514.0 38.01666528
516.0 38.11601552
518.0 38.16044056
520.0 38.15295
522.0 38.09548336
524.0 37.98860912
526.0 37.85138808
528.0 37.71149184
530.0 37.58865
532.0 37.48379888
534.0 37.39894488
536.0 37.34268208
538.0 37.32412288
540.0 37.3483
542.0 37.4160996
544.0 37.52977888
546.0 37.67681456
548.0 37.83705904
550.0 37.9962
552.0 38.15814992
554.0 38.32889456
556.0 38.4906104
558.0 38.61729784
560.0 38.69635
562.0 38.7354748
564.0 38.7368124
566.0 38.7330504
568.0 38.77368
570.0 38.8949
572.0 39.09450336
574.0 39.3679924
576.0 39.75091384
578.0 40.29167208
580.0 41.01625
582.0 41.91750816
584.0 42.99751984
586.0 44.20477072
588.0 45.4585032
590.0 46.70105
592.0 47.93132432
594.0 49.14201952
596.0 50.30706912
598.0 51.39838352
600.0 52.3963
602.0 53.29272608
604.0 54.07859952
606.0 54.76264816
608.0 55.3641
610.0 55.89705
612.0 56.35872264
614.0 56.74823176
616.0 57.08072568
618.0 57.377188
620.0 57.65265
622.0 57.90977016
624.0 58.15297928
626.0 58.384568
628.0 58.60428552
630.0 58.8126
632.0 59.01308952
634.0 59.2085296
636.0 59.39828488
638.0 59.58026536
640.0 59.7531
642.0 59.91857784
644.0 60.07903968
646.0 60.23055632
648.0 60.36677416
650.0 60.4846
652.0 60.58532128
654.0 60.66778432
656.0 60.74213816
658.0 60.8240996
660.0 60.9235
662.0 61.0387008
664.0 61.17033736
666.0 61.31359432
668.0 61.45977728
670.0 61.60275
672.0 61.7439504
674.0 61.88466592
676.0 62.01911144
678.0 62.13917776
680.0 62.2402
682.0 62.32186048
684.0 62.38126664
686.0 62.4283
688.0 62.47909536
690.0 62.54325
692.0 62.61894144
694.0 62.7082764
696.0 62.80053736
698.0 62.87800112
700.0 62.9299
702.0 62.95880888
704.0 62.96389176
706.0 62.95283984
708.0 62.93869472
710.0 62.9299
712.0 62.92495088
714.0 62.92433224
716.0 62.9268068
718.0 62.92928136
720.0 62.9299
722.0 62.9299
724.0 62.9299
726.0 62.9299
728.0 62.9299
730.0 62.9299
732.0 62.9299
734.0 62.9299
736.0 62.9299
738.0 62.9299
740.0 62.9299
742.0 62.9299
744.0 62.9299
746.0 62.9299
748.0 62.9299
750.0 62.9299
