380.0 15.91535
382.0 15.92551032
384.0 15.93713384
386.0 15.94832576
388.0 15.94315928
390.0 15.91535
392.0 15.87839216
394.0 15.83714936
396.0 15.81226496
398.0 15.83269176
400.0 15.91535
402.0 16.06029568
404.0 16.27513096
406.0 16.53076304
408.0 16.77945632
410.0 16.9917
412.0 17.17381424
414.0 17.32370904
416.0 17.45797064
418.0 17.60569184
420.0 17.7859
422.0 17.99309424
424.0 18.22433184
426.0 18.48474584
428.0 18.78027184
430.0 19.11305
432.0 19.4823948
434.0 19.89031264
436.0 20.31913048
438.0 20.74176192
440.0 21.14035
442.0 21.51583104
444.0 21.86556328
446.0 22.19305792
448.0 22.50684216
450.0 22.81235
452.0 23.10672232
454.0 23.38853792
456.0 23.65981992
458.0 23.92341072
460.0 24.1813
462.0 24.43407296
464.0 24.68291672
466.0 24.92691168
468.0 25.16405144
470.0 25.3935
472.0 25.6165448
474.0 25.83388808
476.0 26.04805456
478.0 26.26263904
480.0 26.4803
482.0 26.70078664
484.0 26.92334656
486.0 27.15134048
488.0 27.3895336
490.0 27.64025
492.0 27.90121576
494.0 28.17017368
496.0 28.4439804
498.0 28.71828872
500.0 28.9883
502.0 29.25175704
504.0 29.5080412
506.0 29.74292376
508.0 29.93634072
510.0 30.0751
512.0 30.16099064
514.0 30.19553416
516.0 30.17707528
518.0 30.104778
520.0 29.98105
522.0 29.80901792
524.0 29.58961808
526.0 29.34547264
528.0 29.1094364
530.0 28.9047
532.0 28.73138048
534.0 28.59039744
536.0 28.4923012
538.0 28.44887936
540.0 28.4658
542.0 28.54227728
544.0 28.6798996
546.0 28.85815152
548.0 29.04518144
550.0 29.2182
552.0 29.3813872
554.0 29.54141432
556.0 29.67343544
558.0 29.74217136
560.0 29.73025
562.0 29.64743584
564.0 29.49662144
566.0 29.32047624
568.0 29.18379024
570.0 29.1346
572.0 29.17216984
574.0 29.29364064
576.0 29.54619624
578.0 29.99320544
580.0 30.67075
582.0 31.57209176
584.0 32.69983904
586.0 34.00264472
588.0 35.3981628
590.0 36.8258
592.0 38.28316536
594.0 39.76276832
596.0 41.22322688
598.0 42.61421384
600.0 43.90045
602.0 45.07278952
604.0 46.11942808
606.0 47.04576624
608.0 47.8692764
610.0 48.60295
612.0 49.24168744
614.0 49.78216144
616.0 50.24488744
618.0 50.65987784
620.0 51.04825
622.0 51.4119936
624.0 51.75604104
626.0 52.08345208
628.0 52.39414312
630.0 52.6889
632.0 52.97220368
634.0 53.24741488
636.0 53.51426608
638.0 53.77091808
640.0 54.01605
642.0 54.2516348
644.0 54.48043128
646.0 54.69685496
648.0 54.89196064
650.0 55.06105
652.0 55.2058452
654.0 55.32535976
656.0 55.43024432
658.0 55.53713528
660.0 55.6567
662.0 55.7874504
664.0 55.93008872
666.0 56.08158864
668.0 56.23576376
670.0 56.3882
672.0 56.54030184
674.0 56.69337344
676.0 56.84209784
678.0 56.97878384
680.0 57.0988
682.0 57.2019624
684.0 57.28601384
686.0 57.35785968
688.0 57.42903672
690.0 57.50635
692.0 57.58839504
694.0 57.67679368
696.0 57.76335312
698.0 57.83461376
700.0 57.88255
702.0 57.90923512
704.0 57.91400032
706.0 57.90396832
708.0 57.89092672
710.0 57.88255
712.0 57.87773464
714.0 57.87713272
716.0 57.8795404
718.0 57.88194808
720.0 57.88255
722.0 57.88255
724.0 57.88255
726.0 57.88255
728.0 57.88255
730.0 57.88255
732.0 57.88255
734.0 57.88255
736.0 57.88255
738.0 57.88255
740.0 57.88255
742.0 57.88255
744.0 57.88255
746.0 57.88255
748.0 57.88255
750.0 57.88255
