380.0 17.4097
382.0 17.41482288
384.0 17.4205408
386.0 17.42577352
388.0 17.42311504
390.0 17.4097
392.0 17.39185744
394.0 17.37207112
396.0 17.360176
398.0 17.36993328
400.0 17.4097
402.0 17.48004104
404.0 17.5849256
406.0 17.71246576
408.0 17.84268112
410.0 17.96355
412.0 18.07870064
414.0 18.18814976
416.0 18.29993968
418.0 18.42753
420.0 18.5801
422.0 18.75539248
424.0 18.95135088
426.0 19.17414488
428.0 19.43221808
430.0 19.7296
432.0 20.06410032
434.0 20.43533448
436.0 20.83148144
438.0 21.2345672
440.0 21.6315
442.0 22.02184512
444.0 22.40458264
446.0 22.77118536
448.0 23.11128688
450.0 23.41845
452.0 23.69160464
454.0 23.92812576
456.0 24.13597208
458.0 24.3287704
460.0 24.5157
462.0 24.69605864
464.0 24.87140128
466.0 25.04172792
468.0 25.20536656
470.0 25.36215
472.0 25.51468656
474.0 25.66454792
476.0 25.81608128
478.0 25.97513864
480.0 26.1459
482.0 26.3288168
484.0 26.52442408
486.0 26.73424336
488.0 26.95969584
490.0 27.20135
492.0 27.45842
494.0 27.72966856
496.0 28.01370792
498.0 28.30869888
500.0 28.6121
502.0 28.9219216
504.0 29.23702672
506.0 29.54870424
508.0 29.84483216
510.0 30.1169
512.0 30.36489104
514.0 30.58885544
516.0 30.78489744
518.0 30.94858624
520.0 31.0783
522.0 31.17512552
524.0 31.23884544
526.0 31.28057856
528.0 31.31712848
530.0 31.36045
532.0 31.41087752
534.0 31.46976536
536.0 31.5421964
538.0 31.63352104
540.0 31.7471
542.0 31.88371912
544.0 32.044298
546.0 32.22527528
548.0 32.42046456
550.0 32.6249
552.0 32.84048768
554.0 33.07139088
556.0 33.30396608
558.0 33.51756408
560.0 33.70125
562.0 33.861344
564.0 34.00135728
566.0 34.13693976
568.0 34.29175024
570.0 34.485
572.0 34.71677264
574.0 34.98297176
576.0 35.31855888
578.0 35.7734432
580.0 36.37645
582.0 37.12089128
584.0 38.00780368
586.0 39.00281088
588.0 40.05048608
590.0 41.1103
592.0 42.1817176
594.0 43.26106048
596.0 44.32033936
598.0 45.32502744
600.0 46.2517
602.0 47.09482272
604.0 47.84558416
606.0 48.5146684
608.0 49.12439664
610.0 49.68975
612.0 50.20644816
614.0 50.673722
616.0 51.09752384
618.0 51.48512688
620.0 51.84245
622.0 52.17223528
624.0 52.47725824
626.0 52.761632
628.0 53.02962016
630.0 53.28455
632.0 53.52879576
634.0 53.7650828
636.0 53.99267544
638.0 54.20906568
640.0 54.41315
642.0 54.60700168
644.0 54.79205864
646.0 54.969926
648.0 55.14261016
650.0 55.31185
652.0 55.47834776
654.0 55.6425716
656.0 55.80696264
658.0 55.97469768
660.0 56.14785
662.0 56.32615208
664.0 56.50920264
666.0 56.6972692
668.0 56.89051896
670.0 57.08835
672.0 57.29061184
674.0 57.498408
676.0 57.70436496
678.0 57.89736392
680.0 58.07065
682.0 58.224056
684.0 58.35427136
686.0 58.47069272
688.0 58.58912048
690.0 58.71855
692.0 58.85679096
694.0 59.00631792
696.0 59.15300248
698.0 59.27410544
700.0 59.356
702.0 59.40176264
704.0 59.40990528
706.0 59.39263352
708.0 59.37026216
710.0 59.356
712.0 59.34784064
714.0 59.34682072
716.0 59.3509004
718.0 59.35498008
720.0 59.356
722.0 59.356
724.0 59.356
726.0 59.356
728.0 59.356
730.0 59.356
732.0 59.356
734.0 59.356
736.0 59.356
738.0 59.356
740.0 59.356
742.0 59.356
744.0 59.356
746.0 59.356
748.0 59.356
750.0 59.356
