380.0 12.98935
382.0 12.99256088
384.0 12.99604024
386.0 12.9990196
388.0 12.99731416
390.0 12.98935
392.0 12.97872768
394.0 12.9669896
396.0 12.95993632
398.0 12.96567384
400.0 12.98935
402.0 13.03161816
404.0 13.09495352
406.0 13.17392208
408.0 13.25899344
410.0 13.34465
412.0 13.4330988
414.0 13.52454048
416.0 13.62409136
418.0 13.73994424
420.0 13.8776
422.0 14.03542008
424.0 14.21154856
426.0 14.40983104
428.0 14.63570152
430.0 14.89125
432.0 15.1743196
434.0 15.48442544
436.0 15.81041528
438.0 16.13565272
440.0 16.4483
442.0 16.7480896
444.0 17.03398488
446.0 17.30056856
448.0 17.54190504
450.0 17.75455
452.0 17.9377176
454.0 18.08966896
456.0 18.21754352
458.0 18.33304528
460.0 18.44425
462.0 18.5510072
464.0 18.65477152
466.0 18.75669664
468.0 18.85694976
470.0 18.9563
472.0 19.05698784
474.0 19.16081904
476.0 19.26966624
478.0 19.38553584
480.0 19.51015
482.0 19.64422768
484.0 19.78798624
486.0 19.9439504
488.0 20.11546416
490.0 20.30435
492.0 20.50963816
494.0 20.7303756
496.0 20.96482344
498.0 21.21039008
500.0 21.4643
502.0 21.72508184
504.0 21.99176584
506.0 22.25736304
508.0 22.51225944
510.0 22.74965
512.0 22.96941768
514.0 23.17161264
516.0 23.3527404
518.0 23.50870456
520.0 23.6379
522.0 23.74129648
524.0 23.8187268
526.0 23.87952072
528.0 23.93780664
530.0 24.00365
532.0 24.07723472
534.0 24.15949712
536.0 24.25513552
538.0 24.36933312
540.0 24.50525
542.0 24.66330416
544.0 24.84418112
546.0 25.04411888
548.0 25.25676384
550.0 25.4771
552.0 25.7069164
554.0 25.95009208
556.0 26.19393656
558.0 26.41930544
560.0 26.61615
562.0 26.79105792
564.0 26.94859376
566.0 27.1020332
568.0 27.27110584
570.0 27.47305
572.0 27.70945408
574.0 27.9769908
576.0 28.31416632
578.0 28.77615664
580.0 29.39585
582.0 30.16620728
584.0 31.08701112
586.0 32.13045616
588.0 33.2505624
590.0 34.41185
592.0 35.6122624
594.0 36.84875656
596.0 38.08299352
598.0 39.26422808
600.0 40.3579
602.0 41.35887624
604.0 42.25714152
606.0 43.0612732
608.0 43.79242208
610.0 44.46475
612.0 45.07258888
614.0 45.6139156
616.0 46.09697312
618.0 46.53304744
620.0 46.93095
622.0 47.29330584
624.0 47.62317472
626.0 47.9264588
628.0 48.20959528
630.0 48.47755
632.0 48.73329912
634.0 48.9802368
636.0 49.21806208
638.0 49.44443416
640.0 49.6584
642.0 49.8625512
644.0 50.05891088
646.0 50.24833176
648.0 50.43148264
650.0 50.60935
652.0 50.78300392
654.0 50.95299616
656.0 51.1225704
658.0 51.29615744
660.0 51.4767
662.0 51.66386368
664.0 51.8572472
666.0 52.05748592
668.0 52.26516504
670.0 52.4799
672.0 52.70157376
674.0 52.93144032
676.0 53.16139048
678.0 53.37913504
680.0 53.57715
682.0 53.75510096
684.0 53.90910888
686.0 54.0494064
688.0 54.19329872
690.0 54.35045
692.0 54.51828536
694.0 54.6996472
696.0 54.87741424
698.0 55.02424928
700.0 55.12375
702.0 55.1794276
704.0 55.18932584
706.0 55.16829208
708.0 55.14107192
710.0 55.12375
712.0 55.11385176
714.0 55.11261448
716.0 55.1175636
718.0 55.12251272
720.0 55.12375
722.0 55.12375
724.0 55.12375
726.0 55.12375
728.0 55.12375
730.0 55.12375
732.0 55.12375
734.0 55.12375
736.0 55.12375
738.0 55.12375
740.0 55.12375
742.0 55.12375
744.0 55.12375
746.0 55.12375
748.0 55.12375
750.0 55.12375
