380.0 9.45725
382.0 9.46684136
384.0 9.47757752
386.0 9.48746288
388.0 9.48249704
390.0 9.45725
392.0 9.42333904
394.0 9.38473848
396.0 9.36098912
398.0 9.37970856
400.0 9.45725
402.0 9.59288264
404.0 9.79200112
406.0 10.0314148
408.0 10.27283488
410.0 10.4918
412.0 10.6930252
414.0 10.8756912
416.0 11.0454828
418.0 11.2143548
420.0 11.3905
422.0 11.57079176
424.0 11.7528224
426.0 11.94413264
428.0 12.15559048
430.0 12.3937
432.0 12.6573744
434.0 12.94716544
436.0 13.25693688
438.0 13.57648952
440.0 13.8985
442.0 14.22313552
444.0 14.54972728
446.0 14.87406184
448.0 15.1911232
450.0 15.49735
452.0 15.79172232
454.0 16.07305304
456.0 16.34159296
458.0 16.59867968
460.0 16.8454
462.0 17.08133592
464.0 17.30616976
466.0 17.5223928
468.0 17.73368344
470.0 17.94265
472.0 18.14962688
474.0 18.3553832
476.0 18.56021992
478.0 18.76396984
480.0 18.96675
482.0 19.16907872
484.0 19.37097272
486.0 19.57395352
488.0 19.78019472
490.0 19.99085
492.0 20.204866
494.0 20.42098872
496.0 20.63886704
498.0 20.85816656
500.0 21.07765
502.0 21.29602992
504.0 21.51307224
506.0 21.72116936
508.0 21.90936968
510.0 22.0704
512.0 22.20502944
514.0 22.31364256
516.0 22.39533648
518.0 22.4497768
520.0 22.47795
522.0 22.48131072
524.0 22.46087888
526.0 22.42506464
528.0 22.3859064
530.0 22.35255
532.0 22.32616584
534.0 22.30777384
536.0 22.30526584
538.0 22.32859024
540.0 22.3839
542.0 22.47074368
544.0 22.58908784
546.0 22.7351036
548.0 22.90210296
550.0 23.08405
552.0 23.282182
554.0 23.500796
556.0 23.7201624
558.0 23.9107704
560.0 24.0559
562.0 24.16259032
564.0 24.2345532
566.0 24.28762248
568.0 24.34654376
570.0 24.4321
572.0 24.5444584
574.0 24.67861968
576.0 24.87798896
578.0 25.20501544
580.0 25.69655
582.0 26.3454532
584.0 27.15416616
586.0 28.08434992
588.0 29.07313728
590.0 30.0751
592.0 31.09130816
594.0 32.11896952
596.0 33.12815528
598.0 34.08183064
600.0 34.95525
602.0 35.74287904
604.0 36.43512048
606.0 37.04660432
608.0 37.60592176
610.0 38.13205
612.0 38.62025728
614.0 39.07039312
616.0 39.48658736
618.0 39.8726856
620.0 40.2325
622.0 40.56967552
624.0 40.88738896
626.0 41.1900544
628.0 41.48252064
630.0 41.76865
632.0 42.0500476
634.0 42.3277668
636.0 42.6048172
638.0 42.8846264
640.0 43.16895
642.0 43.45849024
644.0 43.755404
646.0 44.05206696
648.0 44.33627352
650.0 44.6006
652.0 44.84660136
654.0 45.07357536
656.0 45.28708976
658.0 45.49659136
660.0 45.7083
662.0 45.92141312
664.0 46.13663296
666.0 46.3533576
668.0 46.56966424
670.0 46.78465
672.0 46.99878304
674.0 47.2110936
676.0 47.42549416
678.0 47.64808752
680.0 47.8819
682.0 48.12474128
684.0 48.37552456
686.0 48.62814704
688.0 48.87349632
690.0 49.10455
692.0 49.321492
694.0 49.52559304
696.0 49.70687128
698.0 49.85128192
700.0 49.951
702.0 50.00712904
704.0 50.01736168
706.0 49.99674592
708.0 49.96935856
710.0 49.951
712.0 49.94016544
714.0 49.93881112
716.0 49.9442284
718.0 49.94964568
720.0 49.951
722.0 49.951
724.0 49.951
726.0 49.951
728.0 49.951
730.0 49.951
732.0 49.951
734.0 49.951
736.0 49.951
738.0 49.951
740.0 49.951
742.0 49.951
744.0 49.951
746.0 49.951
748.0 49.951
750.0 49.951
