380.0 20.482
382.0 20.48497984
384.0 20.48841664
386.0 20.49177904
388.0 20.49027424
390.0 20.482
392.0 20.47128648
394.0 20.46011384
396.0 20.4538084
398.0 20.45962496
400.0 20.482
402.0 20.52224504
404.0 20.5842428
406.0 20.65919856
408.0 20.73231512
410.0 20.7955
412.0 20.85271584
414.0 20.90473176
416.0 20.96276688
418.0 21.04421
420.0 21.16125
422.0 21.31199752
424.0 21.49412848
426.0 21.71722344
428.0 21.994324
430.0 22.33165
432.0 22.72637576
434.0 23.17896944
436.0 23.66951752
438.0 24.167506
440.0 24.65155
442.0 25.12166624
444.0 25.57559752
446.0 26.0062044
448.0 26.40671528
450.0 26.7729
452.0 27.10226728
454.0 27.3914564
456.0 27.64887752
458.0 27.88882624
460.0 28.12095
462.0 28.34486424
464.0 28.56279272
466.0 28.7739496
468.0 28.97524168
470.0 29.16595
472.0 29.34938512
474.0 29.5272692
476.0 29.70665808
478.0 29.89741656
480.0 30.10645
482.0 30.33364136
484.0 30.57877328
486.0 30.8451396
488.0 31.13658592
490.0 31.4545
492.0 31.79724328
494.0 32.1637624
496.0 32.54616552
498.0 32.93283224
500.0 33.3146
502.0 33.6898804
504.0 34.05723552
506.0 34.40695104
508.0 34.72648696
510.0 35.0075
512.0 35.2496056
514.0 35.45195104
516.0 35.61592408
518.0 35.74520312
520.0 35.8435
522.0 35.91139992
524.0 35.94907008
526.0 35.96709424
528.0 35.980604
530.0 36.00025
532.0 36.02720264
534.0 36.06398664
536.0 36.11197304
538.0 36.17082744
540.0 36.2406
542.0 36.32318008
544.0 36.41978824
546.0 36.5297724
548.0 36.65162776
550.0 36.784
552.0 36.92851096
554.0 37.0885548
556.0 37.25595544
558.0 37.41783848
560.0 37.56775
562.0 37.71175936
564.0 37.85511664
566.0 38.00566352
568.0 38.1743516
570.0 38.3724
572.0 38.601464
574.0 38.85704592
576.0 39.17725064
578.0 39.61783936
580.0 40.2116
582.0 40.95082464
584.0 41.83606504
586.0 42.83500144
588.0 43.89488224
590.0 44.9768
592.0 46.08013608
594.0 47.20142944
596.0 48.3111024
598.0 49.37195296
600.0 50.35855
602.0 51.26512512
604.0 52.0822984
606.0 52.81955008
608.0 53.49786376
610.0 54.131
612.0 54.71412672
614.0 55.24629088
616.0 55.73122104
618.0 56.1731808
620.0 56.5763
622.0 56.94335416
624.0 57.27656704
626.0 57.58252632
628.0 57.869592
630.0 58.1438
632.0 58.40710656
634.0 58.66230392
636.0 58.90880688
638.0 59.14394024
640.0 59.36645
642.0 59.57877728
644.0 59.78284488
646.0 59.97905408
648.0 60.16748848
650.0 60.34875
652.0 60.5238084
654.0 60.69299808
656.0 60.85993056
658.0 61.02970544
660.0 61.20565
662.0 61.38736296
664.0 61.57462696
666.0 61.76740856
668.0 61.96520616
670.0 62.16705
672.0 62.37290664
674.0 62.58367896
676.0 62.79277928
678.0 62.9903428
680.0 63.17025
682.0 63.33219992
684.0 63.47328328
686.0 63.60082344
688.0 63.7273604
690.0 63.85995
692.0 63.99675304
694.0 64.13987624
696.0 64.27731464
698.0 64.38984024
700.0 64.46605
702.0 64.50861912
704.0 64.51624344
706.0 64.50029256
708.0 64.47949288
710.0 64.46605
712.0 64.45829192
714.0 64.45732216
716.0 64.4612012
718.0 64.46508024
720.0 64.46605
722.0 64.46605
724.0 64.46605
726.0 64.46605
728.0 64.46605
730.0 64.46605
732.0 64.46605
734.0 64.46605
736.0 64.46605
738.0 64.46605
740.0 64.46605
742.0 64.46605
744.0 64.46605
746.0 64.46605
748.0 64.46605
750.0 64.46605
