380.0 12.52955
382.0 12.53383832
384.0 12.53853992
386.0 12.54267632
388.0 12.54041912
390.0 12.52955
392.0 12.5150232
394.0 12.49881352
396.0 12.48899744
398.0 12.49690456
400.0 12.52955
402.0 12.58741792
404.0 12.67354264
406.0 12.77956416
408.0 12.89118688
410.0 12.9998
412.0 13.10792824
414.0 13.21528736
416.0 13.32791328
418.0 13.4559216
420.0 13.6059
422.0 13.7756916
424.0 13.96352408
426.0 14.17192216
428.0 14.40422984
430.0 14.66135
432.0 14.94156048
434.0 15.24442656
436.0 15.56016704
438.0 15.87431912
440.0 16.1766
442.0 16.46667528
444.0 16.74352504
446.0 17.0027352
448.0 17.23962416
450.0 17.4515
452.0 17.63771064
454.0 17.7969352
456.0 17.93500896
458.0 18.06146232
460.0 18.183
462.0 18.29967216
464.0 18.41269936
466.0 18.52397096
468.0 18.63499176
470.0 18.7473
472.0 18.86293552
474.0 18.98393816
476.0 19.1110436
478.0 19.24441904
480.0 19.38475
482.0 19.53310656
484.0 19.6896392
486.0 19.85829384
488.0 20.04467168
490.0 20.2521
492.0 20.4795756
494.0 20.72647984
496.0 20.99077288
498.0 21.26911072
500.0 21.55835
502.0 21.85732032
504.0 22.16501848
506.0 22.47539184
508.0 22.7802476
510.0 23.0736
512.0 23.35501432
514.0 23.62439024
516.0 23.87754776
518.0 24.10930368
520.0 24.31715
522.0 24.50178896
524.0 24.66271896
526.0 24.80826656
528.0 24.95130616
530.0 25.1009
532.0 25.25686416
534.0 25.41980056
536.0 25.59360496
538.0 25.78254096
540.0 25.98915
542.0 26.21364944
544.0 26.45644056
546.0 26.71419608
548.0 26.9813984
550.0 27.2536
552.0 27.53255648
554.0 27.82231408
556.0 28.11014888
558.0 28.37674928
560.0 28.6121
562.0 28.8224376
564.0 29.01118968
566.0 29.19442416
568.0 29.39630144
570.0 29.6362
572.0 29.91390248
574.0 30.22504496
576.0 30.60365264
578.0 31.09829712
580.0 31.73665
582.0 32.5119564
584.0 33.42557064
586.0 34.44050808
588.0 35.49757992
590.0 36.5541
592.0 37.61000144
594.0 38.66138848
596.0 39.68318112
598.0 40.64553416
600.0 41.5283
602.0 42.32604464
604.0 43.03069232
606.0 43.6534956
608.0 44.21694288
610.0 44.73645
612.0 45.20858936
614.0 45.63306
616.0 46.01740264
618.0 46.37098048
620.0 46.70105
622.0 47.01047032
624.0 47.30241824
626.0 47.57998696
628.0 47.84560088
630.0 48.10135
632.0 48.3497256
634.0 48.59321896
636.0 48.83111112
638.0 49.06114488
640.0 49.2822
642.0 49.49598192
644.0 49.70381152
646.0 49.90612352
648.0 50.10325232
650.0 50.29585
652.0 50.48456864
654.0 50.66955872
656.0 50.85388
658.0 51.04187968
660.0 51.23635
662.0 51.43675592
664.0 51.642646
666.0 51.85405368
668.0 52.07072816
670.0 52.2918
672.0 52.51721904
674.0 52.74815568
676.0 52.97716952
678.0 53.19305816
680.0 53.38905
682.0 53.56476048
684.0 53.71636072
686.0 53.85433416
688.0 53.9962368
690.0 54.1519
692.0 54.3188492
694.0 54.50006056
696.0 54.67817872
698.0 54.82544848
700.0 54.9252
702.0 54.98101136
704.0 54.99092632
706.0 54.96982568
708.0 54.94253864
710.0 54.9252
712.0 54.91530176
714.0 54.91406448
716.0 54.9190136
718.0 54.92396272
720.0 54.9252
722.0 54.9252
724.0 54.9252
726.0 54.9252
728.0 54.9252
730.0 54.9252
732.0 54.9252
734.0 54.9252
736.0 54.9252
738.0 54.9252
740.0 54.9252
742.0 54.9252
744.0 54.9252
746.0 54.9252
748.0 54.9252
750.0 54.9252
