380.0 6.00875
382.0 6.01251416
384.0 6.01670792
386.0 6.02053088
388.0 6.01857464
390.0 6.00875
392.0 5.99555736
394.0 5.98057408
396.0 5.97137
398.0 5.97863512
400.0 6.00875
402.0 6.06153504
404.0 6.139166
406.0 6.23293176
408.0 6.32836952
410.0 6.4163
412.0 6.49852896
414.0 6.57460496
416.0 6.64733696
418.0 6.72224256
420.0 6.80295
422.0 6.88820528
424.0 6.97738976
426.0 7.07192464
428.0 7.17364912
430.0 7.28365
432.0 7.40179352
434.0 7.52812984
436.0 7.66148856
438.0 7.79994688
440.0 7.942
442.0 8.087464
444.0 8.23607136
446.0 8.38626712
448.0 8.53604488
450.0 8.68395
452.0 8.82971496
454.0 8.97305552
456.0 9.11347008
458.0 9.25054064
460.0 9.3841
462.0 9.51403112
464.0 9.64006648
466.0 9.76359384
468.0 9.8867868
470.0 10.0111
472.0 10.13655016
474.0 10.26352184
476.0 10.39166392
478.0 10.5201404
480.0 10.64855
482.0 10.77724384
484.0 10.90622192
486.0 11.0365376
488.0 11.16977928
490.0 11.3069
492.0 11.44756536
494.0 11.591558
496.0 11.73847664
498.0 11.88765248
500.0 12.0384
502.0 12.1903012
504.0 12.34290464
506.0 12.49492288
508.0 12.64468392
510.0 12.7908
512.0 12.93310392
514.0 13.07184648
516.0 13.20448624
518.0 13.3274284
520.0 13.4387
522.0 13.53900328
524.0 13.62850544
526.0 13.7101492
528.0 13.78853256
530.0 13.86715
532.0 13.9462356
534.0 14.0260736
536.0 14.110008
538.0 14.202386
540.0 14.30605
542.0 14.42094984
544.0 14.5471524
546.0 14.68413936
548.0 14.83065672
550.0 14.9853
552.0 15.14868784
554.0 15.32275976
556.0 15.49984128
558.0 15.6682284
560.0 15.8213
562.0 15.962166
564.0 16.09273248
566.0 16.21861736
568.0 16.34851504
570.0 16.4901
572.0 16.64360632
574.0 16.80674336
576.0 16.9984716
578.0 17.24629544
580.0 17.56645
582.0 17.95590896
584.0 18.4161604
586.0 18.92983224
588.0 19.46841688
590.0 20.01175
592.0 20.56070104
594.0 21.11379864
596.0 21.66121144
598.0 22.19165344
600.0 22.6974
602.0 23.17565888
604.0 23.62255104
606.0 24.042942
608.0 24.44652936
610.0 24.83965
612.0 25.22059848
614.0 25.5894584
616.0 25.94669792
618.0 26.29223344
620.0 26.6266
622.0 26.95131912
624.0 27.26749432
626.0 27.57781752
628.0 27.88579992
630.0 28.1941
632.0 28.50288496
634.0 28.81183712
636.0 29.12396608
638.0 29.44336824
640.0 29.77205
642.0 30.10992776
644.0 30.45864008
646.0 30.8101112
648.0 31.15163392
650.0 31.4754
652.0 31.78281392
654.0 32.0730564
656.0 32.35151128
658.0 32.62745816
660.0 32.90705
662.0 33.18925016
664.0 33.47425928
666.0 33.7626124
668.0 34.05422592
670.0 34.34915
672.0 34.64771904
674.0 34.9496488
676.0 35.25584216
678.0 35.56763672
680.0 35.8853
682.0 36.20629056
684.0 36.52706376
686.0 36.84808776
688.0 37.17103456
690.0 37.4946
692.0 37.817296
694.0 38.14246656
696.0 38.44648632
698.0 38.69382528
700.0 38.86355
702.0 38.95903792
704.0 38.97617592
706.0 38.94047872
708.0 38.89382992
710.0 38.86355
712.0 38.84602744
714.0 38.84383712
716.0 38.8525984
718.0 38.86135968
720.0 38.86355
722.0 38.86355
724.0 38.86355
726.0 38.86355
728.0 38.86355
730.0 38.86355
732.0 38.86355
734.0 38.86355
736.0 38.86355
738.0 38.86355
740.0 38.86355
742.0 38.86355
744.0 38.86355
746.0 38.86355
748.0 38.86355
750.0 38.86355
