380.0 13.8149
382.0 13.82250128
384.0 13.8310712
386.0 13.83908192
388.0 13.83516944
390.0 13.8149
392.0 13.7878976
394.0 13.75772432
396.0 13.73947424
398.0 13.75432976
400.0 13.8149
402.0 13.92143984
404.0 14.07944384
406.0 14.26955024
408.0 14.45965664
410.0 14.63
412.0 14.78539568
414.0 14.92514144
416.0 15.0598712
418.0 15.20814416
420.0 15.3824
422.0 15.5791108
424.0 15.7956348
426.0 16.0387436
428.0 16.3175496
430.0 16.6364
432.0 16.99357264
434.0 17.3898032
436.0 17.81052856
438.0 18.23334392
440.0 18.6428
442.0 19.03916432
444.0 19.42066456
446.0 19.7841908
448.0 20.12790384
450.0 20.45065
452.0 20.7504396
454.0 21.0251492
456.0 21.279544
458.0 21.5216496
460.0 21.7569
462.0 21.98531192
464.0 22.2085072
466.0 22.42559968
468.0 22.63408136
470.0 22.83325
472.0 23.02551328
474.0 23.21227568
476.0 23.39845288
478.0 23.59090008
480.0 23.79465
482.0 24.00990328
484.0 24.23654288
486.0 24.47864848
488.0 24.74148688
490.0 25.02775
492.0 25.3360668
494.0 25.66551768
496.0 26.01101976
498.0 26.36488184
500.0 26.72065
502.0 27.07691976
504.0 27.43272136
506.0 27.77849096
508.0 28.10135416
510.0 28.39265
512.0 28.65224472
514.0 28.87950296
516.0 29.0744916
518.0 29.23888264
520.0 29.37495
522.0 29.4832956
524.0 29.5640532
526.0 29.6269204
528.0 29.685942
530.0 29.75115
532.0 29.82333024
534.0 29.9040544
536.0 29.99698416
538.0 30.10554712
540.0 30.23185
542.0 30.37667864
544.0 30.54080216
546.0 30.72106048
548.0 30.9121032
550.0 31.10965
552.0 31.31540632
554.0 31.53315088
556.0 31.75097904
558.0 31.9508332
560.0 32.1233
562.0 32.2747832
564.0 32.40974704
566.0 32.54094888
568.0 32.68728232
570.0 32.86525
572.0 33.07580496
574.0 33.31458328
576.0 33.620158
578.0 34.04820672
580.0 34.6313
582.0 35.36234856
584.0 36.2428572
586.0 37.23747984
588.0 38.28869968
590.0 39.3547
592.0 40.43546408
594.0 41.52733024
596.0 42.6027272
598.0 43.62788056
600.0 44.5797
602.0 45.45230008
604.0 46.2367356
606.0 46.94267072
608.0 47.59092184
610.0 48.1954
612.0 48.75172456
614.0 49.25889232
616.0 49.72258808
618.0 50.14991784
620.0 50.54665
622.0 50.91529256
624.0 51.25840368
626.0 51.5801968
628.0 51.88518632
630.0 52.17685
632.0 52.45747848
634.0 52.7297804
636.0 52.99296992
638.0 53.24445544
640.0 53.4831
642.0 53.71097688
644.0 53.92945712
646.0 54.14041336
648.0 54.34627
650.0 54.549
652.0 54.74925544
654.0 54.94757136
656.0 55.14597088
658.0 55.346962
660.0 55.5522
662.0 55.76146752
664.0 55.97427968
666.0 56.19118824
668.0 56.412862
670.0 56.639
672.0 56.86930128
674.0 57.10476904
676.0 57.3379796
678.0 57.55773056
680.0 57.75715
682.0 57.93598712
684.0 58.0908812
686.0 58.23081088
688.0 58.37099136
690.0 58.52
692.0 58.67567992
694.0 58.84058928
696.0 59.00023184
698.0 59.1313668
700.0 59.22015
702.0 59.26975824
704.0 59.27861984
706.0 59.25997704
708.0 59.23573304
710.0 59.22015
712.0 59.21118808
714.0 59.21006784
716.0 59.2145488
718.0 59.21902976
720.0 59.22015
722.0 59.22015
724.0 59.22015
726.0 59.22015
728.0 59.22015
730.0 59.22015
732.0 59.22015
734.0 59.22015
736.0 59.22015
738.0 59.22015
740.0 59.22015
742.0 59.22015
744.0 59.22015
746.0 59.22015
748.0 59.22015
750.0 59.22015
