380.0 6.3327
382.0 6.33691024
384.0 6.34168416
386.0 6.34619928
388.0 6.3440424
390.0 6.3327
392.0 6.31756056
394.0 6.30052608
396.0 6.2901636
398.0 6.29852752
400.0 6.3327
402.0 6.3925576
404.0 6.4809228
406.0 6.5865096
408.0 6.6907588
410.0 6.78205
412.0 6.8626404
414.0 6.9316104
416.0 6.994394
418.0 7.060856
420.0 7.13735
422.0 7.2220368
424.0 7.3144148
426.0 7.4148184
428.0 7.5230804
430.0 7.63895
432.0 7.76264456
434.0 7.894348
436.0 8.03240504
438.0 8.17430768
440.0 8.3182
442.0 8.46381448
444.0 8.61066624
446.0 8.7578524
448.0 8.90445336
450.0 9.0497
452.0 9.19327464
454.0 9.3351104
456.0 9.47418736
458.0 9.60916792
460.0 9.7394
462.0 9.86493376
464.0 9.98531776
466.0 10.10311016
468.0 10.22232376
470.0 10.3455
472.0 10.47242152
474.0 10.60362336
476.0 10.737584
478.0 10.87154464
480.0 11.00385
482.0 11.13500168
484.0 11.2648492
486.0 11.39469672
488.0 11.52671784
490.0 11.6622
492.0 11.80052456
494.0 11.94127352
496.0 12.08402888
498.0 12.22812184
500.0 12.3728
502.0 12.51764536
504.0 12.66237368
506.0 12.8049284
508.0 12.94246712
510.0 13.07295
512.0 13.1964272
514.0 13.3131328
516.0 13.4214784
518.0 13.519374
520.0 13.6059
522.0 13.68177536
524.0 13.7473512
526.0 13.80582104
528.0 13.86195008
530.0 13.9194
532.0 13.9785052
534.0 14.03948304
536.0 14.10614568
538.0 14.18350912
540.0 14.2747
542.0 14.37938392
544.0 14.49747728
546.0 14.62744184
548.0 14.7665188
550.0 14.91215
552.0 15.06495408
554.0 15.22702104
556.0 15.3891716
558.0 15.53761176
560.0 15.66455
562.0 15.77354768
564.0 15.8667784
566.0 15.95114752
568.0 16.03735584
570.0 16.1348
572.0 16.2443996
574.0 16.36471672
576.0 16.51663464
578.0 16.72999856
580.0 17.02305
582.0 17.39326424
584.0 17.84202904
586.0 18.35558384
588.0 18.91043704
590.0 19.48925
592.0 20.09218992
594.0 20.71786904
596.0 21.35240976
598.0 21.97808888
600.0 22.58245
602.0 23.16248352
604.0 23.71369176
606.0 24.2378136
608.0 24.74078464
610.0 25.2263
612.0 25.69175136
614.0 26.1359516
616.0 26.56033864
618.0 26.96708608
620.0 27.3581
622.0 27.7343
624.0 28.09682304
626.0 28.44772568
628.0 28.78943232
630.0 29.12415
632.0 29.45243048
634.0 29.77387248
636.0 30.09364248
638.0 30.41909728
640.0 30.75435
642.0 31.09933376
644.0 31.45632248
646.0 31.8159864
648.0 32.16327752
650.0 32.48905
652.0 32.79531024
654.0 33.0812724
656.0 33.35369136
658.0 33.62402032
660.0 33.8998
662.0 34.17991016
664.0 34.46490256
666.0 34.75449296
668.0 35.04709296
670.0 35.3419
672.0 35.63936552
674.0 35.93868696
676.0 36.2425228
678.0 36.55505304
680.0 36.87805
682.0 37.20865456
684.0 37.5440912
686.0 37.88086544
688.0 38.21437928
690.0 38.5396
692.0 38.85572504
694.0 39.16537944
696.0 39.44903424
698.0 39.67793104
700.0 39.8354
702.0 39.924016
704.0 39.94001704
706.0 39.90711208
708.0 39.86384072
710.0 39.8354
712.0 39.81881376
714.0 39.81674048
716.0 39.8250336
718.0 39.83332672
720.0 39.8354
722.0 39.8354
724.0 39.8354
726.0 39.8354
728.0 39.8354
730.0 39.8354
732.0 39.8354
734.0 39.8354
736.0 39.8354
738.0 39.8354
740.0 39.8354
742.0 39.8354
744.0 39.8354
746.0 39.8354
748.0 39.8354
750.0 39.8354
