380.0 5.8729
382.0 5.87547376
384.0 5.87829664
386.0 5.88078232
388.0 5.879428
390.0 5.8729
392.0 5.8640808
394.0 5.85396632
396.0 5.84769184
398.0 5.85253616
400.0 5.8729
402.0 5.9085972
404.0 5.96088064
406.0 6.02461728
408.0 6.09119632
410.0 6.15505
412.0 6.21719824
414.0 6.27742368
416.0 6.33647872
418.0 6.39628616
420.0 6.4581
422.0 6.52123472
424.0 6.58527232
426.0 6.65106552
428.0 6.71986832
430.0 6.7925
432.0 6.86884352
434.0 6.94884872
436.0 7.03253232
438.0 7.11981072
440.0 7.2105
442.0 7.30448312
444.0 7.40170992
446.0 7.50119392
448.0 7.60151392
450.0 7.70165
452.0 7.80153528
454.0 7.90105272
456.0 7.99973416
458.0 8.097078
460.0 8.1928
462.0 8.28685
464.0 8.37911096
466.0 8.47020152
468.0 8.56112488
470.0 8.6526
472.0 8.7446436
474.0 8.83737272
476.0 8.93110504
478.0 9.02617496
480.0 9.12285
482.0 9.22121376
484.0 9.32126624
486.0 9.42332512
488.0 9.5278084
490.0 9.6349
492.0 9.7442488
494.0 9.85536992
496.0 9.96824664
498.0 10.08296256
500.0 10.1992
502.0 10.31635704
504.0 10.43414944
506.0 10.55010264
508.0 10.66070544
510.0 10.7635
512.0 10.8586368
514.0 10.94636664
516.0 11.02523488
518.0 11.09340232
520.0 11.15015
522.0 11.19611328
524.0 11.23147608
526.0 11.25998368
528.0 11.28723728
530.0 11.31735
532.0 11.35058936
534.0 11.38739008
536.0 11.4304608
538.0 11.48306192
540.0 11.54725
542.0 11.62295816
544.0 11.7101028
546.0 11.80778104
548.0 11.91432088
550.0 12.02795
552.0 12.1490864
554.0 12.27953584
556.0 12.41115568
558.0 12.53165672
560.0 12.63405
562.0 12.72177984
564.0 12.79738768
566.0 12.86572232
568.0 12.93422416
570.0 13.01025
572.0 13.0947696
574.0 13.18557592
576.0 13.30547504
578.0 13.48765616
580.0 13.7522
582.0 14.09581272
584.0 14.52001584
586.0 15.00817296
588.0 15.53227808
590.0 16.0721
592.0 16.62852488
594.0 17.20058296
596.0 17.77431304
598.0 18.33215912
600.0 18.86225
602.0 19.36177672
604.0 19.82585704
606.0 20.26067736
608.0 20.67877768
610.0 21.0881
612.0 21.48590224
614.0 21.87190016
616.0 22.24535808
618.0 22.6043532
620.0 22.9482
622.0 23.27862064
624.0 23.59683568
626.0 23.90526952
628.0 24.20718256
630.0 24.50525
632.0 24.79965576
634.0 25.08979792
636.0 25.38060888
638.0 25.67911104
640.0 25.98915
642.0 26.31055856
644.0 26.64547688
646.0 26.984408
648.0 27.31213672
650.0 27.61935
652.0 27.9079372
654.0 28.1770456
656.0 28.4331124
658.0 28.6871728
660.0 28.9465
662.0 29.20995704
664.0 29.4780288
666.0 29.75061496
668.0 30.02646152
670.0 30.305
672.0 30.58666512
674.0 30.87068776
676.0 31.15981
678.0 31.45829544
680.0 31.768
682.0 32.08611472
684.0 32.4098808
686.0 32.73598768
688.0 33.06008816
690.0 33.3773
692.0 33.6867872
694.0 33.99115808
696.0 34.27078336
698.0 34.49673744
700.0 34.6522
702.0 34.73971248
704.0 34.75549616
706.0 34.72295904
708.0 34.68022272
710.0 34.6522
712.0 34.63588128
714.0 34.63384144
716.0 34.6420008
718.0 34.65016016
720.0 34.6522
722.0 34.6522
724.0 34.6522
726.0 34.6522
728.0 34.6522
730.0 34.6522
732.0 34.6522
734.0 34.6522
736.0 34.6522
738.0 34.6522
740.0 34.6522
742.0 34.6522
744.0 34.6522
746.0 34.6522
748.0 34.6522
750.0 34.6522
