380.0 14.4419
382.0 14.44497168
384.0 14.44850432
386.0 14.45194136
388.0 14.4503864
390.0 14.4419
392.0 14.4308196
394.0 14.41900336
396.0 14.41217912
398.0 14.41822928
400.0 14.4419
402.0 14.484118
404.0 14.54833952
406.0 14.62560264
408.0 14.70094296
410.0 14.76585
412.0 14.82385168
414.0 14.87556664
416.0 14.9300404
418.0 15.00156856
420.0 15.10025
422.0 15.22468024
424.0 15.3732876
426.0 15.55416456
428.0 15.77826272
430.0 16.0512
432.0 16.37110376
434.0 16.73844216
436.0 17.13947136
438.0 17.55287336
440.0 17.96355
442.0 18.37128392
444.0 18.77418576
446.0 19.1663868
448.0 19.54195144
450.0 19.8968
452.0 20.22850808
454.0 20.5339992
456.0 20.81767072
458.0 21.08771544
460.0 21.34935
462.0 21.6019056
464.0 21.84695392
466.0 22.08138504
468.0 22.29951416
470.0 22.49885
472.0 22.681934
474.0 22.84941824
476.0 23.00979648
478.0 23.17569232
480.0 23.35575
482.0 23.54955152
484.0 23.75734768
486.0 23.98136224
488.0 24.223518
490.0 24.48435
492.0 24.7629052
494.0 25.05804664
496.0 25.36514288
498.0 25.67750592
500.0 25.98915
502.0 26.29825264
504.0 26.60384408
506.0 26.89497272
508.0 27.15667416
510.0 27.379
512.0 27.56223448
514.0 27.70605992
516.0 27.81076056
518.0 27.8784264
520.0 27.91195
522.0 27.91233456
524.0 27.87989776
526.0 27.82681176
528.0 27.77063256
530.0 27.72385
532.0 27.68771808
534.0 27.66479496
536.0 27.65834104
538.0 27.67052992
540.0 27.70295
542.0 27.75722312
544.0 27.83440264
546.0 27.93306736
548.0 28.05037488
550.0 28.18365
552.0 28.33431392
554.0 28.50597816
556.0 28.6865876
558.0 28.85766664
560.0 29.0092
562.0 29.14732392
564.0 29.2764692
566.0 29.40678488
568.0 29.55340256
570.0 29.73025
572.0 29.93843072
574.0 30.17364768
576.0 30.47365464
578.0 30.8932932
580.0 31.46495
582.0 32.18192032
584.0 33.04585944
586.0 34.02424696
588.0 35.06374608
590.0 36.12565
592.0 37.20987512
594.0 38.31242536
596.0 39.40904
598.0 40.47045904
600.0 41.47605
602.0 42.41929208
604.0 43.291424
606.0 44.09759552
608.0 44.85151704
610.0 45.562
612.0 46.2246136
614.0 46.83783632
616.0 47.40466104
618.0 47.92910056
620.0 48.41485
622.0 48.86364824
624.0 49.27688304
626.0 49.66060704
628.0 50.02276224
630.0 50.369
632.0 50.70100904
634.0 51.02153144
636.0 51.32934664
638.0 51.62094344
640.0 51.8947
642.0 52.15329152
644.0 52.39867424
646.0 52.63268736
648.0 52.85758808
650.0 53.07555
652.0 53.28760976
654.0 53.49426896
656.0 53.70000856
658.0 53.91093136
660.0 54.131
662.0 54.35984664
664.0 54.59728736
666.0 54.84292088
668.0 55.0955768
670.0 55.35365
672.0 55.61710704
674.0 55.88708488
676.0 56.15505632
678.0 56.40831416
680.0 56.639
682.0 56.84662896
684.0 57.02725512
686.0 57.19082688
688.0 57.35431504
690.0 57.52725
692.0 57.70714048
694.0 57.89682888
696.0 58.07991288
698.0 58.23014208
700.0 58.3319
702.0 58.38876472
704.0 58.39893048
706.0 58.37757904
708.0 58.3497904
710.0 58.3319
712.0 58.32160048
714.0 58.32031304
716.0 58.3254628
718.0 58.33061256
720.0 58.3319
722.0 58.3319
724.0 58.3319
726.0 58.3319
728.0 58.3319
730.0 58.3319
732.0 58.3319
734.0 58.3319
736.0 58.3319
738.0 58.3319
740.0 58.3319
742.0 58.3319
744.0 58.3319
746.0 58.3319
748.0 58.3319
750.0 58.3319
