380.0 13.9821
382.0 13.98602896
384.0 13.99050096
386.0 13.99476336
388.0 13.99275696
390.0 13.9821
392.0 13.96807384
394.0 13.95284216
396.0 13.94387928
398.0 13.9515528
400.0 13.9821
402.0 14.03632296
404.0 14.11801688
406.0 14.2165144
408.0 14.31400872
410.0 14.4001
412.0 14.4785168
414.0 14.5496604
416.0 14.6226432
418.0 14.7121788
420.0 14.82855
422.0 14.97003464
424.0 15.134944
426.0 15.33095256
428.0 15.56842672
430.0 15.85265
432.0 16.1816996
434.0 16.55577616
436.0 16.96195512
438.0 17.38025608
440.0 17.79635
442.0 18.20993592
444.0 18.61949232
446.0 19.01776272
448.0 19.39655432
450.0 19.7505
452.0 20.07781072
454.0 20.37576112
456.0 20.64971832
458.0 20.90937992
460.0 21.16125
462.0 21.40447584
464.0 21.63987672
466.0 21.8678372
468.0 22.08785568
470.0 22.3003
472.0 22.50707624
474.0 22.709522
476.0 22.91071376
478.0 23.11466432
480.0 23.3244
482.0 23.54035552
484.0 23.76268136
486.0 23.9939524
488.0 24.23742904
490.0 24.4948
492.0 24.764828
494.0 25.0460584
496.0 25.3368192
498.0 25.6347696
500.0 25.9369
502.0 26.24130432
504.0 26.54718
506.0 26.84419408
508.0 27.11780016
510.0 27.3581
512.0 27.56556176
514.0 27.74038608
516.0 27.8800984
518.0 27.98252512
520.0 28.0478
522.0 28.07726064
524.0 28.0710408
526.0 28.04191456
528.0 28.00877552
530.0 27.9851
532.0 27.97154008
534.0 27.96976776
536.0 27.98538424
538.0 28.02415792
540.0 28.0896
542.0 28.18244616
544.0 28.30356584
546.0 28.44834432
548.0 28.6090068
550.0 28.7793
552.0 28.96094608
554.0 29.15802472
556.0 29.35510336
558.0 29.5291084
560.0 29.66755
562.0 29.7767316
564.0 29.85988016
566.0 29.93349832
568.0 30.02283328
570.0 30.14825
572.0 30.30981536
574.0 30.50365032
576.0 30.76536848
578.0 31.14563144
580.0 31.67395
582.0 32.34443872
584.0 33.15925448
586.0 34.08375344
588.0 35.0616728
590.0 36.0525
592.0 37.05651928
594.0 38.06996864
596.0 39.0692896
598.0 40.02647616
600.0 40.9222
602.0 41.7504252
604.0 42.502658
606.0 43.1875092
608.0 43.823538
610.0 44.42295
612.0 44.9815652
614.0 45.4983804
616.0 45.977074
618.0 46.4219932
620.0 46.8369
622.0 47.22393456
624.0 47.58512
626.0 47.92406784
628.0 48.24487448
630.0 48.5507
632.0 48.84335016
634.0 49.12498184
636.0 49.39549472
638.0 49.6535512
640.0 49.89875
642.0 50.13303064
644.0 50.35806512
646.0 50.574656
648.0 50.78347208
650.0 50.98555
652.0 51.18185952
654.0 51.3727016
656.0 51.56212248
658.0 51.75580696
660.0 51.9574
662.0 52.1664836
664.0 52.38299088
666.0 52.60610256
668.0 52.83406304
670.0 53.0651
672.0 53.29929704
674.0 53.53749016
676.0 53.77334248
678.0 53.9974908
680.0 54.20415
682.0 54.392668
684.0 54.55960048
686.0 54.71315696
688.0 54.86729864
690.0 55.0297
692.0 55.19828776
694.0 55.37568696
696.0 55.54664896
698.0 55.68692976
700.0 55.7821
702.0 55.83533648
704.0 55.84485016
706.0 55.82485304
708.0 55.79883672
710.0 55.7821
712.0 55.77246928
714.0 55.77126544
716.0 55.7760808
718.0 55.78089616
720.0 55.7821
722.0 55.7821
724.0 55.7821
726.0 55.7821
728.0 55.7821
730.0 55.7821
732.0 55.7821
734.0 55.7821
736.0 55.7821
738.0 55.7821
740.0 55.7821
742.0 55.7821
744.0 55.7821
746.0 55.7821
748.0 55.7821
750.0 55.7821
