380.0 14.5046
382.0 14.50753376
384.0 14.51085536
386.0 14.51398736
388.0 14.51248256
390.0 14.5046
392.0 14.49425512
394.0 14.48312856
396.0 14.4766388
398.0 14.48227104
400.0 14.5046
402.0 14.54444376
404.0 14.6048364
406.0 14.67818704
408.0 14.75170488
410.0 14.8181
412.0 14.88041544
414.0 14.93918624
416.0 15.00196984
418.0 15.08072104
420.0 15.18385
422.0 15.30988536
424.0 15.45700464
426.0 15.63246432
428.0 15.8462964
430.0 16.10345
432.0 16.401902
434.0 16.74208712
436.0 17.10994384
438.0 17.48381976
440.0 17.8486
442.0 18.20428456
444.0 18.54903424
446.0 18.87856872
448.0 19.1892932
450.0 19.4788
452.0 19.74501584
454.0 19.98559992
456.0 20.204866
458.0 20.41042168
460.0 20.6074
462.0 20.79568392
464.0 20.9768284
466.0 21.14994728
468.0 21.31261616
470.0 21.4643
472.0 21.60720584
474.0 21.74216968
476.0 21.87587952
478.0 22.01794936
480.0 22.1749
482.0 22.34654752
484.0 22.53322632
486.0 22.73578912
488.0 22.95440312
490.0 23.18855
492.0 23.43754424
494.0 23.70053312
496.0 23.9733868
498.0 24.25025328
500.0 24.52615
502.0 24.79963904
504.0 25.0697172
506.0 25.32909456
508.0 25.56807352
510.0 25.78015
512.0 25.96527384
514.0 26.12312736
516.0 26.25372728
518.0 26.358244
520.0 26.4385
522.0 26.4951808
524.0 26.52843688
526.0 26.54681216
528.0 26.56267944
530.0 26.5848
532.0 26.61402656
534.0 26.65223176
536.0 26.70130496
538.0 26.76216576
540.0 26.8356
542.0 26.92274464
544.0 27.02408456
546.0 27.13955288
548.0 27.268648
550.0 27.41035
552.0 27.56597976
554.0 27.73929928
556.0 27.919056
558.0 28.08769392
560.0 28.2359
562.0 28.37006128
564.0 28.4948092
566.0 28.62064392
568.0 28.76303144
570.0 28.93605
572.0 29.1407028
574.0 29.37254232
576.0 29.66892104
578.0 30.08409536
580.0 30.64985
582.0 31.35924616
584.0 32.21387224
586.0 33.17960272
588.0 34.2008436
590.0 35.2374
592.0 36.2893388
594.0 37.35274752
596.0 38.40328184
598.0 39.41176536
600.0 40.3579
602.0 41.2354492
604.0 42.03578544
606.0 42.76614848
608.0 43.44325832
610.0 44.0781
612.0 44.66640992
614.0 45.20693408
616.0 45.70373544
618.0 46.1619972
620.0 46.5861
622.0 46.9781004
624.0 47.34003824
626.0 47.67614368
628.0 47.99134912
630.0 48.28945
632.0 48.57253632
634.0 48.84319968
636.0 49.10132304
638.0 49.345318
640.0 49.5748
642.0 49.79204296
644.0 49.99876904
646.0 50.19705152
648.0 50.3893984
650.0 50.578
652.0 50.7637592
654.0 50.94719432
656.0 51.13154904
658.0 51.32108696
660.0 51.5185
662.0 51.72353736
664.0 51.93611544
666.0 52.15521432
668.0 52.3789112
670.0 52.6053
672.0 52.83434728
674.0 53.06678872
676.0 53.29630416
678.0 53.513614
680.0 53.713
682.0 53.89384352
684.0 54.05280056
686.0 54.1980472
688.0 54.34346104
690.0 54.49675
692.0 54.65590768
694.0 54.8234588
696.0 54.98499072
698.0 55.11751344
700.0 55.20735
702.0 55.25757688
704.0 55.26655552
706.0 55.24769536
708.0 55.2231504
710.0 55.20735
712.0 55.19825432
714.0 55.19711736
716.0 55.2016652
718.0 55.20621304
720.0 55.20735
722.0 55.20735
724.0 55.20735
726.0 55.20735
728.0 55.20735
730.0 55.20735
732.0 55.20735
734.0 55.20735
736.0 55.20735
738.0 55.20735
740.0 55.20735
742.0 55.20735
744.0 55.20735
746.0 55.20735
748.0 55.20735
750.0 55.20735
