380.0 6.57305
382.0 6.57813256
384.0 6.58374968
386.0 6.5887808
388.0 6.58612232
390.0 6.57305
392.0 6.55539624
394.0 6.5351152
396.0 6.52252376
398.0 6.53225352
400.0 6.57305
402.0 6.64437752
404.0 6.74866016
406.0 6.8749296
408.0 7.00496104
410.0 7.1269
412.0 7.24300368
414.0 7.3532888
416.0 7.45813992
418.0 7.55973064
420.0 7.65985
422.0 7.75747808
424.0 7.85139432
426.0 7.94689896
428.0 8.0520176
430.0 8.1719
432.0 8.30586064
434.0 8.45410016
436.0 8.61529768
438.0 8.7866944
440.0 8.9661
442.0 9.15358136
444.0 9.34905488
446.0 9.5493772
448.0 9.75020112
450.0 9.9484
452.0 10.14357256
454.0 10.3351336
456.0 10.52201304
458.0 10.70329128
460.0 10.87845
462.0 11.04703776
464.0 11.20836904
466.0 11.36443352
468.0 11.5184916
470.0 11.67265
472.0 11.82674152
474.0 11.98123432
476.0 12.13522552
478.0 12.28695952
480.0 12.4355
482.0 12.58136528
484.0 12.72452192
486.0 12.86659176
488.0 13.0100828
490.0 13.15655
492.0 13.30532456
494.0 13.45572096
496.0 13.60804016
498.0 13.76270016
500.0 13.9194
502.0 14.07738728
504.0 14.23646136
506.0 14.39235864
508.0 14.53889272
510.0 14.6718
512.0 14.79141488
514.0 14.89805504
516.0 14.9898144
518.0 15.06443576
520.0 15.12115
522.0 15.16114424
524.0 15.1853548
526.0 15.19827936
528.0 15.20643872
530.0 15.2152
532.0 15.22544936
534.0 15.23740416
536.0 15.25914016
538.0 15.30169256
540.0 15.37195
542.0 15.46921024
544.0 15.59370736
546.0 15.74169608
548.0 15.9064884
550.0 16.08255
552.0 16.27105128
554.0 16.47495168
556.0 16.68044048
558.0 16.86703568
560.0 17.02305
562.0 17.15303128
564.0 17.25920328
566.0 17.35250088
568.0 17.45014568
570.0 17.56645
572.0 17.7013804
574.0 17.85159288
576.0 18.04594616
578.0 18.32590584
580.0 18.71595
582.0 19.21151408
584.0 19.81450416
586.0 20.49908784
588.0 21.22287992
590.0 21.95545
592.0 22.69761736
594.0 23.44724184
596.0 24.18608192
598.0 24.8920672
600.0 25.55025
602.0 26.1566844
604.0 26.70528432
606.0 27.20397504
608.0 27.66880776
610.0 28.1105
612.0 28.52625952
614.0 28.91593584
616.0 29.28262216
618.0 29.62966248
620.0 29.96015
622.0 30.27630848
624.0 30.58009416
626.0 30.87510184
628.0 31.16551152
630.0 31.4545
632.0 31.74293672
634.0 32.03128984
636.0 32.32173296
638.0 32.61677408
640.0 32.9175
642.0 33.2242284
644.0 33.53861456
646.0 33.85341872
648.0 34.15727128
650.0 34.4432
652.0 34.71249232
654.0 34.96446272
656.0 35.20397672
658.0 35.43939432
660.0 35.6763
662.0 35.91390792
664.0 36.15258592
666.0 36.39285232
668.0 36.63462352
670.0 36.87805
672.0 37.12344944
674.0 37.37030352
676.0 37.6206688
678.0 37.87763848
680.0 38.1425
682.0 38.41307976
684.0 38.687154
686.0 38.96214784
688.0 39.23471728
690.0 39.501
692.0 39.7603272
694.0 40.01492264
696.0 40.24853448
698.0 40.43716952
700.0 40.5669
702.0 40.63989952
704.0 40.65307488
706.0 40.62595504
708.0 40.590308
710.0 40.5669
712.0 40.55325648
714.0 40.55155104
716.0 40.5583728
718.0 40.56519456
720.0 40.5669
722.0 40.5669
724.0 40.5669
726.0 40.5669
728.0 40.5669
730.0 40.5669
732.0 40.5669
734.0 40.5669
736.0 40.5669
738.0 40.5669
740.0 40.5669
742.0 40.5669
744.0 40.5669
746.0 40.5669
748.0 40.5669
750.0 40.5669
