380.0 12.4564
382.0 12.46228672
384.0 12.46897792
386.0 12.47533792
388.0 12.47232832
390.0 12.4564
392.0 12.43523896
394.0 12.41169592
396.0 12.39752248
398.0 12.40918144
400.0 12.4564
402.0 12.53943152
404.0 12.66279168
406.0 12.81047944
408.0 12.9560772
410.0 13.0834
412.0 13.19686192
414.0 13.29669704
416.0 13.39109816
418.0 13.49427728
420.0 13.61635
422.0 13.75536008
424.0 13.90941816
426.0 14.08813824
428.0 14.30489632
430.0 14.5673
432.0 14.87376088
434.0 15.22493104
436.0 15.6099592
438.0 16.01145656
440.0 16.41695
442.0 16.82645624
444.0 17.238738
446.0 17.64709056
448.0 18.04373912
450.0 18.42335
452.0 18.78406728
454.0 19.12329936
456.0 19.44413944
458.0 19.75285752
460.0 20.05355
462.0 20.34509664
464.0 20.62758104
466.0 20.90128744
468.0 21.16613224
470.0 21.4225
472.0 21.67189552
474.0 21.91594064
476.0 22.15547136
478.0 22.39115648
480.0 22.62425
482.0 22.85555448
484.0 23.08451816
486.0 23.31816344
488.0 23.56677312
490.0 23.83645
492.0 24.12542176
494.0 24.43296944
496.0 24.75481272
498.0 25.0839292
500.0 25.4144
502.0 25.74510488
504.0 26.07510752
506.0 26.39532896
508.0 26.69348
510.0 26.961
512.0 27.19768832
514.0 27.40337776
516.0 27.5751256
518.0 27.71000584
520.0 27.80745
522.0 27.8689796
524.0 27.8953972
526.0 27.8968184
528.0 27.888124
530.0 27.8806
532.0 27.87543352
534.0 27.8737448
536.0 27.88551568
538.0 27.92345336
540.0 27.99555
542.0 28.10167184
544.0 28.24248768
546.0 28.41314872
548.0 28.60496056
550.0 28.81065
552.0 29.03224016
554.0 29.27473032
556.0 29.51780568
558.0 29.73103584
560.0 29.89745
562.0 30.02422104
564.0 30.11437528
566.0 30.18755872
568.0 30.27436896
570.0 30.39905
572.0 30.561234
574.0 30.75670752
576.0 31.02466224
578.0 31.42060856
580.0 31.977
582.0 32.68753312
584.0 33.55439824
586.0 34.54072776
588.0 35.58649688
590.0 36.64815
592.0 37.72590448
594.0 38.81619896
596.0 39.89052584
598.0 40.91394032
600.0 41.8627
602.0 42.730886
604.0 43.50923544
606.0 44.20891728
608.0 44.85317232
610.0 45.4575
612.0 46.01726888
614.0 46.53149248
616.0 47.00583888
618.0 47.44716328
620.0 47.861
622.0 48.2499908
624.0 48.61689448
626.0 48.96498816
628.0 49.29736504
630.0 49.6166
632.0 49.92469944
634.0 50.22350256
636.0 50.51377848
638.0 50.7956108
640.0 51.06915
642.0 51.33585072
644.0 51.59756888
646.0 51.85184664
648.0 52.0944204
650.0 52.32315
652.0 52.539256
654.0 52.74260464
656.0 52.93842928
658.0 53.13475552
660.0 53.3368
662.0 53.54392736
664.0 53.75637168
666.0 53.9733304
668.0 54.19279712
670.0 54.41315
672.0 54.63467328
674.0 54.8576512
676.0 55.07895712
678.0 55.29407664
680.0 55.49995
682.0 55.69562416
684.0 55.87884192
686.0 56.05236208
688.0 56.22136784
690.0 56.3882
692.0 56.55177176
694.0 56.71388888
696.0 56.8638004
698.0 56.98486992
700.0 57.06745
702.0 57.1136808
704.0 57.1220408
706.0 57.1049028
708.0 57.0823308
710.0 57.06745
712.0 57.0587556
714.0 57.0576688
716.0 57.062016
718.0 57.0663632
720.0 57.06745
722.0 57.06745
724.0 57.06745
726.0 57.06745
728.0 57.06745
730.0 57.06745
732.0 57.06745
734.0 57.06745
736.0 57.06745
738.0 57.06745
740.0 57.06745
742.0 57.06745
744.0 57.06745
746.0 57.06745
748.0 57.06745
750.0 57.06745
