380.0 16.2393
382.0 16.2431736
384.0 16.24764096
386.0 16.25201112
388.0 16.25005488
390.0 16.2393
392.0 16.22521512
394.0 16.21005552
396.0 16.20122232
398.0 16.20894192
400.0 16.2393
402.0 16.29320528
404.0 16.37474872
406.0 16.47234336
408.0 16.5667612
410.0 16.64685
412.0 16.71704056
414.0 16.77848656
416.0 16.84060136
418.0 16.91843296
420.0 17.02305
422.0 17.1533824
424.0 17.30775816
426.0 17.49824912
428.0 17.74157528
430.0 18.04715
432.0 18.41259904
434.0 18.83810632
436.0 19.3102624
438.0 19.80774928
440.0 20.3148
442.0 20.83067888
444.0 21.35353
446.0 21.87195032
448.0 22.37189504
450.0 22.8437
452.0 23.2850244
454.0 23.69242392
456.0 24.06897504
458.0 24.42186736
460.0 24.75605
462.0 25.07006832
464.0 25.36368824
466.0 25.64000296
468.0 25.90310888
470.0 26.15635
472.0 26.40126456
474.0 26.63969176
476.0 26.87377176
478.0 27.10559456
480.0 27.3372
482.0 27.56945752
484.0 27.80206616
486.0 28.040276
488.0 28.29152744
490.0 28.55985
492.0 28.84385592
494.0 29.1434616
496.0 29.45176168
498.0 29.75797176
500.0 30.0542
502.0 30.33992808
504.0 30.61388528
506.0 30.87154048
508.0 31.10771048
510.0 31.31865
512.0 31.50389088
514.0 31.66373408
516.0 31.79573848
518.0 31.89689448
520.0 31.96655
522.0 32.00666128
524.0 32.01828168
526.0 32.01059048
528.0 31.99696368
530.0 31.98745
532.0 31.98305264
534.0 31.98475808
536.0 32.00075912
538.0 32.04133856
540.0 32.11285
542.0 32.21497576
544.0 32.34794992
546.0 32.50734168
548.0 32.68545984
550.0 32.8757
552.0 33.0799348
554.0 33.30329728
556.0 33.52548936
558.0 33.71599704
560.0 33.858
562.0 33.95893864
564.0 34.02182256
566.0 34.06790288
568.0 34.130118
570.0 34.2342
572.0 34.37937976
574.0 34.56105928
576.0 34.818564
578.0 35.20748792
580.0 35.7599
582.0 36.4693296
584.0 37.3385188
586.0 38.3262528
588.0 39.365986
590.0 40.41015
592.0 41.45939688
594.0 42.5094296
596.0 43.53505112
598.0 44.50700144
600.0 45.40525
602.0 46.2231924
604.0 46.95169952
606.0 47.60178984
608.0 48.19595176
610.0 48.74925
612.0 49.257538
614.0 49.72013024
616.0 50.14251088
618.0 50.53120072
620.0 50.8915
622.0 51.22613408
624.0 51.53796208
626.0 51.82997688
628.0 52.10485368
630.0 52.36495
632.0 52.61250632
634.0 52.84964608
636.0 53.07717184
638.0 53.2951672
640.0 53.504
642.0 53.7052252
644.0 53.90038104
646.0 54.08918328
648.0 54.27062872
650.0 54.4445
652.0 54.61173344
654.0 54.77261328
656.0 54.92998192
658.0 55.08793576
660.0 55.24915
662.0 55.41345744
664.0 55.58105872
666.0 55.7514188
668.0 55.92328368
670.0 56.0956
672.0 56.26838448
674.0 56.4416204
676.0 56.61335152
678.0 56.78081904
680.0 56.94205
682.0 57.09625856
684.0 57.24193992
686.0 57.38018088
688.0 57.51332224
690.0 57.6422
692.0 57.7661788
694.0 57.88646248
696.0 57.99596176
698.0 58.08380864
700.0 58.1438
702.0 58.17737376
704.0 58.18347656
706.0 58.17110376
708.0 58.15471816
710.0 58.1438
712.0 58.13737952
714.0 58.13657696
716.0 58.1397872
718.0 58.14299744
720.0 58.1438
722.0 58.1438
724.0 58.1438
726.0 58.1438
728.0 58.1438
730.0 58.1438
732.0 58.1438
734.0 58.1438
736.0 58.1438
738.0 58.1438
740.0 58.1438
742.0 58.1438
744.0 58.1438
746.0 58.1438
748.0 58.1438
750.0 58.1438
