380.0 12.36235
382.0 12.36940792
384.0 12.377422
386.0 12.38502328
388.0 12.38141176
390.0 12.36235
392.0 12.33698584
394.0 12.30866008
396.0 12.29154712
398.0 12.30553336
400.0 12.36235
402.0 12.46213496
404.0 12.61007352
406.0 12.78710488
408.0 12.96179544
410.0 13.11475
412.0 13.25106816
414.0 13.37105088
416.0 13.4833424
418.0 13.60324152
420.0 13.74175
422.0 13.89667752
424.0 14.0657836
426.0 14.26072208
428.0 14.49787856
430.0 14.78675
432.0 15.12536344
434.0 15.51422048
436.0 15.94195152
438.0 16.39016456
440.0 16.8454
442.0 17.30750736
444.0 17.77529952
446.0 18.23932968
448.0 18.68789384
450.0 19.11305
452.0 19.5129088
454.0 19.88441048
456.0 20.23125016
458.0 20.56111904
460.0 20.8791
462.0 21.183822
464.0 21.47538536
466.0 21.75465952
468.0 22.02231328
470.0 22.2794
472.0 22.52770872
474.0 22.76906192
476.0 23.00531552
478.0 23.23847592
480.0 23.4707
482.0 23.70290736
484.0 23.93478032
486.0 24.17309048
488.0 24.42753544
490.0 24.7038
492.0 25.00014528
494.0 25.31573528
496.0 25.64612248
498.0 25.98411728
500.0 26.32355
502.0 26.66306632
504.0 27.00161288
506.0 27.32920784
508.0 27.632308
510.0 27.9015
512.0 28.13661664
514.0 28.33750744
516.0 28.50102904
518.0 28.62408824
520.0 28.70615
522.0 28.74893648
524.0 28.75341744
526.0 28.7306448
528.0 28.69683696
530.0 28.66435
532.0 28.6345048
534.0 28.6084216
536.0 28.5975536
538.0 28.6166144
540.0 28.6748
542.0 28.7716924
544.0 28.9077932
546.0 29.0775012
548.0 29.270868
550.0 29.47945
552.0 29.70538736
554.0 29.9543816
556.0 30.20228904
558.0 30.41299448
560.0 30.56625
562.0 30.6701648
564.0 30.72779864
566.0 30.76244248
568.0 30.81054592
570.0 30.90065
572.0 31.03188528
574.0 31.19925248
576.0 31.44679208
578.0 31.83678608
580.0 32.40545
582.0 33.14587848
584.0 34.06121488
586.0 35.10746888
588.0 36.21324608
590.0 37.3274
592.0 38.45074992
594.0 39.57889848
596.0 40.68347184
598.0 41.73103
600.0 42.6987
602.0 43.5795096
604.0 44.36362744
606.0 45.06264048
608.0 45.70054192
610.0 46.2935
612.0 46.83703376
614.0 47.33029048
616.0 47.7801588
618.0 48.19516592
620.0 48.58205
622.0 48.94367016
624.0 49.2831196
626.0 49.60392624
628.0 49.90926688
630.0 50.2018
632.0 50.48388312
634.0 50.75777344
636.0 51.02372176
638.0 51.28089208
640.0 51.52895
642.0 51.76956752
644.0 52.00451696
646.0 52.2323604
648.0 52.45042264
650.0 52.65755
652.0 52.85474568
654.0 53.0418592
656.0 53.22370592
658.0 53.40755904
660.0 53.59805
662.0 53.79457688
664.0 53.99742392
666.0 54.20495256
668.0 54.413986
670.0 54.62215
672.0 54.82979568
674.0 55.03719056
676.0 55.24140864
678.0 55.43835352
680.0 55.62535
682.0 55.80146176
684.0 55.96438144
686.0 56.11785432
688.0 56.2684848
690.0 56.41955
692.0 56.56992968
694.0 56.72152992
696.0 56.86343256
698.0 56.9785832
700.0 57.057
702.0 57.10089
704.0 57.10879856
706.0 57.09246312
708.0 57.07102808
710.0 57.057
712.0 57.04884064
714.0 57.04782072
716.0 57.0519004
718.0 57.05598008
720.0 57.057
722.0 57.057
724.0 57.057
726.0 57.057
728.0 57.057
730.0 57.057
732.0 57.057
734.0 57.057
736.0 57.057
738.0 57.057
740.0 57.057
742.0 57.057
744.0 57.057
746.0 57.057
748.0 57.057
750.0 57.057
