380.0 11.71445
382.0 11.7213412
384.0 11.72907224
386.0 11.73622448
388.0 11.73266312
390.0 11.71445
392.0 11.69006848
394.0 11.66252808
396.0 11.64570128
398.0 11.65913768
400.0 11.71445
402.0 11.81144272
404.0 11.95444888
406.0 12.12654784
408.0 12.2997336
410.0 12.4564
412.0 12.60091096
414.0 12.73381824
416.0 12.85978672
418.0 12.9879288
420.0 13.1252
422.0 13.27009552
424.0 13.42057552
426.0 13.58810992
428.0 13.78933512
430.0 14.03435
432.0 14.32146584
434.0 14.65125112
436.0 15.0158976
438.0 15.40219648
440.0 15.8004
442.0 16.21042456
444.0 16.6312168
446.0 17.05543664
448.0 17.47388808
450.0 17.87995
452.0 18.2718668
454.0 18.64743144
456.0 19.00619248
458.0 19.34923672
460.0 19.67735
462.0 19.98936192
464.0 20.28435288
466.0 20.56496464
468.0 20.8353772
470.0 21.09855
472.0 21.35516856
474.0 21.60695504
476.0 21.85305672
478.0 22.0913
480.0 22.3212
482.0 22.54404416
484.0 22.75928072
486.0 22.97485168
488.0 23.20262824
490.0 23.4498
492.0 23.71466152
494.0 23.99694528
496.0 24.29210344
498.0 24.5924448
500.0 24.8919
502.0 25.18991728
504.0 25.48574424
506.0 25.772208
508.0 26.03977816
510.0 26.28175
512.0 26.49770552
514.0 26.6872936
516.0 26.84812328
518.0 26.97785376
520.0 27.07595
522.0 27.1438332
524.0 27.18277408
526.0 27.19931016
528.0 27.20288824
530.0 27.20135
532.0 27.19613336
534.0 27.18768976
536.0 27.18802416
538.0 27.21352216
540.0 27.2745
542.0 27.370222
544.0 27.50144056
546.0 27.66267152
548.0 27.84396648
550.0 28.03735
552.0 28.24522976
554.0 28.47267192
556.0 28.70011408
558.0 28.89829624
560.0 29.051
562.0 29.16509728
564.0 29.24326328
566.0 29.30554528
568.0 29.38312608
570.0 29.50035
572.0 29.65681576
574.0 29.84894528
576.0 30.11272
578.0 30.49871792
580.0 31.0365
582.0 31.72041488
584.0 32.5523352
586.0 33.49862032
588.0 34.50451224
590.0 35.53
592.0 36.57476592
594.0 37.63514832
596.0 38.68357592
598.0 39.68602352
600.0 40.61915
602.0 41.47717024
604.0 42.25128952
606.0 42.9501688
608.0 43.59311968
610.0 44.19305
612.0 44.74561256
614.0 45.2496704
616.0 45.71100864
618.0 46.13706768
620.0 46.53385
622.0 46.9036964
624.0 47.24899784
626.0 47.57440248
628.0 47.88509352
630.0 48.18495
632.0 48.47589472
634.0 48.76010128
636.0 49.03728544
638.0 49.3056916
640.0 49.56435
642.0 49.81508312
644.0 50.05979704
646.0 50.29656896
648.0 50.52205488
650.0 50.73475
652.0 50.93570768
654.0 51.12462696
656.0 51.30727624
658.0 51.49243352
660.0 51.6857
662.0 51.88640688
664.0 52.09503904
666.0 52.3095232
668.0 52.52584656
670.0 52.74115
672.0 52.95590168
674.0 53.1701852
676.0 53.38179352
678.0 53.58780064
680.0 53.78615
682.0 53.97565448
684.0 54.15409032
686.0 54.32391536
688.0 54.4897276
690.0 54.6535
692.0 54.8142628
694.0 54.97382176
696.0 55.12150952
698.0 55.24085688
700.0 55.3223
702.0 55.36791216
704.0 55.37615512
706.0 55.35923448
708.0 55.33696344
710.0 55.3223
712.0 55.31373936
714.0 55.31266928
716.0 55.3169496
718.0 55.32122992
720.0 55.3223
722.0 55.3223
724.0 55.3223
726.0 55.3223
728.0 55.3223
730.0 55.3223
732.0 55.3223
734.0 55.3223
736.0 55.3223
738.0 55.3223
740.0 55.3223
742.0 55.3223
744.0 55.3223
746.0 55.3223
748.0 55.3223
750.0 55.3223
