380.0 14.97485
382.0 14.98121704
384.0 14.98844024
386.0 14.99527904
388.0 14.99201864
390.0 14.97485
392.0 14.95205344
394.0 14.92674264
396.0 14.91153104
398.0 14.92407464
400.0 14.97485
402.0 15.06425184
404.0 15.19725944
406.0 15.35685184
408.0 15.51485584
410.0 15.6541
412.0 15.77986784
414.0 15.89331304
416.0 16.00249464
418.0 16.12129024
420.0 16.2602
422.0 16.41768568
424.0 16.59120584
426.0 16.796076
428.0 17.05419936
430.0 17.37835
432.0 17.76568552
434.0 18.2166072
436.0 18.71710368
438.0 19.24443576
440.0 19.78185
442.0 20.32897856
444.0 20.88418288
446.0 21.4351236
448.0 21.96641832
450.0 22.4675
452.0 22.93587736
454.0 23.3677048
456.0 23.76651024
458.0 24.14040288
460.0 24.4948
462.0 24.8278624
464.0 25.13922224
466.0 25.43118688
468.0 25.70668232
470.0 25.96825
472.0 26.21741144
474.0 26.45587208
476.0 26.68572192
478.0 26.90913456
480.0 27.1282
482.0 27.34377096
484.0 27.55566352
486.0 27.76897728
488.0 27.99090184
490.0 28.22545
492.0 28.47108352
494.0 28.72703328
496.0 28.98858424
498.0 29.2483796
500.0 29.50035
502.0 29.74352568
504.0 29.97732144
506.0 30.1928088
508.0 30.37786576
510.0 30.52445
512.0 30.63307984
514.0 30.7041064
516.0 30.73701136
518.0 30.73221272
520.0 30.69165
522.0 30.61739648
524.0 30.51095696
526.0 30.38370104
528.0 30.25176352
530.0 30.12735
532.0 30.0118984
534.0 29.90651224
536.0 29.82169168
538.0 29.77072912
540.0 29.7616
542.0 29.7937024
544.0 29.86758808
546.0 29.97533176
548.0 30.10372464
550.0 30.2423
552.0 30.39341536
554.0 30.56262176
556.0 30.72706296
558.0 30.85288096
560.0 30.92155
562.0 30.94099536
564.0 30.91399256
566.0 30.86625696
568.0 30.83766576
570.0 30.85885
572.0 30.92885664
574.0 31.04323816
576.0 31.24381128
578.0 31.589096
580.0 32.11285
582.0 32.8084856
584.0 33.67882848
586.0 34.68033976
588.0 35.74271184
590.0 36.81535
592.0 37.89862208
594.0 38.98808056
596.0 40.05429824
598.0 41.06224672
600.0 41.9881
602.0 42.82471864
604.0 43.56148544
606.0 44.21189344
608.0 44.80311264
610.0 45.353
612.0 45.85650608
614.0 46.31326304
616.0 46.7263808
618.0 47.09845096
620.0 47.43255
622.0 47.73215568
624.0 47.9999432
626.0 48.24189832
628.0 48.46546144
630.0 48.6761
632.0 48.8758204
634.0 49.06728112
636.0 49.25038184
638.0 49.42328336
640.0 49.58525
642.0 49.73843864
644.0 49.88448784
646.0 50.02401624
648.0 50.15744184
650.0 50.2854
652.0 50.40869328
654.0 50.52778984
656.0 50.6446292
658.0 50.76180296
660.0 50.88105
662.0 51.00250408
664.0 51.1264996
666.0 51.25266872
668.0 51.38009184
670.0 51.50805
672.0 51.6364596
674.0 51.76496952
676.0 51.89306144
678.0 52.02015016
680.0 52.1455
682.0 52.26837528
684.0 52.38814064
686.0 52.5030572
688.0 52.61086776
690.0 52.7098
692.0 52.79978704
694.0 52.8812636
696.0 52.95145416
698.0 53.00642952
700.0 53.0442
702.0 53.06533408
704.0 53.06924656
706.0 53.06162224
708.0 53.05132272
710.0 53.0442
712.0 53.03991968
714.0 53.03938464
716.0 53.0415248
718.0 53.04366496
720.0 53.0442
722.0 53.0442
724.0 53.0442
726.0 53.0442
728.0 53.0442
730.0 53.0442
732.0 53.0442
734.0 53.0442
736.0 53.0442
738.0 53.0442
740.0 53.0442
742.0 53.0442
744.0 53.0442
746.0 53.0442
748.0 53.0442
750.0 53.0442
