380.0 12.06975
382.0 12.08197112
384.0 12.09580392
386.0 12.10883952
388.0 12.10256952
390.0 12.06975
392.0 12.02590304
394.0 11.97647992
396.0 11.9463624
398.0 11.97058488
400.0 12.06975
402.0 12.24340392
404.0 12.4995376
406.0 12.80583128
408.0 13.10911536
410.0 13.376
412.0 13.61360792
414.0 13.82081888
416.0 14.01013944
418.0 14.204894
420.0 14.421
422.0 14.65355848
424.0 14.89872384
426.0 15.1685512
428.0 15.47992776
430.0 15.8422
432.0 16.25337824
434.0 16.714984
436.0 17.21028056
438.0 17.71268312
440.0 18.2039
442.0 18.68470032
444.0 19.15314456
446.0 19.6052868
448.0 20.03845184
450.0 20.45065
452.0 20.83937328
454.0 21.2022976
456.0 21.54239912
458.0 21.86527904
460.0 22.1749
462.0 22.47089416
464.0 22.75367952
466.0 23.02526248
468.0 23.28798384
470.0 23.54385
472.0 23.79454968
474.0 24.04225648
476.0 24.28712088
478.0 24.52839048
480.0 24.7665
482.0 25.00272016
484.0 25.23664968
486.0 25.475846
488.0 25.73142792
490.0 26.01005
492.0 26.31007368
494.0 26.631198
496.0 26.96854072
498.0 27.31399264
500.0 27.66115
502.0 28.00937744
504.0 28.35788912
506.0 28.6991276
508.0 29.02306088
510.0 29.3227
512.0 29.59754336
514.0 29.8469556
516.0 30.06936504
518.0 30.26376848
520.0 30.4304
522.0 30.56999528
524.0 30.68298904
526.0 30.7763368
528.0 30.86023776
530.0 30.94245
532.0 31.02384296
534.0 31.1052192
536.0 31.19353424
538.0 31.29764968
540.0 31.42315
542.0 31.56991816
544.0 31.73835544
546.0 31.92526832
548.0 32.1248884
550.0 32.3323
552.0 32.54934232
554.0 32.78049632
556.0 33.00981112
558.0 33.21312632
560.0 33.3773
562.0 33.50850184
564.0 33.60913952
566.0 33.6973208
568.0 33.80096808
570.0 33.9416
572.0 34.11819664
574.0 34.3266616
576.0 34.59824456
578.0 34.97708632
580.0 35.4882
582.0 36.1262352
584.0 36.89390056
586.0 37.75411112
588.0 38.64751088
590.0 39.53235
592.0 40.40971528
594.0 41.27567752
596.0 42.11346656
598.0 42.9053592
600.0 43.6392
602.0 44.30922056
604.0 44.90821456
606.0 45.44609696
608.0 45.94192856
610.0 46.40845
612.0 46.84281888
614.0 47.24516896
616.0 47.61850984
618.0 47.96568392
620.0 48.28945
622.0 48.59226592
624.0 48.87618824
626.0 49.14447736
628.0 49.40081168
630.0 49.64795
632.0 49.88726336
634.0 50.12034016
636.0 50.34697976
638.0 50.56592816
640.0 50.77655
642.0 50.98018288
644.0 51.17813096
646.0 51.36955824
648.0 51.55287632
650.0 51.7275
652.0 51.89416496
654.0 52.05282104
656.0 52.20704632
658.0 52.3621912
660.0 52.5217
662.0 52.68525504
664.0 52.85319072
666.0 53.0243868
668.0 53.19658608
670.0 53.36815
672.0 53.5392792
674.0 53.7099068
676.0 53.8786952
678.0 54.0438888
680.0 54.20415
682.0 54.35854248
684.0 54.505528
686.0 54.64607632
688.0 54.78227744
690.0 54.91475
692.0 55.04289208
694.0 55.16799112
696.0 55.28238936
698.0 55.3743828
700.0 55.43725
702.0 55.47246232
704.0 55.47884936
706.0 55.4658412
708.0 55.44865304
710.0 55.43725
712.0 55.430562
714.0 55.429726
716.0 55.43307
718.0 55.436414
720.0 55.43725
722.0 55.43725
724.0 55.43725
726.0 55.43725
728.0 55.43725
730.0 55.43725
732.0 55.43725
734.0 55.43725
736.0 55.43725
738.0 55.43725
740.0 55.43725
742.0 55.43725
744.0 55.43725
746.0 55.43725
748.0 55.43725
750.0 55.43725
