380.0 9.5095
382.0 9.5165272
384.0 9.52446448
386.0 9.53191216
388.0 9.52830064
390.0 9.5095
392.0 9.48439832
394.0 9.45617016
396.0 9.4390012
398.0 9.45284784
400.0 9.5095
402.0 9.60885024
404.0 9.7556184
406.0 9.93156296
408.0 10.10658792
410.0 10.2619
412.0 10.40164576
414.0 10.52512296
416.0 10.64032376
418.0 10.76179456
420.0 10.89935
422.0 11.050248
424.0 11.21273296
426.0 11.39235592
428.0 11.59655728
430.0 11.8294
432.0 12.09018184
434.0 12.37975552
436.0 12.6898948
438.0 13.00755808
440.0 13.32375
442.0 13.63847056
444.0 13.9500812
446.0 14.25751184
448.0 14.56092968
450.0 14.8599
452.0 15.15293472
454.0 15.43969944
456.0 15.71710096
458.0 15.98087568
460.0 16.22885
462.0 16.4614252
464.0 16.67766496
466.0 16.88412352
468.0 17.09108368
470.0 17.3052
472.0 17.52617152
474.0 17.75556992
476.0 17.99031872
478.0 18.22448232
480.0 18.4547
482.0 18.68254344
484.0 18.90799592
486.0 19.1348696
488.0 19.36918368
490.0 19.61465
492.0 19.86994768
494.0 20.1341404
496.0 20.40677672
498.0 20.68693704
500.0 20.97315
502.0 21.26456288
504.0 21.56104192
506.0 21.85584896
508.0 22.1392864
510.0 22.4048
512.0 22.65247336
514.0 22.88170456
516.0 23.09220936
518.0 23.28474016
520.0 23.46025
522.0 23.61897296
524.0 23.76142736
526.0 23.89092376
528.0 24.01214376
530.0 24.12905
532.0 24.24277944
534.0 24.35415136
536.0 24.46878368
538.0 24.5941168
540.0 24.73515
542.0 24.8917328
544.0 25.06368128
546.0 25.25168096
548.0 25.45598264
550.0 25.67565
552.0 25.91166952
554.0 26.16785336
556.0 26.4294712
558.0 26.67378384
560.0 26.88785
562.0 27.076786
564.0 27.2423976
566.0 27.3977264
568.0 27.563338
570.0 27.7552
572.0 27.97261016
574.0 28.2127428
576.0 28.49944064
578.0 28.86639448
580.0 29.33315
582.0 29.8958616
584.0 30.55608424
586.0 31.28987488
588.0 32.05844312
590.0 32.8339
592.0 33.6164796
594.0 34.40364048
596.0 35.17943176
598.0 35.92495984
600.0 36.62725
602.0 37.28228944
604.0 37.88439336
606.0 38.43984848
608.0 38.9618636
610.0 39.4592
612.0 39.92921592
614.0 40.37151008
616.0 40.78872424
618.0 41.183868
620.0 41.55965
622.0 41.91765864
624.0 42.25916464
626.0 42.58762904
628.0 42.90731544
630.0 43.2212
632.0 43.53021904
634.0 43.83577704
636.0 44.13673704
638.0 44.43050744
640.0 44.71555
642.0 44.99325248
644.0 45.26491904
646.0 45.5295632
648.0 45.78551296
650.0 46.03225
652.0 46.27037624
654.0 46.4994068
656.0 46.72459176
658.0 46.95387312
660.0 47.1922
662.0 47.43882
664.0 47.69410096
666.0 47.95531752
668.0 48.21762088
670.0 48.47755
672.0 48.73557304
674.0 48.99187392
676.0 49.243744
678.0 49.48758848
680.0 49.7211
682.0 49.9428072
684.0 50.1494664
686.0 50.3465952
688.0 50.5436404
690.0 50.7452
692.0 50.94971904
694.0 51.1600232
696.0 51.35954296
698.0 51.52244592
700.0 51.63345
702.0 51.69566512
704.0 51.70681736
706.0 51.6835264
708.0 51.65312944
710.0 51.63345
712.0 51.6220804
714.0 51.6206592
716.0 51.626344
718.0 51.6320288
720.0 51.63345
722.0 51.63345
724.0 51.63345
726.0 51.63345
728.0 51.63345
730.0 51.63345
732.0 51.63345
734.0 51.63345
736.0 51.63345
738.0 51.63345
740.0 51.63345
742.0 51.63345
744.0 51.63345
746.0 51.63345
748.0 51.63345
750.0 51.63345
