380.0 9.614
382.0 9.6181776
384.0 9.62286992
386.0 9.62722184
388.0 9.62506496
390.0 9.614
392.0 9.59940592
394.0 9.58354104
396.0 9.57418496
398.0 9.58213408
400.0 9.614
402.0 9.67073096
404.0 9.75625376
406.0 9.86041936
408.0 9.96608976
410.0 10.06335
412.0 10.15574472
414.0 10.24322376
416.0 10.335886
418.0 10.44994984
420.0 10.5963
422.0 10.7729468
424.0 10.97877
426.0 11.2175316
428.0 11.4935788
430.0 11.8085
432.0 12.16100776
434.0 12.5509516
436.0 12.96798184
438.0 13.39654888
440.0 13.82535
442.0 14.25356592
444.0 14.67952464
446.0 15.09729056
448.0 15.50025928
450.0 15.884
452.0 16.24687416
454.0 16.58662456
456.0 16.90689616
458.0 17.21454416
460.0 17.5142
462.0 17.80484376
464.0 18.08632496
466.0 18.36036576
468.0 18.62897256
470.0 18.8936
472.0 19.15558568
474.0 19.41715336
476.0 19.67579504
478.0 19.92691272
480.0 20.1685
482.0 20.4016604
484.0 20.62498944
486.0 20.84831848
488.0 21.08677912
490.0 21.34935
492.0 21.63353984
494.0 21.93913128
496.0 22.25885112
498.0 22.58074456
500.0 22.89595
502.0 23.2041832
504.0 23.50440752
506.0 23.78991824
508.0 24.05235536
510.0 24.2858
512.0 24.48981744
514.0 24.66454144
516.0 24.80716304
518.0 24.91450544
520.0 24.98595
522.0 25.02368704
524.0 25.02920464
526.0 25.01231744
528.0 24.98723744
530.0 24.96505
532.0 24.94697568
534.0 24.93339904
536.0 24.9372112
538.0 24.97563376
540.0 25.0591
542.0 25.18627232
544.0 25.3573848
546.0 25.56411088
548.0 25.79240576
550.0 26.03095
552.0 26.28215128
554.0 26.55201208
556.0 26.81451608
558.0 27.03112368
560.0 27.18045
562.0 27.27067112
564.0 27.30391048
566.0 27.30864224
568.0 27.3294252
570.0 27.3999
572.0 27.51804352
574.0 27.67857224
576.0 27.92420576
578.0 28.31463448
580.0 28.8838
582.0 29.62544904
584.0 30.54439696
586.0 31.58941368
588.0 32.6782368
590.0 33.7535
592.0 34.81757752
594.0 35.86547008
596.0 36.87708024
598.0 37.8322604
600.0 38.71725
602.0 39.52420736
604.0 40.24348504
606.0 40.88961272
608.0 41.4895932
610.0 42.06125
612.0 42.60067064
614.0 43.10818952
616.0 43.5857796
618.0 44.03402608
620.0 44.4543
622.0 44.84982832
624.0 45.2230856
626.0 45.57719848
628.0 45.91567816
630.0 46.24125
632.0 46.55543552
634.0 46.85995688
636.0 47.15503144
638.0 47.4399904
640.0 47.7147
642.0 47.98068176
644.0 48.23940704
646.0 48.49069192
648.0 48.733784
650.0 48.9687
652.0 49.1962592
654.0 49.41647832
656.0 49.63318624
658.0 49.85198416
660.0 50.0764
662.0 50.30603248
664.0 50.54116584
666.0 50.7800612
668.0 51.01954176
670.0 51.25725
672.0 51.49338656
674.0 51.7280016
676.0 51.95868744
678.0 52.18218368
680.0 52.3963
682.0 52.59984928
684.0 52.79034024
686.0 52.9713008
688.0 53.14900096
690.0 53.32635
692.0 53.50222768
694.0 53.6788076
696.0 53.84359992
698.0 53.97720944
700.0 54.0683
702.0 54.11931272
704.0 54.12850872
706.0 54.10953152
708.0 54.08461872
710.0 54.0683
712.0 54.05880304
714.0 54.05761592
716.0 54.0623644
718.0 54.06711288
720.0 54.0683
722.0 54.0683
724.0 54.0683
726.0 54.0683
728.0 54.0683
730.0 54.0683
732.0 54.0683
734.0 54.0683
736.0 54.0683
738.0 54.0683
740.0 54.0683
742.0 54.0683
744.0 54.0683
746.0 54.0683
748.0 54.0683
750.0 54.0683
