380.0 16.29155
382.0 16.29531672
384.0 16.2997844
386.0 16.30438928
388.0 16.30253336
390.0 16.29155
392.0 16.27723336
394.0 16.26187968
396.0 16.2529868
398.0 16.26089752
400.0 16.29155
402.0 16.34568936
404.0 16.4275672
406.0 16.52357344
408.0 16.61147048
410.0 16.6782
412.0 16.72849376
414.0 16.76350544
416.0 16.79325032
418.0 16.8339468
420.0 16.89765
422.0 16.98327312
424.0 17.08902712
426.0 17.22897352
428.0 17.42267472
430.0 17.6814
432.0 18.00285872
434.0 18.38775312
436.0 18.82172072
438.0 19.28160432
440.0 19.7505
442.0 20.22800648
444.0 20.71216752
446.0 21.19214856
448.0 21.654908
450.0 22.0913
452.0 22.49871624
454.0 22.87376256
456.0 23.21837848
458.0 23.537998
460.0 23.83645
462.0 24.11243032
464.0 24.36562128
466.0 24.59950064
468.0 24.8189172
470.0 25.02775
472.0 25.2274704
474.0 25.41995104
476.0 25.60766648
478.0 25.79312472
480.0 25.9787
482.0 26.16539552
484.0 26.35304408
486.0 26.54712984
488.0 26.755344
490.0 26.9819
492.0 27.22557728
494.0 27.48654304
496.0 27.7576244
498.0 28.02753536
500.0 28.28815
502.0 28.5394516
504.0 28.7808048
506.0 29.0074444
508.0 29.2136856
510.0 29.39585
512.0 29.55308488
514.0 29.683852
516.0 29.79154552
518.0 29.88226824
520.0 29.96015
522.0 30.02524096
524.0 30.07912952
526.0 30.12072888
528.0 30.14744744
530.0 30.1587
532.0 30.15674376
534.0 30.14246488
536.0 30.1230028
538.0 30.10864032
540.0 30.10645
542.0 30.116482
544.0 30.1393884
546.0 30.1764232
548.0 30.2281716
550.0 30.29455
552.0 30.37734744
554.0 30.4802256
556.0 30.59347016
558.0 30.70161512
560.0 30.79615
562.0 30.88202392
564.0 30.96239696
566.0 31.0453616
568.0 31.14312344
570.0 31.2664
572.0 31.41559256
574.0 31.5875076
576.0 31.80816144
578.0 32.11525768
580.0 32.53085
582.0 33.04973848
584.0 33.67227424
586.0 34.3755676
588.0 35.12241656
590.0 35.8853
592.0 36.66358256
594.0 37.4547228
596.0 38.23741944
598.0 38.98483688
600.0 39.67865
602.0 40.31464536
604.0 40.88586744
606.0 41.39957272
608.0 41.8715616
610.0 42.31205
612.0 42.71735952
614.0 43.08687152
616.0 43.42202392
618.0 43.72398712
620.0 43.9945
622.0 44.23578632
624.0 44.44955152
626.0 44.64049392
628.0 44.81471632
630.0 44.9768
632.0 45.12823304
634.0 45.27092152
636.0 45.406086
638.0 45.53422808
640.0 45.65605
642.0 45.77315688
644.0 45.8869532
646.0 45.99773992
648.0 46.10534984
650.0 46.2099
652.0 46.3121428
654.0 46.41256312
656.0 46.51198024
658.0 46.61139736
660.0 46.7115
662.0 46.81238848
664.0 46.91417984
666.0 47.0168072
668.0 47.12001976
670.0 47.22355
672.0 47.32723072
674.0 47.4307944
676.0 47.53377288
678.0 47.63558096
680.0 47.7356
682.0 47.83327824
684.0 47.92803048
686.0 48.01893712
688.0 48.10491136
690.0 48.18495
692.0 48.258936
694.0 48.32733752
696.0 48.38729544
698.0 48.43462976
700.0 48.4671
702.0 48.48527464
704.0 48.48861864
706.0 48.48201424
708.0 48.47315264
710.0 48.4671
712.0 48.46348848
714.0 48.46303704
716.0 48.4648428
718.0 48.46664856
720.0 48.4671
722.0 48.4671
724.0 48.4671
726.0 48.4671
728.0 48.4671
730.0 48.4671
732.0 48.4671
734.0 48.4671
736.0 48.4671
738.0 48.4671
740.0 48.4671
742.0 48.4671
744.0 48.4671
746.0 48.4671
748.0 48.4671
750.0 48.4671
