380.0 22.0913
382.0 22.08988784
384.0 22.08836384
386.0 22.08707144
388.0 22.08782384
390.0 22.0913
392.0 22.09639416
394.0 22.10334064
396.0 22.10824232
398.0 22.1052856
400.0 22.0913
402.0 22.06825984
404.0 22.03781272
406.0 22.002684
408.0 21.96688648
410.0 21.93455
412.0 21.90823272
414.0 21.8903256
416.0 21.88897128
418.0 21.91487056
420.0 21.97635
422.0 22.07409512
424.0 22.20706928
426.0 22.38635784
428.0 22.6272596
430.0 22.93775
432.0 23.31500336
434.0 23.75923704
436.0 24.25304552
438.0 24.769426
440.0 25.289
442.0 25.81081448
444.0 26.33167592
446.0 26.84334136
448.0 27.3373672
450.0 27.80745
452.0 28.2504464
454.0 28.66356416
456.0 29.04666952
458.0 29.40160168
460.0 29.73025
462.0 30.03211288
464.0 30.30660512
466.0 30.56078256
468.0 30.8050952
470.0 31.04695
472.0 31.28709936
474.0 31.52736576
476.0 31.76913696
478.0 32.01283096
480.0 32.25915
482.0 32.50908056
484.0 32.76238856
486.0 33.02213376
488.0 33.29266336
490.0 33.57585
492.0 33.869286
494.0 34.17079776
496.0 34.47573712
498.0 34.77758328
500.0 35.0702
502.0 35.3514304
504.0 35.62038832
506.0 35.86401544
508.0 36.06425416
510.0 36.20925
512.0 36.30017336
514.0 36.33777664
516.0 36.32179232
518.0 36.2534744
520.0 36.1361
522.0 35.97256168
524.0 35.76476552
526.0 35.52988296
528.0 35.2923252
530.0 35.0702
532.0 34.86527968
534.0 34.67925296
536.0 34.52516144
538.0 34.41897272
540.0 34.37005
542.0 34.3776576
544.0 34.44239744
546.0 34.55286648
548.0 34.69042192
550.0 34.8403
552.0 35.00509232
554.0 35.19140328
556.0 35.36901984
558.0 35.4935504
560.0 35.54045
562.0 35.5193828
564.0 35.43339184
566.0 35.31521488
568.0 35.21593152
570.0 35.1747
572.0 35.19026632
574.0 35.25728008
576.0 35.42829224
578.0 35.7767036
580.0 36.3451
582.0 37.12577352
584.0 38.12272024
586.0 39.28251976
588.0 40.51856248
590.0 41.76865
592.0 43.03350128
594.0 44.30763216
596.0 45.55567984
598.0 46.73576072
600.0 47.8192
602.0 48.79726984
604.0 49.65751384
606.0 50.41434464
608.0 51.09769104
610.0 51.7275
612.0 52.29783592
614.0 52.80747824
616.0 53.26353296
618.0 53.67452728
620.0 54.0474
622.0 54.38569576
624.0 54.69317656
626.0 54.97382176
628.0 55.23122616
630.0 55.4686
632.0 55.68891944
634.0 55.89492656
636.0 56.08822648
638.0 56.2697388
640.0 56.44045
642.0 56.60236648
644.0 56.75761168
646.0 56.90541648
648.0 57.04377448
650.0 57.17195
652.0 57.29131408
654.0 57.40233488
656.0 57.50859048
658.0 57.61526408
660.0 57.7258
662.0 57.8401648
664.0 57.95886008
666.0 58.08131736
668.0 58.20603184
670.0 58.3319
672.0 58.45900544
674.0 58.58701376
676.0 58.71527288
678.0 58.8430304
680.0 58.96935
682.0 59.093496
684.0 59.21503368
686.0 59.33122096
688.0 59.43829584
690.0 59.53365
692.0 59.61735032
694.0 59.68953056
696.0 59.7490872
698.0 59.79476624
700.0 59.82625
702.0 59.84383944
704.0 59.84715
706.0 59.84093016
708.0 59.83236952
710.0 59.82625
712.0 59.82250472
714.0 59.82203656
716.0 59.8239092
718.0 59.82578184
720.0 59.82625
722.0 59.82625
724.0 59.82625
726.0 59.82625
728.0 59.82625
730.0 59.82625
732.0 59.82625
734.0 59.82625
736.0 59.82625
738.0 59.82625
740.0 59.82625
742.0 59.82625
744.0 59.82625
746.0 59.82625
748.0 59.82625
750.0 59.82625
