380.0 13.9403
382.0 13.94810256
384.0 13.95704192
386.0 13.96567448
388.0 13.96171184
390.0 13.9403
392.0 13.91187128
394.0 13.88020928
396.0 13.86114248
398.0 13.87685328
400.0 13.9403
402.0 14.05160504
404.0 14.21674848
406.0 14.41315832
408.0 14.60379976
410.0 14.76585
412.0 14.90522792
414.0 15.02218432
416.0 15.12735312
418.0 15.23946072
420.0 15.37195
422.0 15.5222628
424.0 15.68789112
426.0 15.88252864
428.0 16.12531976
430.0 16.4274
432.0 16.78664592
434.0 17.20382664
436.0 17.66564976
438.0 18.15054648
440.0 18.6428
442.0 19.14229328
444.0 19.64755496
446.0 20.14813504
448.0 20.63124272
450.0 21.0881
452.0 21.5166336
454.0 21.91385064
456.0 22.28256008
458.0 22.62928272
460.0 22.95865
462.0 23.2693076
464.0 23.56063688
466.0 23.83716896
468.0 24.10525744
470.0 24.3694
472.0 24.63066672
474.0 24.89111416
476.0 25.1499732
478.0 25.40481944
480.0 25.65475
482.0 25.9011192
484.0 26.1437264
486.0 26.3878384
488.0 26.6413136
490.0 26.90875
492.0 27.18865952
494.0 27.4804904
496.0 27.78051408
498.0 28.08271136
500.0 28.3822
502.0 28.67821088
504.0 28.96997488
506.0 29.25120528
508.0 29.51354208
510.0 29.75115
512.0 29.96386184
514.0 30.15166088
516.0 30.31237352
518.0 30.44374256
520.0 30.54535
522.0 30.61860032
524.0 30.66441312
526.0 30.69024552
528.0 30.70696552
530.0 30.723
532.0 30.7394692
534.0 30.75720912
536.0 30.78489744
538.0 30.83382016
540.0 30.9111
542.0 31.01641928
544.0 31.15014584
546.0 31.308618
548.0 31.48514776
550.0 31.67395
552.0 31.8769308
554.0 32.0989724
556.0 32.3213484
558.0 32.515802
560.0 32.6667
562.0 32.78121528
564.0 32.862742
566.0 32.92955512
568.0 33.00991144
570.0 33.1265
572.0 33.27922048
574.0 33.46384272
576.0 33.71935776
578.0 34.1011924
580.0 34.64175
582.0 35.3345432
584.0 36.18154496
586.0 37.14633912
588.0 38.16965328
590.0 39.2084
592.0 40.26262944
594.0 41.32867992
596.0 42.3780104
598.0 43.37559248
600.0 44.29755
602.0 45.13793064
604.0 45.8875384
606.0 46.55680656
608.0 47.16788912
610.0 47.7356
612.0 48.2555084
614.0 48.72681176
616.0 49.15514472
618.0 49.54736248
620.0 49.9092
622.0 50.24338264
624.0 50.55243512
626.0 50.8415908
628.0 51.11686888
630.0 51.38265
632.0 51.64092384
634.0 51.8941984
636.0 52.14128656
638.0 52.37892792
640.0 52.6053
642.0 52.82239248
644.0 53.03179376
646.0 53.23308584
648.0 53.42534912
650.0 53.6085
652.0 53.78324072
654.0 53.94945424
656.0 54.11132056
658.0 54.27502608
660.0 54.4445
662.0 54.61937448
664.0 54.80010096
666.0 54.98484024
668.0 55.17016472
670.0 55.35365
672.0 55.53559704
674.0 55.71592224
676.0 55.89315424
678.0 56.06545384
680.0 56.23145
682.0 56.39015624
684.0 56.53996744
686.0 56.68217104
688.0 56.81935864
690.0 56.9525
692.0 57.0809932
694.0 57.20617584
696.0 57.32049048
698.0 57.41231672
700.0 57.475
702.0 57.51007856
704.0 57.51644888
706.0 57.5035076
708.0 57.48638632
710.0 57.475
712.0 57.468312
714.0 57.467476
716.0 57.47082
718.0 57.474164
720.0 57.475
722.0 57.475
724.0 57.475
726.0 57.475
728.0 57.475
730.0 57.475
732.0 57.475
734.0 57.475
736.0 57.475
738.0 57.475
740.0 57.475
742.0 57.475
744.0 57.475
746.0 57.475
748.0 57.475
750.0 57.475
