380.0 12.67585
382.0 12.68308008
384.0 12.69125704
386.0 12.69895
388.0 12.69523816
390.0 12.67585
392.0 12.65001144
394.0 12.6210788
396.0 12.60355096
398.0 12.61779112
400.0 12.67585
402.0 12.77780856
404.0 12.92879016
406.0 13.10986776
408.0 13.28977496
410.0 13.44915
412.0 13.59282496
414.0 13.72073296
416.0 13.84145136
418.0 13.97027896
420.0 14.11795
422.0 14.28178928
424.0 14.45925536
426.0 14.66038024
428.0 14.89929232
430.0 15.18385
432.0 15.5123144
434.0 15.88578904
436.0 16.29086448
438.0 16.70622272
440.0 17.1171
442.0 17.52408152
444.0 17.92574608
446.0 18.31796384
448.0 18.69714
450.0 19.0608
452.0 19.40685384
454.0 19.73289384
456.0 20.04271544
458.0 20.34317384
460.0 20.63875
462.0 20.9285076
464.0 21.21261384
466.0 21.49103528
468.0 21.76310312
470.0 22.0286
472.0 22.28921464
474.0 22.54723768
476.0 22.80074632
478.0 23.04622936
480.0 23.2826
482.0 23.5114132
484.0 23.73205032
486.0 23.95486104
488.0 24.19539496
490.0 24.46345
492.0 24.75685256
494.0 25.07459944
496.0 25.41475112
498.0 25.7732948
500.0 26.1459
502.0 26.53091144
504.0 26.92724232
506.0 27.3227372
508.0 27.70034168
510.0 28.0478
512.0 28.36467744
514.0 28.6507232
516.0 28.89864736
518.0 29.09967192
520.0 29.24955
522.0 29.3499536
524.0 29.40125056
526.0 29.41584712
528.0 29.41272048
530.0 29.4063
532.0 29.39737152
534.0 29.38641992
536.0 29.38817552
538.0 29.42211712
540.0 29.50035
542.0 29.62213848
544.0 29.78845232
546.0 29.99113216
548.0 30.2158824
550.0 30.4513
552.0 30.70036112
554.0 30.96958656
556.0 31.2326256
558.0 31.45026984
560.0 31.6008
562.0 31.69276
564.0 31.7285408
566.0 31.7369844
568.0 31.7631512
570.0 31.84115
572.0 31.969058
574.0 32.1415248
576.0 32.4024404
578.0 32.8131672
580.0 33.40865
582.0 34.18206704
584.0 35.137498
586.0 36.22401376
588.0 37.35985352
590.0 38.48735
592.0 39.60812504
594.0 40.71717936
596.0 41.78944968
598.0 42.7975152
600.0 43.7228
602.0 44.55766304
604.0 45.29195528
606.0 45.94080832
608.0 46.53298056
610.0 47.0877
612.0 47.60076992
614.0 48.07235752
616.0 48.50699392
618.0 48.90894272
620.0 49.2822
622.0 49.63027696
624.0 49.95619992
626.0 50.26381448
628.0 50.55713344
630.0 50.83925
632.0 51.11210368
634.0 51.37778448
636.0 51.63602488
638.0 51.88523648
640.0 52.1246
642.0 52.35578744
644.0 52.58045408
646.0 52.79742952
648.0 53.00454016
650.0 53.20095
652.0 53.3874616
654.0 53.56370712
656.0 53.73476944
658.0 53.90833976
660.0 54.0892
662.0 54.27678168
664.0 54.47178704
666.0 54.6709724
668.0 54.86865296
670.0 55.06105
672.0 55.24876544
674.0 55.4315652
676.0 55.60918176
678.0 55.78178232
680.0 55.9493
682.0 56.1104808
684.0 56.26368616
686.0 56.41020352
688.0 56.55245728
690.0 56.69125
692.0 56.8260968
694.0 56.95853592
696.0 57.08019064
698.0 57.17818656
700.0 57.2451
702.0 57.28256952
704.0 57.28935784
706.0 57.27549696
708.0 57.25720528
710.0 57.2451
712.0 57.23801072
714.0 57.23712456
716.0 57.2406692
718.0 57.24421384
720.0 57.2451
722.0 57.2451
724.0 57.2451
726.0 57.2451
728.0 57.2451
730.0 57.2451
732.0 57.2451
734.0 57.2451
736.0 57.2451
738.0 57.2451
740.0 57.2451
742.0 57.2451
744.0 57.2451
746.0 57.2451
748.0 57.2451
750.0 57.2451
