380.0 12.54
382.0 12.54722432
384.0 12.55538688
386.0 12.56305104
388.0 12.5593392
390.0 12.54
392.0 12.51422424
394.0 12.48536424
396.0 12.46788024
398.0 12.48208064
400.0 12.54
402.0 12.6417412
404.0 12.79242184
406.0 12.97328208
408.0 13.15330632
410.0 13.3133
412.0 13.45802832
414.0 13.58732408
416.0 13.70993184
418.0 13.8414012
420.0 13.99255
422.0 14.160586
424.0 14.34295104
426.0 14.54905848
428.0 14.79211712
430.0 15.07935
432.0 15.40901824
434.0 15.78215848
436.0 16.18522752
438.0 16.59682376
440.0 17.00215
442.0 17.4016744
444.0 17.79377512
446.0 18.17484064
448.0 18.54211216
450.0 18.8936
452.0 19.22729776
454.0 19.54128264
456.0 19.83812952
458.0 20.1226872
460.0 20.3984
462.0 20.66490008
464.0 20.92242152
466.0 21.17300416
468.0 21.419156
470.0 21.66285
472.0 21.90515624
474.0 22.14744576
476.0 22.38998608
478.0 22.6324428
480.0 22.87505
482.0 23.1184932
484.0 23.36250488
486.0 23.61078016
488.0 23.86875304
490.0 24.1395
492.0 24.4217336
494.0 24.71471816
496.0 25.01556112
498.0 25.31974808
500.0 25.6234
502.0 25.92548024
504.0 26.22508592
506.0 26.5163316
508.0 26.79135888
510.0 27.0446
512.0 27.27597136
514.0 27.4857572
516.0 27.67079744
518.0 27.82724648
520.0 27.95375
522.0 28.05191312
524.0 28.12248824
526.0 28.17400256
528.0 28.21907968
530.0 28.26725
532.0 28.31913216
534.0 28.37506056
536.0 28.44411416
538.0 28.53816416
540.0 28.66435
542.0 28.82191928
544.0 29.01125656
546.0 29.22575744
548.0 29.45438672
550.0 29.68845
552.0 29.9299704
554.0 30.18356264
556.0 30.43055048
558.0 30.64326232
560.0 30.8066
562.0 30.92730168
564.0 31.00805928
566.0 31.06958888
568.0 31.14390928
570.0 31.25595
572.0 31.40529304
574.0 31.58824328
576.0 31.84116672
578.0 32.21514296
580.0 32.73985
582.0 33.40980368
584.0 34.22769592
586.0 35.15694336
588.0 36.13819
590.0 37.12885
592.0 38.129542
594.0 39.13663776
596.0 40.12601032
598.0 41.06906848
600.0 41.9463
602.0 42.751786
604.0 43.47694912
606.0 44.13222264
608.0 44.73892456
610.0 45.3112
612.0 45.84503616
614.0 46.33993144
616.0 46.79979832
618.0 47.2289004
620.0 47.6311
622.0 48.00890512
624.0 48.36437232
626.0 48.70211632
628.0 49.02765472
630.0 49.3449
632.0 49.6553068
634.0 49.96088152
636.0 50.26026984
638.0 50.55021136
640.0 50.8288
642.0 51.0977412
644.0 51.35843944
646.0 51.61019248
648.0 51.85174632
650.0 52.0828
652.0 52.30397216
654.0 52.51499528
656.0 52.7203336
658.0 52.92667512
660.0 53.13825
662.0 53.35455664
664.0 53.5759796
666.0 53.80057936
668.0 54.02476112
670.0 54.24595
672.0 54.46458072
674.0 54.68088736
676.0 54.892596
678.0 55.09661344
680.0 55.29095
682.0 55.47456904
684.0 55.6450796
686.0 55.80656136
688.0 55.96603672
690.0 56.12695
692.0 56.28819768
694.0 56.45195336
696.0 56.60601144
698.0 56.73131112
700.0 56.81665
702.0 56.86443576
704.0 56.87302984
706.0 56.85520632
708.0 56.8318652
710.0 56.81665
712.0 56.80782184
714.0 56.80671832
716.0 56.8111324
718.0 56.81554648
720.0 56.81665
722.0 56.81665
724.0 56.81665
726.0 56.81665
728.0 56.81665
730.0 56.81665
732.0 56.81665
734.0 56.81665
736.0 56.81665
738.0 56.81665
740.0 56.81665
742.0 56.81665
744.0 56.81665
746.0 56.81665
748.0 56.81665
750.0 56.81665
