380.0 12.88485
382.0 12.89358824
384.0 12.9035292
386.0 12.91299456
388.0 12.90853032
390.0 12.88485
392.0 12.8533332
394.0 12.81809376
396.0 12.79678392
398.0 12.81418088
400.0 12.88485
402.0 13.00884552
404.0 13.19251472
406.0 13.41188112
408.0 13.62748552
410.0 13.8149
412.0 13.9799264
414.0 14.12197952
416.0 14.25274664
418.0 14.39296056
420.0 14.55685
422.0 14.74061952
424.0 14.94110904
426.0 15.16893576
428.0 15.43881328
430.0 15.7586
432.0 16.12637312
434.0 16.54357056
436.0 16.9931212
438.0 17.44818944
440.0 17.8904
442.0 18.32063904
444.0 18.7371844
446.0 19.13650816
448.0 19.51652032
450.0 19.8759
452.0 20.21233984
454.0 20.52334856
456.0 20.81437688
458.0 21.0946208
460.0 21.37025
462.0 21.64056224
464.0 21.90610928
466.0 22.16739272
468.0 22.42416176
470.0 22.6765
472.0 22.92619648
474.0 23.17544152
476.0 23.42251296
478.0 23.6641504
480.0 23.89915
482.0 24.1287156
484.0 24.35214496
486.0 24.57766432
488.0 24.81773008
490.0 25.08
492.0 25.36230048
494.0 25.66346112
496.0 25.98100736
498.0 26.3105084
500.0 26.6475
502.0 26.9905108
504.0 27.33875496
506.0 27.68089632
508.0 28.00105088
510.0 28.28815
512.0 28.54227728
514.0 28.76343272
516.0 28.94721896
518.0 29.0888708
520.0 29.18685
522.0 29.24291216
524.0 29.25779296
526.0 29.24374816
528.0 29.21900256
530.0 29.1973
532.0 29.17945976
534.0 29.16591656
536.0 29.16976216
538.0 29.20813456
540.0 29.29135
542.0 29.41832168
544.0 29.58960136
546.0 29.79574224
548.0 30.02094392
550.0 30.25275
552.0 30.493936
554.0 30.75087224
556.0 30.99710768
558.0 31.19351752
560.0 31.31865
562.0 31.3811828
564.0 31.38350688
566.0 31.35623656
568.0 31.34702384
570.0 31.3918
572.0 31.48867568
574.0 31.63245096
576.0 31.86768464
578.0 32.25640792
580.0 32.8339
582.0 33.59342272
584.0 34.53928984
586.0 35.61925136
588.0 36.74945648
590.0 37.8708
592.0 38.98500408
594.0 40.08700256
596.0 41.15129744
598.0 42.15004992
600.0 43.06445
602.0 43.88677304
604.0 44.60673624
606.0 45.24008984
608.0 45.81659544
610.0 46.3562
612.0 46.8546232
614.0 47.31194864
616.0 47.73332608
618.0 48.12385512
620.0 48.488
622.0 48.82927192
624.0 49.15093128
626.0 49.45578704
628.0 49.74618
630.0 50.02415
632.0 50.29180376
634.0 50.55111424
636.0 50.80231552
638.0 51.0447388
640.0 51.27815
642.0 51.50398704
644.0 51.72375472
646.0 51.9364164
648.0 52.13996568
650.0 52.3336
652.0 52.5181052
654.0 52.6932472
656.0 52.8632896
658.0 53.0346696
660.0 53.2114
662.0 53.39302936
664.0 53.5801596
666.0 53.77013224
668.0 53.95826568
670.0 54.14145
672.0 54.32017008
674.0 54.49419184
676.0 54.6633648
678.0 54.82793976
680.0 54.9879
682.0 55.14210856
684.0 55.2891108
686.0 55.42984304
688.0 55.56614448
690.0 55.6985
692.0 55.82650832
694.0 55.95159064
696.0 56.06605576
698.0 56.15811608
700.0 56.221
702.0 56.25621232
704.0 56.26259936
706.0 56.2495912
708.0 56.23240304
710.0 56.221
712.0 56.214312
714.0 56.213476
716.0 56.21682
718.0 56.220164
720.0 56.221
722.0 56.221
724.0 56.221
726.0 56.221
728.0 56.221
730.0 56.221
732.0 56.221
734.0 56.221
736.0 56.221
738.0 56.221
740.0 56.221
742.0 56.221
744.0 56.221
746.0 56.221
748.0 56.221
750.0 56.221
