380.0 21.70465
382.0 21.69771496
384.0 21.69000808
386.0 21.6830212
388.0 21.68663272
390.0 21.70465
392.0 21.7293488
394.0 21.7588224
396.0 21.7776976
398.0 21.7638852
400.0 21.70465
402.0 21.60275832
404.0 21.457194
406.0 21.28412528
408.0 21.10963536
410.0 20.95225
412.0 20.8131396
414.0 20.69708608
416.0 20.60836976
418.0 20.54933144
420.0 20.5238
422.0 20.53613936
424.0 20.58713536
426.0 20.69205336
428.0 20.87229496
430.0 21.14035
432.0 21.49274072
434.0 21.92807936
436.0 22.4352304
438.0 22.99621984
440.0 23.5961
442.0 24.23224584
444.0 24.9025172
446.0 25.58499416
448.0 26.25008232
450.0 26.8774
452.0 27.46395432
454.0 28.00387656
456.0 28.5001596
458.0 28.96216664
460.0 29.39585
462.0 29.79798272
464.0 30.167896
466.0 30.50687728
468.0 30.81651496
470.0 31.0992
472.0 31.35772464
474.0 31.59468048
476.0 31.81667192
478.0 32.03230976
480.0 32.2487
482.0 32.4672304
484.0 32.68778392
486.0 32.92137904
488.0 33.18314736
490.0 33.4818
492.0 33.81497944
494.0 34.18189984
496.0 34.57331504
498.0 34.97442784
500.0 35.37325
502.0 35.76795904
504.0 36.15686624
506.0 36.52437184
508.0 36.84965944
510.0 37.1184
512.0 37.33004176
514.0 37.48376544
516.0 37.57687912
518.0 37.6079616
520.0 37.5782
522.0 37.48961744
524.0 37.34346792
526.0 37.1556856
528.0 36.94942768
530.0 36.7422
532.0 36.53644368
534.0 36.3349844
536.0 36.15116472
538.0 36.00120304
540.0 35.89575
542.0 35.8357252
544.0 35.82244952
546.0 35.85222784
548.0 35.91736896
550.0 36.0107
552.0 36.13494632
554.0 36.29731424
556.0 36.46946336
558.0 36.60842328
560.0 36.68995
562.0 36.72370768
564.0 36.71324096
566.0 36.68496744
568.0 36.68035272
570.0 36.73175
572.0 36.83830656
574.0 36.99495624
576.0 37.25000312
578.0 37.6714976
580.0 38.29925
582.0 39.12536848
584.0 40.15184272
586.0 41.33456536
588.0 42.601724
590.0 43.90045
592.0 45.22962312
594.0 46.58389296
596.0 47.9247868
598.0 49.20448544
600.0 50.3899
602.0 51.47278752
604.0 52.4408588
606.0 53.30376128
608.0 54.08490296
610.0 54.7998
612.0 55.44229944
614.0 56.01056208
616.0 56.51177752
618.0 56.95547616
620.0 57.3496
622.0 57.69740944
624.0 58.00219832
626.0 58.271708
628.0 58.51513448
630.0 58.73945
632.0 58.94776448
634.0 59.1437396
636.0 59.32817792
638.0 59.49999264
640.0 59.65905
642.0 59.80825928
644.0 59.95016192
646.0 60.08462416
648.0 60.2105592
650.0 60.32785
652.0 60.43785088
654.0 60.54108016
656.0 60.64113264
658.0 60.74310792
660.0 60.85035
662.0 60.9628756
664.0 61.08128664
666.0 61.20446288
668.0 61.33006352
670.0 61.45645
672.0 61.5836892
674.0 61.71124608
676.0 61.83888656
678.0 61.96661064
680.0 62.0939
682.0 62.21986848
684.0 62.34416496
686.0 62.46336184
688.0 62.57261032
690.0 62.66865
692.0 62.7516648
694.0 62.82167144
696.0 62.87821848
698.0 62.92113872
700.0 62.9508
702.0 62.96736952
704.0 62.97051288
706.0 62.96471104
708.0 62.956652
710.0 62.9508
712.0 62.94718848
714.0 62.94673704
716.0 62.9485428
718.0 62.95034856
720.0 62.9508
722.0 62.9508
724.0 62.9508
726.0 62.9508
728.0 62.9508
730.0 62.9508
732.0 62.9508
734.0 62.9508
736.0 62.9508
738.0 62.9508
740.0 62.9508
742.0 62.9508
744.0 62.9508
746.0 62.9508
748.0 62.9508
750.0 62.9508
