380.0 15.6959
382.0 15.70375824
384.0 15.7128368
386.0 15.72174776
388.0 15.71778512
390.0 15.6959
392.0 15.66694224
394.0 15.63489016
396.0 15.61571168
398.0 15.6317288
400.0 15.6959
402.0 15.80852592
404.0 15.97611048
406.0 16.17454344
408.0 16.3643656
410.0 16.52145
412.0 16.65213352
414.0 16.75639944
416.0 16.84754016
418.0 16.94846208
420.0 17.0753
422.0 17.2247768
424.0 17.39386616
426.0 17.59664632
428.0 17.85259608
430.0 18.17255
432.0 18.55411712
434.0 18.99853472
436.0 19.48759472
438.0 19.99237152
440.0 20.49245
442.0 20.98849896
444.0 21.47919752
446.0 21.95501528
448.0 22.40516784
450.0 22.8228
452.0 23.20555424
454.0 23.54935088
456.0 23.86363672
458.0 24.16479736
460.0 24.46345
462.0 24.757722
464.0 25.04849952
466.0 25.33401024
468.0 25.60999056
470.0 25.8742
472.0 26.12949768
474.0 26.37842504
476.0 26.6209988
478.0 26.85671736
480.0 27.0864
482.0 27.311284
484.0 27.5308176
486.0 27.7546984
488.0 27.997222
490.0 28.26725
492.0 28.56265896
494.0 28.8823788
496.0 29.22358384
498.0 29.58109088
500.0 29.9497
502.0 30.32777264
504.0 30.71442264
506.0 31.09647464
508.0 31.45545304
510.0 31.77845
512.0 32.06529832
514.0 32.31552984
516.0 32.52446296
518.0 32.68733248
520.0 32.80255
522.0 32.8713528
524.0 32.89389136
526.0 32.88307352
528.0 32.85829448
530.0 32.8339
532.0 32.81067592
534.0 32.78969232
536.0 32.78183392
538.0 32.80072752
540.0 32.8548
542.0 32.94406808
544.0 33.06966872
546.0 33.22452936
548.0 33.3964444
550.0 33.57585
552.0 33.76538792
554.0 33.97057576
556.0 34.1704132
558.0 34.33363384
560.0 34.4432
562.0 34.50686976
564.0 34.5278032
566.0 34.52934144
568.0 34.54751608
570.0 34.6104
572.0 34.71693984
574.0 34.86173504
576.0 35.08770584
578.0 35.45562944
580.0 36.00025
582.0 36.7143612
584.0 37.60147424
586.0 38.61331848
588.0 39.67231312
590.0 40.72365
592.0 41.76870016
594.0 42.80251448
596.0 43.8008824
598.0 44.73721912
600.0 45.59335
602.0 46.36191824
604.0 47.0334436
606.0 47.62070016
608.0 48.14868432
610.0 48.6343
612.0 49.0737852
614.0 49.46708976
616.0 49.82018272
618.0 50.13983568
620.0 50.4317
622.0 50.69900264
624.0 50.94485352
626.0 51.1731484
628.0 51.38773288
630.0 51.59165
632.0 51.7871904
634.0 51.9767952
636.0 52.1600464
638.0 52.3350212
640.0 52.5008
642.0 52.65902136
644.0 52.8108724
646.0 52.95678784
648.0 53.09710208
650.0 53.2323
652.0 53.36291664
654.0 53.48923624
656.0 53.61279704
658.0 53.73568904
660.0 53.8593
662.0 53.98366336
664.0 54.10896304
666.0 54.23493152
668.0 54.3609
670.0 54.4863
672.0 54.61104792
674.0 54.73494312
676.0 54.85716632
678.0 54.97663072
680.0 55.0924
682.0 55.20393912
684.0 55.31061272
686.0 55.41168512
688.0 55.50640392
690.0 55.594
692.0 55.67435632
694.0 55.74800792
696.0 55.81212912
698.0 55.86253992
700.0 55.89705
702.0 55.91632816
704.0 55.91988952
706.0 55.91291728
708.0 55.90352064
710.0 55.89705
712.0 55.89317096
714.0 55.89268608
716.0 55.8946256
718.0 55.89656512
720.0 55.89705
722.0 55.89705
724.0 55.89705
726.0 55.89705
728.0 55.89705
730.0 55.89705
732.0 55.89705
734.0 55.89705
736.0 55.89705
738.0 55.89705
740.0 55.89705
742.0 55.89705
744.0 55.89705
746.0 55.89705
748.0 55.89705
750.0 55.89705
