380.0 12.6445
382.0 12.65353328
384.0 12.66394432
386.0 12.67411576
388.0 12.6695512
390.0 12.6445
392.0 12.61124152
394.0 12.57413536
396.0 12.5517652
398.0 12.57019184
400.0 12.6445
402.0 12.7745816
404.0 12.9672796
406.0 13.1952568
408.0 13.4138708
410.0 13.59545
412.0 13.74633128
414.0 13.8657288
416.0 13.96690152
418.0 14.07342464
420.0 14.20155
422.0 14.34796704
424.0 14.51097032
426.0 14.7003912
428.0 14.92910408
430.0 15.20475
432.0 15.5263592
434.0 15.8942828
436.0 16.3006624
438.0 16.73254
440.0 17.1798
442.0 17.64167328
444.0 18.1172068
446.0 18.59483032
448.0 19.05916144
450.0 19.4997
452.0 19.9149412
454.0 20.30194232
456.0 20.66294384
458.0 21.00379776
460.0 21.32845
462.0 21.63549608
464.0 21.92480224
466.0 22.198308
468.0 22.45852136
470.0 22.70785
472.0 22.9474476
474.0 23.1780164
476.0 23.4043216
478.0 23.6328004
480.0 23.8678
482.0 24.10960464
484.0 24.35895
486.0 24.61531776
488.0 24.87703592
490.0 25.1427
492.0 25.41190872
494.0 25.68355856
496.0 25.956546
498.0 26.22970064
500.0 26.5012
502.0 26.76952256
504.0 27.03415
506.0 27.28774224
508.0 27.51993288
510.0 27.72385
512.0 27.90009552
514.0 28.04892024
516.0 28.16982256
518.0 28.26305328
520.0 28.32995
522.0 28.37180016
524.0 28.38943976
526.0 28.39127896
528.0 28.38935616
530.0 28.39265
532.0 28.40204664
534.0 28.41836536
536.0 28.44847808
538.0 28.500912
540.0 28.58075
542.0 28.68814256
544.0 28.82442728
546.0 28.9826988
548.0 29.15150392
550.0 29.3227
552.0 29.49906256
554.0 29.6848552
556.0 29.86847424
558.0 30.03269808
560.0 30.16915
562.0 30.28314696
564.0 30.37634424
566.0 30.46970872
568.0 30.5949248
570.0 30.77525
572.0 31.0096644
574.0 31.29584392
576.0 31.65634384
578.0 32.12167816
580.0 32.7085
582.0 33.41259592
584.0 34.23506944
586.0 35.14582456
588.0 36.09746008
590.0 37.0557
592.0 38.01892248
594.0 38.98164336
596.0 39.92689184
598.0 40.83610872
600.0 41.6955
602.0 42.49921368
604.0 43.24171544
606.0 43.9216008
608.0 44.54095976
610.0 45.1022
612.0 45.6036328
614.0 46.0432852
616.0 46.433948
618.0 46.7950164
620.0 47.13995
622.0 47.46931728
624.0 47.7858436
626.0 48.09100032
628.0 48.38420224
630.0 48.66565
632.0 48.93805224
634.0 49.20321472
636.0 49.46194
638.0 49.71464608
640.0 49.96145
642.0 50.20362248
644.0 50.4434876
646.0 50.67599592
648.0 50.89295464
650.0 51.09005
652.0 51.26893728
654.0 51.42881392
656.0 51.57916016
658.0 51.7347732
660.0 51.90515
662.0 52.08861856
664.0 52.28507856
666.0 52.49299176
668.0 52.70876336
670.0 52.92925
672.0 53.15533784
674.0 53.38893296
676.0 53.62052168
678.0 53.835892
680.0 54.0265
682.0 54.1921116
684.0 54.32836288
686.0 54.44822856
688.0 54.57336104
690.0 54.7162
692.0 54.87380272
694.0 55.04931256
696.0 55.2245716
698.0 55.37023624
700.0 55.4686
702.0 55.52357536
704.0 55.5333064
706.0 55.51243984
708.0 55.48555408
710.0 55.4686
712.0 55.45896928
714.0 55.45776544
716.0 55.4625808
718.0 55.46739616
720.0 55.4686
722.0 55.4686
724.0 55.4686
726.0 55.4686
728.0 55.4686
730.0 55.4686
732.0 55.4686
734.0 55.4686
736.0 55.4686
738.0 55.4686
740.0 55.4686
742.0 55.4686
744.0 55.4686
746.0 55.4686
748.0 55.4686
750.0 55.4686
