380.0 11.08745
382.0 11.097218
384.0 11.10839576
386.0 11.11916432
388.0 11.11419848
390.0 11.08745
392.0 11.05189184
394.0 11.01217832
396.0 10.9881992
398.0 11.00785928
400.0 11.08745
402.0 11.22696168
404.0 11.4336376
406.0 11.67943832
408.0 11.91838384
410.0 12.122
412.0 12.2968076
414.0 12.44178672
416.0 12.57104904
418.0 12.70959096
420.0 12.8744
422.0 13.0614132
424.0 13.26818944
426.0 13.50414208
428.0 13.78164392
430.0 14.1075
432.0 14.4804396
434.0 14.90134888
436.0 15.35762096
438.0 15.82927544
440.0 16.302
442.0 16.77564416
444.0 17.24856936
446.0 17.71363616
448.0 18.16281896
450.0 18.59055
452.0 18.99472256
454.0 19.37267816
456.0 19.72722576
458.0 20.06430096
460.0 20.38795
462.0 20.69733688
464.0 20.99276256
466.0 21.27556464
468.0 21.54716432
470.0 21.80915
472.0 22.06284256
474.0 22.30919504
476.0 22.55170192
478.0 22.7949612
480.0 23.04225
482.0 23.2939696
484.0 23.55055472
486.0 23.81307544
488.0 24.08245136
490.0 24.35895
492.0 24.64181896
494.0 24.92988784
496.0 25.22196952
498.0 25.5165592
500.0 25.8115
502.0 26.10523696
504.0 26.39721832
506.0 26.67916768
508.0 26.93938104
510.0 27.17
512.0 27.37171008
514.0 27.54501288
516.0 27.68821968
518.0 27.79990928
520.0 27.8806
522.0 27.9319304
524.0 27.95465288
526.0 27.95956856
528.0 27.96239424
530.0 27.97465
532.0 27.996804
534.0 28.02920736
536.0 28.08042072
538.0 28.16122848
540.0 28.2777
542.0 28.42931696
544.0 28.61729992
546.0 28.83086448
548.0 29.05270544
550.0 29.27045
552.0 29.4871412
554.0 29.70749408
556.0 29.91622656
558.0 30.09118464
560.0 30.2214
562.0 30.31272464
564.0 30.36616176
566.0 30.40906528
568.0 30.4831516
570.0 30.6185
572.0 30.81305392
574.0 31.06382048
576.0 31.39626424
578.0 31.8444104
580.0 32.42635
582.0 33.13765224
584.0 33.98075824
586.0 34.91632584
588.0 35.88265824
590.0 36.83625
592.0 37.77681688
594.0 38.69864064
596.0 39.5863556
598.0 40.42516456
600.0 41.20435
602.0 41.91752488
604.0 42.5584192
606.0 43.13201552
608.0 43.64968344
610.0 44.1199
612.0 44.54102664
614.0 44.91244472
616.0 45.2444872
618.0 45.55161688
620.0 45.84415
622.0 46.12374184
624.0 46.3933184
626.0 46.65436776
628.0 46.90663912
630.0 47.1504
632.0 47.38794104
634.0 47.62086736
636.0 47.84919568
638.0 48.0722572
640.0 48.28945
642.0 48.50189432
644.0 48.71152968
646.0 48.91389184
648.0 49.1018748
650.0 49.27175
652.0 49.42477144
654.0 49.55995264
656.0 49.68610504
658.0 49.81702264
660.0 49.96145
662.0 50.11799936
664.0 50.28718904
666.0 50.46582552
668.0 50.647806
670.0 50.8288
672.0 51.00986088
674.0 51.19180792
676.0 51.37041096
678.0 51.5397344
680.0 51.69615
682.0 51.8388552
684.0 51.96505776
686.0 52.08131192
688.0 52.19865288
690.0 52.32315
692.0 52.4532316
694.0 52.59102112
696.0 52.72437984
698.0 52.83399616
700.0 52.90835
702.0 52.94994936
704.0 52.95737304
706.0 52.94172312
708.0 52.9213916
710.0 52.90835
712.0 52.90085944
714.0 52.89992312
716.0 52.9036684
718.0 52.90741368
720.0 52.90835
722.0 52.90835
724.0 52.90835
726.0 52.90835
728.0 52.90835
730.0 52.90835
732.0 52.90835
734.0 52.90835
736.0 52.90835
738.0 52.90835
740.0 52.90835
742.0 52.90835
744.0 52.90835
746.0 52.90835
748.0 52.90835
750.0 52.90835
