380.0 12.15335
382.0 12.15959096
384.0 12.16676648
386.0 12.173744
388.0 12.17058392
390.0 12.15335
392.0 12.130492
394.0 12.1050732
396.0 12.089792
398.0 12.1024332
400.0 12.15335
402.0 12.24265152
404.0 12.3752244
406.0 12.53254288
408.0 12.68426016
410.0 12.8117
412.0 12.9197112
414.0 13.00847768
416.0 13.08696136
418.0 13.17087904
420.0 13.2715
422.0 13.38671752
424.0 13.51449176
426.0 13.666092
428.0 13.85723504
430.0 14.09705
432.0 14.38401536
434.0 14.7192012
436.0 15.09092024
438.0 15.48019528
440.0 15.87355
442.0 16.27125192
444.0 16.67196344
446.0 17.06933096
448.0 17.45624848
450.0 17.8277
452.0 18.1818296
454.0 18.51653056
456.0 18.83325752
458.0 19.13568888
460.0 19.42655
462.0 19.70540616
464.0 19.97247472
466.0 20.23043088
468.0 20.48286944
470.0 20.7328
472.0 20.98144312
474.0 21.23003608
476.0 21.48163864
478.0 21.7399292
480.0 22.0077
482.0 22.2855028
484.0 22.57345464
486.0 22.87394648
488.0 23.18998792
490.0 23.52295
492.0 23.87141152
494.0 24.23386768
496.0 24.60752624
498.0 24.988458
500.0 25.3726
502.0 25.75801272
504.0 26.14367624
506.0 26.51955856
508.0 26.87178208
510.0 27.1909
512.0 27.47701264
514.0 27.72983576
516.0 27.94779768
518.0 28.130146
520.0 28.2777
522.0 28.39154648
524.0 28.47213688
526.0 28.52982088
528.0 28.57973008
530.0 28.633
532.0 28.69033288
534.0 28.75253128
536.0 28.82752048
538.0 28.92508168
540.0 29.051
542.0 29.20545936
544.0 29.39006488
546.0 29.5964064
548.0 29.81060632
550.0 30.02285
552.0 30.23629752
554.0 30.4556472
556.0 30.66797448
558.0 30.85421856
560.0 31.00515
562.0 31.12643688
564.0 31.21948368
566.0 31.30851768
568.0 31.43023928
570.0 31.61125
572.0 31.84997816
574.0 32.14376528
576.0 32.5160528
578.0 32.99827432
580.0 33.6072
582.0 34.33856624
584.0 35.1942624
586.0 36.13899256
588.0 37.11741352
590.0 38.09025
592.0 39.0565824
594.0 40.01050856
596.0 40.93743192
598.0 41.82314048
600.0 42.6569
602.0 43.4325408
604.0 44.14474592
606.0 44.79366584
608.0 45.38322976
610.0 45.9173
612.0 46.39480648
614.0 46.81436144
616.0 47.1896084
618.0 47.54077856
620.0 47.8819
622.0 48.2137084
624.0 48.538996
626.0 48.8591004
628.0 49.173102
630.0 49.48075
632.0 49.78450224
634.0 50.086014
636.0 50.38443256
638.0 50.67783512
640.0 50.96465
642.0 51.245964
644.0 51.52381696
646.0 51.79247392
648.0 52.04307328
650.0 52.2709
652.0 52.47729168
654.0 52.66091072
656.0 52.83249136
658.0 53.0089208
660.0 53.20095
662.0 53.4066896
664.0 53.62635696
666.0 53.85705952
668.0 54.09294528
670.0 54.32955
672.0 54.56809424
674.0 54.81026672
676.0 55.048092
678.0 55.26986608
680.0 55.4686
682.0 55.64377544
684.0 55.7912124
686.0 55.92293256
688.0 56.05891632
690.0 56.21055
692.0 56.37519184
694.0 56.55603536
696.0 56.73512328
698.0 56.88353
700.0 56.98385
702.0 57.03992888
704.0 57.04987728
706.0 57.02864288
708.0 57.00122208
710.0 56.98385
712.0 56.97395176
714.0 56.97271448
716.0 56.9776636
718.0 56.98261272
720.0 56.98385
722.0 56.98385
724.0 56.98385
726.0 56.98385
728.0 56.98385
730.0 56.98385
732.0 56.98385
734.0 56.98385
736.0 56.98385
738.0 56.98385
740.0 56.98385
742.0 56.98385
744.0 56.98385
746.0 56.98385
748.0 56.98385
750.0 56.98385
