380.0 13.7731
382.0 13.78395312
384.0 13.79637232
386.0 13.80833632
388.0 13.80281872
390.0 13.7731
392.0 13.7335592
394.0 13.68929952
396.0 13.66252144
398.0 13.68439856
400.0 13.7731
402.0 13.92844552
404.0 14.15827864
406.0 14.43141656
408.0 14.69677968
410.0 14.9226
412.0 15.1163848
414.0 15.27786656
416.0 15.42037112
418.0 15.56797528
420.0 15.7377
422.0 15.92593376
424.0 16.12980072
426.0 16.36451608
428.0 16.65114704
430.0 17.00215
432.0 17.4153848
434.0 17.89147008
436.0 18.41763176
438.0 18.97288624
440.0 19.5415
442.0 20.12312192
444.0 20.71663176
446.0 21.3078008
448.0 21.87815344
450.0 22.41525
452.0 22.91708408
454.0 23.3797432
456.0 23.80804272
458.0 24.21226544
460.0 24.5993
462.0 24.96702296
464.0 25.31493272
466.0 25.64595528
468.0 25.96376904
470.0 26.2713
472.0 26.57037064
474.0 26.86350568
476.0 27.15062152
478.0 27.43038056
480.0 27.70295
482.0 27.96990152
484.0 28.23090072
486.0 28.49424072
488.0 28.77212712
490.0 29.0719
492.0 29.39168672
494.0 29.73093552
496.0 30.08489792
498.0 30.44563192
500.0 30.8066
502.0 31.16688256
504.0 31.52566032
506.0 31.87348648
508.0 32.19757024
510.0 32.48905
512.0 32.7475412
514.0 32.97240848
516.0 33.16166216
518.0 33.31396464
520.0 33.42955
522.0 33.5094716
524.0 33.55449856
526.0 33.57294072
528.0 33.57692008
530.0 33.57585
532.0 33.5713356
534.0 33.56499872
536.0 33.56560064
538.0 33.58417656
540.0 33.6281
542.0 33.69795616
544.0 33.79466464
546.0 33.91687112
548.0 34.0610644
550.0 34.22375
552.0 34.406834
554.0 34.61501472
556.0 34.83130464
558.0 35.02970416
560.0 35.1956
562.0 35.33531232
564.0 35.45161664
566.0 35.55989536
568.0 35.68414168
570.0 35.8435
572.0 36.03733496
574.0 36.26138296
576.0 36.54888336
578.0 36.94732096
580.0 37.48415
582.0 38.153368
584.0 38.95664696
586.0 39.86049672
588.0 40.81082808
590.0 41.76865
592.0 42.73416312
594.0 43.70392312
596.0 44.65478952
598.0 45.55909072
600.0 46.398
602.0 47.16593288
604.0 47.85449592
606.0 48.47425616
608.0 49.0465316
610.0 49.58525
612.0 50.08639856
614.0 50.54979336
616.0 50.97707296
618.0 51.36907336
620.0 51.7275
622.0 52.05517856
624.0 52.35404856
626.0 52.62967776
628.0 52.88933936
630.0 53.13825
632.0 53.37781416
634.0 53.61013856
636.0 53.83502256
638.0 54.05071056
640.0 54.2564
642.0 54.4540304
644.0 54.64527376
646.0 54.82982912
648.0 55.00677688
650.0 55.176
652.0 55.33833448
654.0 55.49386392
656.0 55.64613296
658.0 55.8003248
660.0 55.95975
662.0 56.12415776
664.0 56.29394936
666.0 56.46767016
668.0 56.64256136
670.0 56.81665
672.0 56.99008656
674.0 57.16263696
676.0 57.33318096
678.0 57.50038096
680.0 57.6631
682.0 57.82031816
684.0 57.97063096
686.0 58.11425576
688.0 58.25211216
690.0 58.38415
692.0 58.50990112
694.0 58.63048576
696.0 58.7392828
698.0 58.82626024
700.0 58.88575
702.0 58.91905624
704.0 58.9251256
706.0 58.91288656
708.0 58.89663472
710.0 58.88575
712.0 58.87932952
714.0 58.87852696
716.0 58.8817372
718.0 58.88494744
720.0 58.88575
722.0 58.88575
724.0 58.88575
726.0 58.88575
728.0 58.88575
730.0 58.88575
732.0 58.88575
734.0 58.88575
736.0 58.88575
738.0 58.88575
740.0 58.88575
742.0 58.88575
744.0 58.88575
746.0 58.88575
748.0 58.88575
750.0 58.88575
