380.0 12.48775
382.0 12.49270488
384.0 12.49840408
386.0 12.50395048
388.0 12.50144248
390.0 12.48775
392.0 12.46961288
394.0 12.44950968
396.0 12.43746088
398.0 12.44748248
400.0 12.48775
402.0 12.55845888
404.0 12.66362768
406.0 12.78852608
408.0 12.90899368
410.0 13.01025
412.0 13.09659208
414.0 13.16882248
416.0 13.23377968
418.0 13.30333488
420.0 13.38645
422.0 13.48210512
424.0 13.58882888
426.0 13.71854264
428.0 13.88805
430.0 14.1075
432.0 14.3753544
434.0 14.69223184
436.0 15.04957168
438.0 15.43299472
440.0 15.83175
442.0 16.24563688
444.0 16.67366888
446.0 17.10654968
448.0 17.53232448
450.0 17.94265
452.0 18.33570376
454.0 18.70866008
456.0 19.0628064
458.0 19.40223912
460.0 19.7296
462.0 20.04345112
464.0 20.3433912
466.0 20.63045688
468.0 20.90606936
470.0 21.1717
472.0 21.42841888
474.0 21.67729608
476.0 21.92090648
478.0 22.16251048
480.0 22.4048
482.0 22.64837696
484.0 22.89325808
486.0 23.1434896
488.0 23.40458912
490.0 23.6797
492.0 23.96704992
494.0 24.2645656
496.0 24.57127728
498.0 24.88584736
500.0 25.2054
502.0 25.5275108
504.0 25.85161128
506.0 26.16283736
508.0 26.43987104
510.0 26.6684
512.0 26.84962808
514.0 26.98412376
516.0 27.06921184
518.0 27.10296952
520.0 27.0864
522.0 27.02166016
524.0 26.90945224
526.0 26.76748272
528.0 26.6216676
530.0 26.49075
532.0 26.37558264
534.0 26.27758672
536.0 26.2076804
538.0 26.17873808
540.0 26.19815
542.0 26.26615024
544.0 26.3847452
546.0 26.54096016
548.0 26.71372792
550.0 26.88785
552.0 27.06722216
554.0 27.25808096
556.0 27.43991096
558.0 27.58278336
560.0 27.6716
562.0 27.7144868
564.0 27.71370096
566.0 27.70254872
568.0 27.73177528
570.0 27.8388
572.0 28.02211808
574.0 28.27821832
576.0 28.64441976
578.0 29.1713004
580.0 29.887
582.0 30.7851984
584.0 31.86795216
586.0 33.08931472
588.0 34.37638688
590.0 35.6763
592.0 36.98704768
594.0 38.30110592
596.0 39.58958256
598.0 40.8195392
600.0 41.9672
602.0 43.02413808
604.0 43.98142496
606.0 44.84006384
608.0 45.60841472
610.0 46.2935
612.0 46.89234352
614.0 47.40240384
616.0 47.84224016
618.0 48.23944048
620.0 48.6134
622.0 48.96547304
624.0 49.29963896
626.0 49.61959288
628.0 49.926756
630.0 50.2227
632.0 50.51130392
634.0 50.79584488
636.0 51.07478464
638.0 51.3443612
640.0 51.6021
642.0 51.85017464
644.0 52.09119344
646.0 52.32067544
648.0 52.53151464
650.0 52.72025
652.0 52.88838632
654.0 53.03487024
656.0 53.17073696
658.0 53.31304088
660.0 53.47265
662.0 53.64794248
664.0 53.83945336
666.0 54.04375504
668.0 54.25407592
670.0 54.4654
672.0 54.67901472
674.0 54.89639144
676.0 55.11025696
678.0 55.31007768
680.0 55.4895
682.0 55.647922
684.0 55.78156496
686.0 55.90082872
688.0 56.02310208
690.0 56.1583
692.0 56.30406496
694.0 56.46312232
696.0 56.62000608
698.0 56.74980344
700.0 56.83755
702.0 56.88658976
704.0 56.89530088
706.0 56.8767584
708.0 56.85278192
710.0 56.83755
712.0 56.8288556
714.0 56.8277688
716.0 56.832116
718.0 56.8364632
720.0 56.83755
722.0 56.83755
724.0 56.83755
726.0 56.83755
728.0 56.83755
730.0 56.83755
732.0 56.83755
734.0 56.83755
736.0 56.83755
738.0 56.83755
740.0 56.83755
742.0 56.83755
744.0 56.83755
746.0 56.83755
748.0 56.83755
750.0 56.83755
