380.0 9.5513
382.0 9.5568648
384.0 9.56301872
386.0 9.56853824
388.0 9.56562896
390.0 9.5513
392.0 9.53201208
394.0 9.51002824
396.0 9.4964732
398.0 9.50707856
400.0 9.5513
402.0 9.62884736
404.0 9.742744
406.0 9.88096824
408.0 10.02345608
410.0 10.1574
412.0 10.28527456
414.0 10.40647784
416.0 10.52425352
418.0 10.6452896
420.0 10.77395
422.0 10.90826176
424.0 11.04683712
426.0 11.19218408
428.0 11.34789744
430.0 11.5159
432.0 11.69560656
434.0 11.88723448
436.0 12.086888
438.0 12.28846432
440.0 12.48775
442.0 12.68486208
444.0 12.8793324
446.0 13.07020792
448.0 13.25681984
450.0 13.4387
452.0 13.61533008
454.0 13.78624192
456.0 13.95222136
458.0 14.1146896
460.0 14.2747
462.0 14.43218568
464.0 14.58716336
466.0 14.74063624
468.0 14.89394192
470.0 15.048
472.0 15.20314488
474.0 15.36002864
476.0 15.5179156
478.0 15.67538456
480.0 15.83175
482.0 15.98746336
484.0 16.1424076
486.0 16.29860584
488.0 16.45915128
490.0 16.62595
492.0 16.79796536
494.0 16.97392664
496.0 17.15473672
498.0 17.3418168
500.0 17.5351
502.0 17.73334904
504.0 17.93656392
506.0 18.1368528
508.0 18.32259528
510.0 18.48605
512.0 18.6280028
514.0 18.7486376
516.0 18.8470348
518.0 18.9229436
520.0 18.9772
522.0 19.01074032
524.0 19.0240996
526.0 19.02483528
528.0 19.02389896
530.0 19.02945
532.0 19.04217392
534.0 19.06270608
536.0 19.09745024
538.0 19.154432
540.0 19.23845
542.0 19.34890232
544.0 19.48560504
546.0 19.64437816
548.0 19.81828288
550.0 20.0013
552.0 20.19434912
554.0 20.40087456
556.0 20.6039724
558.0 20.77856264
560.0 20.91045
562.0 21.00602152
564.0 21.0693736
566.0 21.11274528
568.0 21.15511376
570.0 21.2135
572.0 21.28927504
574.0 21.37859328
576.0 21.52325472
578.0 21.78353496
580.0 22.1958
582.0 22.75376312
584.0 23.45934712
586.0 24.28255632
588.0 25.17306352
590.0 26.09365
592.0 27.04486752
594.0 28.02491032
596.0 29.00202712
598.0 29.93500312
600.0 30.79615
602.0 31.58093664
604.0 32.28040112
606.0 32.9061304
608.0 33.48236848
610.0 34.0252
612.0 34.52965912
614.0 34.9947092
616.0 35.42565048
618.0 35.82875296
620.0 36.20925
622.0 36.57000072
624.0 36.91389768
626.0 37.24466944
628.0 37.566078
630.0 37.88125
632.0 38.19185744
634.0 38.49892024
636.0 38.80531424
638.0 39.11438344
640.0 39.42785
642.0 39.74616536
644.0 40.07101824
646.0 40.39570392
648.0 40.7095216
650.0 41.0058
652.0 41.28584328
654.0 41.54930032
656.0 41.79938136
658.0 42.0418548
660.0 42.2807
662.0 42.5154488
664.0 42.74640216
666.0 42.97493112
668.0 43.20245688
670.0 43.4302
672.0 43.65832768
674.0 43.88625472
676.0 44.11685696
678.0 44.3543144
680.0 44.6006
682.0 44.85380768
684.0 45.11236576
686.0 45.37242864
688.0 45.62847872
690.0 45.8755
692.0 46.11322496
694.0 46.34352624
696.0 46.55276032
698.0 46.7210304
700.0 46.8369
702.0 46.902108
704.0 46.91391232
706.0 46.88976864
708.0 46.85793376
710.0 46.8369
712.0 46.82459408
714.0 46.82305584
716.0 46.8292088
718.0 46.83536176
720.0 46.8369
722.0 46.8369
724.0 46.8369
726.0 46.8369
728.0 46.8369
730.0 46.8369
732.0 46.8369
734.0 46.8369
736.0 46.8369
738.0 46.8369
740.0 46.8369
742.0 46.8369
744.0 46.8369
746.0 46.8369
748.0 46.8369
750.0 46.8369
