380.0 15.01665
382.0 15.0237908
384.0 15.03214584
386.0 15.04054608
388.0 15.03698472
390.0 15.01665
392.0 14.98985368
394.0 14.96039168
396.0 14.94289128
398.0 14.95774408
400.0 15.01665
402.0 15.11999632
404.0 15.27420488
406.0 15.45541624
408.0 15.6247564
410.0 15.7586
412.0 15.86321704
414.0 15.93845704
416.0 15.99881624
418.0 16.06895664
420.0 16.16615
422.0 16.28715264
424.0 16.42927264
426.0 16.60591944
428.0 16.83531784
430.0 17.12755
432.0 17.48070984
434.0 17.89645264
436.0 18.35641984
438.0 18.83143504
440.0 19.30115
442.0 19.76648432
444.0 20.22605024
446.0 20.67224016
448.0 21.09711208
450.0 21.49565
452.0 21.8652456
454.0 22.20178576
456.0 22.51449992
458.0 22.81918848
460.0 23.12585
462.0 23.4329964
464.0 23.74250032
466.0 24.04916184
468.0 24.34345056
470.0 24.6202
472.0 24.88317216
474.0 25.13462424
476.0 25.37922112
478.0 25.623818
480.0 25.8742
482.0 26.13128672
484.0 26.39504472
486.0 26.67552272
488.0 26.98668192
490.0 27.3372
492.0 27.72542168
494.0 28.15039392
496.0 28.60905696
498.0 29.0958096
500.0 29.60485
502.0 30.13392096
504.0 30.68150096
506.0 31.23275936
508.0 31.76704696
510.0 32.2696
512.0 32.73924808
514.0 33.17436936
516.0 33.56877744
518.0 33.91611872
520.0 34.2133
522.0 34.46032128
524.0 34.65616264
526.0 34.8121268
528.0 34.94585336
530.0 35.0702
532.0 35.18563488
534.0 35.2935792
536.0 35.40202512
538.0 35.52050304
540.0 35.6554
542.0 35.80825424
544.0 35.98137312
546.0 36.171212
548.0 36.37074848
550.0 36.575
552.0 36.78722696
554.0 37.0123116
556.0 37.23940264
558.0 37.45169648
560.0 37.6409
562.0 37.81241376
564.0 37.96797664
566.0 38.12663272
568.0 38.3171404
570.0 38.5605
572.0 38.85500608
574.0 39.19721432
576.0 39.60872696
578.0 40.1193056
580.0 40.74455
582.0 41.47952776
584.0 42.32555976
586.0 43.24808576
588.0 44.19326736
590.0 45.1231
592.0 46.03691488
594.0 46.92924456
596.0 47.78721464
598.0 48.59887032
600.0 49.35535
602.0 50.05095216
604.0 50.68052704
606.0 51.24690032
608.0 51.757596
610.0 52.21865
612.0 52.62900896
614.0 52.98795392
616.0 53.30643648
618.0 53.60017344
620.0 53.8802
622.0 54.14773672
624.0 54.40552568
626.0 54.65462024
628.0 54.8941008
630.0 55.12375
632.0 55.3459588
634.0 55.56251624
636.0 55.77280368
638.0 55.97523272
640.0 56.16875
642.0 56.3545928
644.0 56.53448328
646.0 56.70551216
648.0 56.86299784
650.0 57.00475
652.0 57.13178856
654.0 57.24322736
656.0 57.34730936
658.0 57.45674176
660.0 57.5795
662.0 57.71439696
664.0 57.86211816
666.0 58.01870096
668.0 58.17695576
670.0 58.3319
672.0 58.48460376
674.0 58.63566896
676.0 58.78171816
678.0 58.91823696
680.0 59.0425
682.0 59.15382176
684.0 59.25004536
686.0 59.33657136
688.0 59.42242856
690.0 59.51275
692.0 59.60639872
694.0 59.70499656
696.0 59.8000832
698.0 59.87803184
700.0 59.93075
702.0 59.9601772
704.0 59.965444
706.0 59.9544088
708.0 59.9400296
710.0 59.93075
712.0 59.9253996
714.0 59.9247308
716.0 59.927406
718.0 59.9300812
720.0 59.93075
722.0 59.93075
724.0 59.93075
726.0 59.93075
728.0 59.93075
730.0 59.93075
732.0 59.93075
734.0 59.93075
736.0 59.93075
738.0 59.93075
740.0 59.93075
742.0 59.93075
744.0 59.93075
746.0 59.93075
748.0 59.93075
750.0 59.93075
