380.0 7.51355
382.0 7.5203052
384.0 7.52783
386.0 7.5346868
388.0 7.5311756
390.0 7.51355
392.0 7.48987192
394.0 7.4629524
396.0 7.44640088
398.0 7.45944376
400.0 7.51355
402.0 7.6083524
404.0 7.74769688
406.0 7.91596696
408.0 8.08724664
410.0 8.24505
412.0 8.39267088
414.0 8.52950736
416.0 8.65999024
418.0 8.79306472
420.0 8.93475
422.0 9.0828056
424.0 9.23565984
426.0 9.39762648
428.0 9.57480832
430.0 9.77075
432.0 9.98474928
434.0 10.21707368
436.0 10.46344288
438.0 10.71691808
440.0 10.9725
442.0 11.23017192
444.0 11.48938208
446.0 11.74733824
448.0 12.00078
450.0 12.2474
452.0 12.48652944
454.0 12.71743264
456.0 12.94031024
458.0 13.15608184
460.0 13.36555
462.0 13.5684472
464.0 13.76443904
466.0 13.95583288
468.0 14.14605632
470.0 14.3374
472.0 14.53003112
474.0 14.72470208
476.0 14.92054344
478.0 15.115716
480.0 15.30925
482.0 15.5016972
484.0 15.69292384
486.0 15.88481928
488.0 16.08030952
490.0 16.2811
492.0 16.48638816
494.0 16.69557208
496.0 16.9078492
498.0 17.12196552
500.0 17.33655
502.0 17.5510676
504.0 17.765418
506.0 17.9754212
508.0 18.1751416
510.0 18.36065
512.0 18.53216376
514.0 18.6895324
516.0 18.83293984
518.0 18.96330568
520.0 19.0817
522.0 19.18844048
524.0 19.28379464
526.0 19.3712904
528.0 19.45594376
530.0 19.5415
532.0 19.62874496
534.0 19.7188156
536.0 19.81340064
538.0 19.91408848
540.0 20.0222
542.0 20.13845416
544.0 20.26316864
546.0 20.39766432
548.0 20.5435296
550.0 20.70145
552.0 20.87187696
554.0 21.05643232
556.0 21.24968208
558.0 21.44301544
560.0 21.6315
562.0 21.8184296
564.0 22.00709808
566.0 22.19819096
568.0 22.39246064
570.0 22.5929
572.0 22.8008968
574.0 23.01362536
576.0 23.25494512
578.0 23.56038608
580.0 23.9514
582.0 24.4236564
584.0 24.97794112
586.0 25.59768464
588.0 26.25504816
590.0 26.92965
592.0 27.62180784
594.0 28.33006704
596.0 29.03916224
598.0 29.72978184
600.0 30.3886
602.0 31.01249008
604.0 31.59648624
606.0 32.144618
608.0 32.66649936
610.0 33.1683
612.0 33.64736144
614.0 34.1030316
616.0 34.53646416
618.0 34.94891312
620.0 35.3419
622.0 35.71696304
624.0 36.07545656
626.0 36.42065768
628.0 36.7567464
630.0 37.08705
632.0 37.41210352
634.0 37.73175648
636.0 38.05048984
638.0 38.3744064
640.0 38.7068
642.0 39.04778768
644.0 39.39962664
646.0 39.7529704
648.0 40.09285456
650.0 40.41015
652.0 40.7067628
654.0 40.9818904
656.0 41.2420536
658.0 41.4983712
660.0 41.7582
662.0 42.02041976
664.0 42.2854652
666.0 42.55352024
668.0 42.82374888
670.0 43.0958
672.0 43.37012504
674.0 43.64617224
676.0 43.92589784
678.0 44.21231144
680.0 44.50655
682.0 44.80622256
684.0 45.10892144
686.0 45.41162032
688.0 45.71039
690.0 46.0009
692.0 46.28244808
694.0 46.55735832
696.0 46.80860976
698.0 47.0111224
700.0 47.1504
702.0 47.22874992
704.0 47.24291176
706.0 47.2138524
708.0 47.17559704
710.0 47.1504
712.0 47.1356864
714.0 47.1338472
716.0 47.141204
718.0 47.1485608
720.0 47.1504
722.0 47.1504
724.0 47.1504
726.0 47.1504
728.0 47.1504
730.0 47.1504
732.0 47.1504
734.0 47.1504
736.0 47.1504
738.0 47.1504
740.0 47.1504
742.0 47.1504
744.0 47.1504
746.0 47.1504
748.0 47.1504
750.0 47.1504
