380.0 17.4097
382.0 17.41665712
384.0 17.42482048
386.0 17.43307144
388.0 17.4296104
390.0 17.4097
392.0 17.38353712
394.0 17.35496104
396.0 17.33809696
398.0 17.35258288
400.0 17.4097
402.0 17.5101036
404.0 17.66046656
406.0 17.83716352
408.0 18.00165488
410.0 18.13075
412.0 18.23133752
414.0 18.30406952
416.0 18.36392712
418.0 18.43599032
420.0 18.5383
422.0 18.66849864
424.0 18.82439592
426.0 19.0224276
428.0 19.28499848
430.0 19.6251
432.0 20.040174
434.0 20.5305716
436.0 21.080994
438.0 21.6666956
440.0 22.26895
442.0 22.8870884
444.0 23.5199404
446.0 24.1492812
448.0 24.7512012
450.0 25.3099
452.0 25.82323744
454.0 26.2861808
456.0 26.70715696
458.0 27.10263512
460.0 27.4835
462.0 27.84717672
464.0 28.19398296
466.0 28.5253232
468.0 28.84186624
470.0 29.14505
472.0 29.43759984
474.0 29.7217228
476.0 30.00141496
478.0 30.28160872
480.0 30.56625
482.0 30.85637544
484.0 31.15241976
486.0 31.45883048
488.0 31.781376
490.0 32.1233
492.0 32.4831144
494.0 32.85921408
496.0 33.24927496
498.0 33.64978584
500.0 34.05655
502.0 34.4672768
504.0 34.88097976
506.0 35.28423272
508.0 35.65814208
510.0 35.9898
512.0 36.27935696
514.0 36.52627792
516.0 36.72813848
518.0 36.88351744
520.0 36.993
522.0 37.05763952
524.0 37.07775368
526.0 37.06576544
528.0 37.0399832
530.0 37.0139
532.0 36.98870296
534.0 36.96611424
536.0 36.95481152
538.0 36.9650776
540.0 37.00345
542.0 37.0710824
544.0 37.17016512
546.0 37.29449504
548.0 37.43312056
550.0 37.5782
552.0 37.7329436
554.0 37.90218344
556.0 38.07301168
558.0 38.22603312
560.0 38.3515
562.0 38.45489648
564.0 38.53757688
566.0 38.62134408
568.0 38.73938728
570.0 38.9158
572.0 39.14880992
574.0 39.43535728
576.0 39.79798064
578.0 40.2672776
580.0 40.8595
582.0 41.56978232
584.0 42.39902744
586.0 43.31387896
588.0 44.26225408
590.0 45.2067
592.0 46.14574536
594.0 47.07387256
596.0 47.97349216
598.0 48.82562696
600.0 49.6166
602.0 50.34064288
604.0 50.99187016
606.0 51.57270624
608.0 52.09100952
610.0 52.55305
612.0 52.95720584
614.0 53.30239024
616.0 53.60059144
618.0 53.86919824
620.0 54.12055
622.0 54.35603448
624.0 54.57862784
626.0 54.7906876
628.0 54.99296616
630.0 55.18645
632.0 55.37378088
634.0 55.5570488
636.0 55.73588592
638.0 55.90878744
640.0 56.0747
642.0 56.23514512
644.0 56.39231312
646.0 56.54204072
648.0 56.67763992
650.0 56.79575
652.0 56.8976584
654.0 56.98227832
656.0 57.05929064
658.0 57.14374336
660.0 57.2451
662.0 57.361722
664.0 57.49401064
666.0 57.63808688
668.0 57.78676112
670.0 57.9348
672.0 58.08337392
674.0 58.23373688
676.0 58.37950184
678.0 58.5115564
680.0 58.6245
682.0 58.71806512
684.0 58.78939264
686.0 58.84767856
688.0 58.90813808
690.0 58.9798
692.0 59.06082512
694.0 59.15315296
696.0 59.2466512
698.0 59.32459984
700.0 59.3769
702.0 59.40602624
704.0 59.411176
706.0 59.40010736
708.0 59.38586192
710.0 59.3769
712.0 59.37181712
714.0 59.37118176
716.0 59.3737232
718.0 59.37626464
720.0 59.3769
722.0 59.3769
724.0 59.3769
726.0 59.3769
728.0 59.3769
730.0 59.3769
732.0 59.3769
734.0 59.3769
736.0 59.3769
738.0 59.3769
740.0 59.3769
742.0 59.3769
744.0 59.3769
746.0 59.3769
748.0 59.3769
750.0 59.3769
