380.0 14.4419
382.0 14.44724912
384.0 14.45339888
386.0 14.45937824
388.0 14.4566696
390.0 14.4419
392.0 14.42243144
394.0 14.40113144
396.0 14.38851944
398.0 14.39923184
400.0 14.4419
402.0 14.5172236
404.0 14.63011704
406.0 14.76483008
408.0 14.89536312
410.0 15.0062
412.0 15.10157088
414.0 15.18057288
416.0 15.25623088
418.0 15.35011368
420.0 15.47645
422.0 15.63204632
424.0 15.81534768
426.0 16.02974824
428.0 16.2787592
430.0 16.56325
432.0 16.88248496
434.0 17.23743384
436.0 17.61462032
438.0 17.993646
440.0 18.36065
442.0 18.71568248
444.0 19.05655312
446.0 19.38304456
448.0 19.6974976
450.0 20.0013
452.0 20.29216112
454.0 20.56832536
456.0 20.832284
458.0 21.08821704
460.0 21.3389
462.0 21.58436632
464.0 21.8256192
466.0 22.06152168
468.0 22.28973296
470.0 22.5093
472.0 22.7217276
474.0 22.92786848
476.0 23.13083256
478.0 23.33505064
480.0 23.54385
482.0 23.75731424
484.0 23.97519256
486.0 24.20101288
488.0 24.4395404
490.0 24.69335
492.0 24.96113752
494.0 25.24183288
496.0 25.53239304
498.0 25.82822
500.0 26.125
502.0 26.42132856
504.0 26.71650344
506.0 27.00139552
508.0 27.2633812
510.0 27.49395
512.0 27.69351992
514.0 27.86230832
516.0 27.99882712
518.0 28.10215672
520.0 28.1732
522.0 28.21326112
524.0 28.22254072
526.0 28.21317752
528.0 28.20297832
530.0 28.20455
532.0 28.21839416
534.0 28.24594872
536.0 28.29189528
538.0 28.36083184
540.0 28.45535
542.0 28.57588448
544.0 28.72302048
546.0 28.89147448
548.0 29.07271928
550.0 29.26
552.0 29.45505552
554.0 29.66209928
556.0 29.86554824
558.0 30.0421616
560.0 30.1796
562.0 30.28530384
564.0 30.36422224
566.0 30.43235624
568.0 30.51369904
570.0 30.62895
572.0 30.77937984
574.0 30.96037384
576.0 31.21761104
578.0 31.61671744
580.0 32.19645
582.0 32.94911752
584.0 33.87675984
586.0 34.94008496
588.0 36.07463728
590.0 37.23335
592.0 38.41630672
594.0 39.61967856
596.0 40.8103432
598.0 41.94708584
600.0 43.00175
602.0 43.96781488
604.0 44.8350144
606.0 45.61401592
608.0 46.32831104
610.0 46.99365
612.0 47.60483288
614.0 48.16038832
616.0 48.66779016
618.0 49.136736
620.0 49.5748
622.0 49.98454032
624.0 50.36871576
626.0 50.7319912
628.0 51.07921544
630.0 51.414
632.0 51.73875256
634.0 52.0563824
636.0 52.36498344
638.0 52.66020848
640.0 52.9397
642.0 53.20574864
644.0 53.45997624
646.0 53.70333584
648.0 53.93699784
650.0 54.16235
652.0 54.38006112
654.0 54.59008104
656.0 54.79725856
658.0 55.00853248
660.0 55.22825
662.0 55.45582592
664.0 55.69136056
666.0 55.9328308
668.0 56.17655824
670.0 56.41955
672.0 56.66219064
674.0 56.9054332
676.0 57.14307456
678.0 57.36608592
680.0 57.56905
682.0 57.75134816
684.0 57.90943576
686.0 58.05289336
688.0 58.19768856
690.0 58.3528
692.0 58.51613768
694.0 58.69059416
696.0 58.86036904
698.0 59.00013152
700.0 59.09475
702.0 59.14763536
704.0 59.15706544
706.0 59.13715192
708.0 59.1113028
710.0 59.09475
712.0 59.08525304
714.0 59.08406592
716.0 59.0888144
718.0 59.09356288
720.0 59.09475
722.0 59.09475
724.0 59.09475
726.0 59.09475
728.0 59.09475
730.0 59.09475
732.0 59.09475
734.0 59.09475
736.0 59.09475
738.0 59.09475
740.0 59.09475
742.0 59.09475
744.0 59.09475
746.0 59.09475
748.0 59.09475
750.0 59.09475
