380.0 17.21115
382.0 17.21533016
384.0 17.2202964
386.0 17.22543024
388.0 17.22337368
390.0 17.21115
392.0 17.19536504
394.0 17.17886224
396.0 17.16954984
398.0 17.17821144
400.0 17.21115
402.0 17.26990408
404.0 17.36007504
406.0 17.466548
408.0 17.56441016
410.0 17.6396
412.0 17.6973676
414.0 17.7374956
416.0 17.7778744
418.0 17.8468444
420.0 17.96355
422.0 18.1247308
424.0 18.3282968
426.0 18.5818556
428.0 18.8945196
430.0 19.2698
432.0 19.70580744
434.0 20.2037792
436.0 20.74129376
438.0 21.28424232
440.0 21.80915
442.0 22.31603352
444.0 22.80161576
446.0 23.262536
448.0 23.69820904
450.0 24.10815
452.0 24.48873064
454.0 24.8363896
456.0 25.15746376
458.0 25.46273752
460.0 25.75925
462.0 26.04673368
464.0 26.32744576
466.0 26.59804224
468.0 26.85200232
470.0 27.0864
472.0 27.304596
474.0 27.50811184
476.0 27.70485608
478.0 27.90636552
480.0 28.12095
482.0 28.34830856
484.0 28.58775568
486.0 28.8458456
488.0 29.13118912
490.0 29.4481
492.0 29.79396992
494.0 30.1668928
496.0 30.55854208
498.0 30.95646136
500.0 31.35
502.0 31.7367336
504.0 32.11534128
506.0 32.46845096
508.0 32.77240384
510.0 33.01155
512.0 33.1866084
514.0 33.29751216
516.0 33.34471272
518.0 33.33138688
520.0 33.26235
522.0 33.13990944
524.0 32.96516872
526.0 32.7589944
528.0 32.55131528
530.0 32.36365
532.0 32.19746992
534.0 32.055166
536.0 31.94697088
538.0 31.88400336
540.0 31.8725
542.0 31.91266144
544.0 32.00557448
546.0 32.13936792
548.0 32.29498096
550.0 32.4577
552.0 32.63065168
554.0 32.82095872
556.0 33.00031416
558.0 33.1270016
560.0 33.17875
562.0 33.1667116
564.0 33.09603616
566.0 33.00028072
568.0 32.93077568
570.0 32.92795
572.0 32.99113488
574.0 33.11297352
576.0 33.35736976
578.0 33.8147788
580.0 34.53725
582.0 35.5140324
584.0 36.74952336
586.0 38.17578952
588.0 39.68331488
590.0 41.1939
592.0 42.70878216
594.0 44.22115632
596.0 45.68989128
598.0 47.06725144
600.0 48.3208
602.0 49.44008696
604.0 50.41036528
606.0 51.2513144
608.0 52.00205912
610.0 52.6889
612.0 53.30531624
614.0 53.8506892
616.0 54.33411456
618.0 54.76604232
620.0 55.1551
622.0 55.5061364
624.0 55.82403376
626.0 56.11400872
628.0 56.38082648
630.0 56.62855
632.0 56.86094128
634.0 57.08176232
636.0 57.29146456
638.0 57.488794
640.0 57.67355
642.0 57.84825728
644.0 58.01485536
646.0 58.17459824
648.0 58.32865632
650.0 58.4782
652.0 58.62409872
654.0 58.76682064
656.0 58.90853936
658.0 59.05209728
660.0 59.19925
662.0 59.3498136
664.0 59.50377136
666.0 59.66006992
668.0 59.81687008
670.0 59.97255
672.0 60.12714312
674.0 60.28113432
676.0 60.43044392
678.0 60.56913632
680.0 60.6936
682.0 60.80365104
684.0 60.89751712
686.0 60.9802644
688.0 61.06042008
690.0 61.14295
692.0 61.22683424
694.0 61.313494
696.0 61.39605736
698.0 61.46332192
700.0 61.5087
702.0 61.53396392
704.0 61.53851176
706.0 61.5290984
708.0 61.51675904
710.0 61.5087
712.0 61.5040184
714.0 61.5034332
716.0 61.505774
718.0 61.5081148
720.0 61.5087
722.0 61.5087
724.0 61.5087
726.0 61.5087
728.0 61.5087
730.0 61.5087
732.0 61.5087
734.0 61.5087
736.0 61.5087
738.0 61.5087
740.0 61.5087
742.0 61.5087
744.0 61.5087
746.0 61.5087
748.0 61.5087
750.0 61.5087
