380.0 15.53915
382.0 15.54736984
384.0 15.55681736
386.0 15.56599808
388.0 15.5618348
390.0 15.53915
392.0 15.50912192
394.0 15.47590568
396.0 15.45603344
398.0 15.4726108
400.0 15.53915
402.0 15.6561064
404.0 15.83027864
406.0 16.03738928
408.0 16.23756112
410.0 16.4065
412.0 16.55025856
414.0 16.66781688
416.0 16.774758
418.0 16.89766672
420.0 17.0544
422.0 17.2406608
424.0 17.4536736
426.0 17.7017148
428.0 17.9954016
430.0 18.33975
432.0 18.73318832
434.0 19.1770876
436.0 19.65308928
438.0 20.13285296
440.0 20.59695
442.0 21.0457984
444.0 21.47699048
446.0 21.88770056
448.0 22.27725984
450.0 22.64515
452.0 22.98861224
454.0 23.30505496
456.0 23.59917648
458.0 23.8790024
460.0 24.14995
462.0 24.41200256
464.0 24.66683208
466.0 24.9133852
468.0 25.14890312
470.0 25.3726
472.0 25.58690024
474.0 25.7930244
476.0 25.99680776
478.0 26.20652672
480.0 26.42805
482.0 26.6612104
484.0 26.90562336
486.0 27.16500072
488.0 27.44402408
490.0 27.74475
492.0 28.0654396
494.0 28.40487232
496.0 28.75642704
498.0 29.11032256
500.0 29.45855
502.0 29.79953768
504.0 30.13223224
506.0 30.445866
508.0 30.72605976
510.0 30.96335
512.0 31.15803768
514.0 31.3099556
516.0 31.42007352
518.0 31.49140104
520.0 31.52765
522.0 31.5300744
524.0 31.49907552
526.0 31.44834704
528.0 31.39753496
530.0 31.36045
532.0 31.33807864
534.0 31.33272824
536.0 31.34752544
538.0 31.38430944
540.0 31.44405
542.0 31.52776704
544.0 31.63602904
546.0 31.76494024
548.0 31.90823064
550.0 32.0606
552.0 32.22377048
554.0 32.40247384
556.0 32.580174
558.0 32.73187456
560.0 32.84435
562.0 32.92622784
564.0 32.9837112
566.0 33.03291816
568.0 33.09775832
570.0 33.19965
572.0 33.34021504
574.0 33.51361816
576.0 33.77338008
578.0 34.1969144
580.0 34.82985
582.0 35.6627568
584.0 36.69795888
586.0 37.88874056
588.0 39.15860784
590.0 40.45195
592.0 41.76916832
594.0 43.10588216
596.0 44.4245384
598.0 45.67873904
600.0 46.8369
602.0 47.89129664
604.0 48.8296732
606.0 49.66614136
608.0 50.43046272
610.0 51.1423
612.0 51.79536648
614.0 52.38832456
616.0 52.92719344
618.0 53.41899552
620.0 53.86975
622.0 54.28295136
624.0 54.66197704
626.0 55.01199352
628.0 55.338602
630.0 55.64625
632.0 55.93777992
634.0 56.21633512
636.0 56.48235032
638.0 56.73473872
640.0 56.9734
642.0 57.200792
644.0 57.41892112
646.0 57.62894104
648.0 57.83185496
650.0 58.02885
652.0 58.22094608
654.0 58.40859464
656.0 58.5949892
658.0 58.78447696
660.0 58.9798
662.0 59.18057376
664.0 59.3865976
666.0 59.59705224
668.0 59.81034928
670.0 60.0248
672.0 60.24047128
674.0 60.45838304
676.0 60.6717804
678.0 60.87063136
680.0 61.0489
682.0 61.20633552
684.0 61.3397444
686.0 61.45843968
688.0 61.57797096
690.0 61.70725
692.0 61.8442704
694.0 61.99155688
696.0 62.13549936
698.0 62.25411104
700.0 62.33425
702.0 62.37899272
704.0 62.38696816
706.0 62.3701144
708.0 62.34824464
710.0 62.33425
712.0 62.3262244
714.0 62.3252212
716.0 62.329234
718.0 62.3332468
720.0 62.33425
722.0 62.33425
724.0 62.33425
726.0 62.33425
728.0 62.33425
730.0 62.33425
732.0 62.33425
734.0 62.33425
736.0 62.33425
738.0 62.33425
740.0 62.33425
742.0 62.33425
744.0 62.33425
746.0 62.33425
748.0 62.33425
750.0 62.33425
