380.0 14.0239
382.0 14.03384784
384.0 14.04520768
386.0 14.05610632
388.0 14.05104016
390.0 14.0239
392.0 13.98768896
394.0 13.94689272
396.0 13.92206128
398.0 13.94212304
400.0 14.0239
402.0 14.16682256
404.0 14.37751128
406.0 14.6277428
408.0 14.87136992
410.0 15.07935
412.0 15.25743472
414.0 15.404136
416.0 15.53068968
418.0 15.65807936
420.0 15.8004
422.0 15.95383944
424.0 16.11664208
426.0 16.29532872
428.0 16.49825936
430.0 16.73045
432.0 16.99138232
434.0 17.28122352
436.0 17.59530872
438.0 17.92586312
440.0 18.2666
442.0 18.61685056
444.0 18.97604632
446.0 19.33549288
448.0 19.68340264
450.0 20.01175
452.0 20.31983272
454.0 20.60604568
456.0 20.87119144
458.0 21.118196
460.0 21.34935
462.0 21.56406824
464.0 21.76220024
466.0 21.94754144
468.0 22.12552584
470.0 22.3003
472.0 22.47273336
474.0 22.64392944
476.0 22.81663032
478.0 22.9939292
480.0 23.1781
482.0 23.36982824
484.0 23.56961552
486.0 23.7781808
488.0 23.99602568
490.0 24.2231
492.0 24.45890216
494.0 24.7028804
496.0 24.95262704
498.0 25.20471448
500.0 25.4562
502.0 25.70587976
504.0 25.95248304
506.0 26.19256552
508.0 26.4218636
510.0 26.63705
512.0 26.83782376
514.0 27.02480352
516.0 27.19330768
518.0 27.33681544
520.0 27.45215
522.0 27.54089976
524.0 27.60319848
526.0 27.6478576
528.0 27.68833672
530.0 27.7343
532.0 27.78618216
534.0 27.8453208
536.0 27.91616344
538.0 28.00347528
540.0 28.1105
542.0 28.23788968
544.0 28.38591184
546.0 28.5542488
548.0 28.74173016
550.0 28.9465
552.0 29.16936088
554.0 29.4135732
556.0 29.66539312
558.0 29.90383704
560.0 30.1169
562.0 30.31065136
564.0 30.48977272
566.0 30.66137008
568.0 30.83631144
570.0 31.02605
572.0 31.2319568
574.0 31.44913288
576.0 31.71897696
578.0 32.10226624
580.0 32.63535
582.0 33.31062064
584.0 34.12908136
586.0 35.05981688
588.0 36.0514968
590.0 37.06615
592.0 38.1037932
594.0 39.16190168
596.0 40.20922576
598.0 41.20563744
600.0 42.12395
602.0 42.95929792
604.0 43.70295336
606.0 44.3645972
608.0 44.96554744
610.0 45.5202
612.0 46.02404048
614.0 46.4759152
616.0 46.88314752
618.0 47.25526784
620.0 47.59975
622.0 47.91945312
624.0 48.21773792
626.0 48.49846672
628.0 48.76515072
630.0 49.02095
632.0 49.2682388
634.0 49.50860552
636.0 49.74546104
638.0 49.98273456
640.0 50.2227
642.0 50.46626024
644.0 50.71555544
646.0 50.96443264
648.0 51.20277624
650.0 51.42445
652.0 51.63097544
654.0 51.82200144
656.0 52.00182504
658.0 52.17771944
660.0 52.3545
662.0 52.53171528
664.0 52.71016784
666.0 52.8892056
668.0 53.06698936
670.0 53.24275
672.0 53.41687208
674.0 53.5881852
676.0 53.76158832
678.0 53.94468904
680.0 54.14145
682.0 54.34979792
684.0 54.56924792
686.0 54.79237632
688.0 55.00781352
690.0 55.20735
692.0 55.39153752
694.0 55.56116192
696.0 55.70921752
698.0 55.82634112
700.0 55.9075
702.0 55.9532292
704.0 55.96160592
706.0 55.94490264
708.0 55.92259816
710.0 55.9075
712.0 55.89853808
714.0 55.89741784
716.0 55.9018988
718.0 55.90637976
720.0 55.9075
722.0 55.9075
724.0 55.9075
726.0 55.9075
728.0 55.9075
730.0 55.9075
732.0 55.9075
734.0 55.9075
736.0 55.9075
738.0 55.9075
740.0 55.9075
742.0 55.9075
744.0 55.9075
746.0 55.9075
748.0 55.9075
750.0 55.9075
