380.0 18.36065
382.0 18.36256616
384.0 18.36494888
386.0 18.3676076
388.0 18.36670472
390.0 18.36065
392.0 18.35309552
394.0 18.3458624
396.0 18.34219088
398.0 18.34629416
400.0 18.36065
402.0 18.38691712
404.0 18.42918528
406.0 18.47872664
408.0 18.5210784
410.0 18.54875
412.0 18.56608864
414.0 18.57403064
416.0 18.58665424
418.0 18.62544464
420.0 18.7055
422.0 18.82508144
424.0 18.98216584
426.0 19.18748744
428.0 19.45525824
430.0 19.7923
432.0 20.19598768
434.0 20.66729104
436.0 21.1839892
438.0 21.71188976
440.0 22.22715
442.0 22.72993712
444.0 23.2176428
446.0 23.68327808
448.0 24.12074016
450.0 24.52615
452.0 24.8963308
454.0 25.22720288
456.0 25.52772816
458.0 25.81320544
460.0 26.09365
462.0 26.368276
464.0 26.63944096
466.0 26.90391792
468.0 27.15493528
470.0 27.38945
472.0 27.6109064
474.0 27.82050832
476.0 28.02684984
478.0 28.24255456
480.0 28.47625
482.0 28.72708344
484.0 28.99435264
486.0 29.28151864
488.0 29.59259424
490.0 29.9288
492.0 30.28804592
494.0 30.66894424
496.0 31.06188096
498.0 31.45281128
500.0 31.8307
502.0 32.1937748
504.0 32.54059776
506.0 32.85933112
508.0 33.13459248
510.0 33.3564
512.0 33.52500448
514.0 33.64015512
516.0 33.70430976
518.0 33.7228188
520.0 33.70125
522.0 33.64120848
524.0 33.54354696
526.0 33.42381504
528.0 33.30399952
530.0 33.19965
532.0 33.11213752
534.0 33.04410384
536.0 32.99956176
538.0 32.98127008
540.0 32.99065
542.0 33.0289388
544.0 33.09729016
546.0 33.18955112
548.0 33.29585688
550.0 33.40865
552.0 33.53015424
554.0 33.66515152
556.0 33.797808
558.0 33.90446488
560.0 33.97295
562.0 34.01137256
564.0 34.0249492
566.0 34.03275744
568.0 34.06322128
570.0 34.14015
572.0 34.26442976
574.0 34.43077704
576.0 34.68732872
578.0 35.1030548
580.0 35.7181
582.0 36.52368632
584.0 37.52170312
586.0 38.66652152
588.0 39.88415552
590.0 41.12075
592.0 42.37620464
594.0 43.64598832
596.0 44.8939524
598.0 46.07562168
600.0 47.16085
602.0 48.142314
604.0 49.0083264
606.0 49.7734336
608.0 50.467648
610.0 51.11095
612.0 51.69758792
614.0 52.2266756
616.0 52.70460008
618.0 53.13871816
620.0 53.53535
622.0 53.89804024
624.0 54.22996568
626.0 54.53714552
628.0 54.82643496
630.0 55.10285
632.0 55.36893208
634.0 55.62795832
636.0 55.87812296
638.0 56.1149116
640.0 56.33595
642.0 56.54374616
644.0 56.73987176
646.0 56.92596536
648.0 57.10420056
650.0 57.27645
652.0 57.44336576
654.0 57.60538256
656.0 57.76522576
658.0 57.92649016
660.0 58.09155
662.0 58.26023808
664.0 58.43235376
666.0 58.60806424
668.0 58.78728592
670.0 58.96935
672.0 59.1541896
674.0 59.34274104
676.0 59.52861728
678.0 59.70220432
680.0 59.8576
682.0 59.99477088
684.0 60.11122568
686.0 60.21405368
688.0 60.31529328
690.0 60.4219
692.0 60.532252
694.0 60.64818848
696.0 60.75986136
698.0 60.85130304
700.0 60.91305
702.0 60.94747648
704.0 60.95364616
706.0 60.94075504
708.0 60.92393472
710.0 60.91305
712.0 60.90676328
714.0 60.90597744
716.0 60.9091208
718.0 60.91226416
720.0 60.91305
722.0 60.91305
724.0 60.91305
726.0 60.91305
728.0 60.91305
730.0 60.91305
732.0 60.91305
734.0 60.91305
736.0 60.91305
738.0 60.91305
740.0 60.91305
742.0 60.91305
744.0 60.91305
746.0 60.91305
748.0 60.91305
750.0 60.91305
