380.0 12.21605
382.0 12.22630568
384.0 12.23790008
386.0 12.24879968
388.0 12.24353288
390.0 12.21605
392.0 12.1792656
394.0 12.13762648
396.0 12.11215376
398.0 12.13249384
400.0 12.21605
402.0 12.36216608
404.0 12.57716856
406.0 12.83413824
408.0 13.08885072
410.0 13.3133
412.0 13.51295352
414.0 13.68652384
416.0 13.84312336
418.0 14.00039168
420.0 14.1702
422.0 14.34870272
424.0 14.53349216
426.0 14.7318248
428.0 14.95364904
430.0 15.20475
432.0 15.4841412
434.0 15.7922908
436.0 16.1220928
438.0 16.4620104
440.0 16.8036
442.0 17.14687832
444.0 17.4912936
446.0 17.83060928
448.0 18.15696696
450.0 18.46515
452.0 18.75430568
454.0 19.02282888
456.0 19.27337808
458.0 19.51122008
460.0 19.74005
462.0 19.9592492
464.0 20.16890128
466.0 20.37119656
468.0 20.56889384
470.0 20.76415
472.0 20.958102
474.0 21.15227136
476.0 21.34685872
478.0 21.54136248
480.0 21.736
482.0 21.93155712
484.0 22.12768272
486.0 22.32890792
488.0 22.54192072
490.0 22.77055
492.0 23.0137424
494.0 23.27158152
496.0 23.53936904
498.0 23.80958096
500.0 24.0768
502.0 24.34075864
504.0 24.60042024
506.0 24.85347744
508.0 25.09758944
510.0 25.3308
512.0 25.55235672
514.0 25.76220944
516.0 25.95759936
518.0 26.13484808
520.0 26.2922
522.0 26.43054128
524.0 26.54998896
526.0 26.65580984
528.0 26.75602952
530.0 26.8565
532.0 26.9579068
534.0 27.06168784
536.0 27.17023408
538.0 27.28580272
540.0 27.41035
542.0 27.54487912
544.0 27.68964088
546.0 27.84744424
548.0 28.0219676
550.0 28.215
552.0 28.42719352
554.0 28.66137384
556.0 28.90809416
558.0 29.15230648
560.0 29.3854
562.0 29.61227368
564.0 29.83689016
566.0 30.06317864
568.0 30.29699112
570.0 30.54535
572.0 30.80892408
574.0 31.08293144
576.0 31.3995748
578.0 31.80667336
580.0 32.3323
582.0 32.96988376
584.0 33.7206452
586.0 34.55567544
588.0 35.42782408
590.0 36.3033
592.0 37.18300608
594.0 38.06461824
596.0 38.92834
598.0 39.75034536
600.0 40.51465
602.0 41.21689
604.0 41.8500764
606.0 42.4246592
608.0 42.9608696
610.0 43.472
612.0 43.95468968
614.0 44.4089888
616.0 44.83645232
618.0 45.23774904
620.0 45.61425
622.0 45.96881432
624.0 46.30388312
626.0 46.62248272
628.0 46.92804072
630.0 47.22355
632.0 47.5101308
634.0 47.78803392
636.0 48.06225864
638.0 48.33957656
640.0 48.62385
642.0 48.91541336
644.0 49.21669104
646.0 49.51905552
648.0 49.808462
650.0 50.0764
652.0 50.324692
654.0 50.55235152
656.0 50.76621704
658.0 50.97782536
660.0 51.19455
662.0 51.41528744
664.0 51.64109104
666.0 51.86915184
668.0 52.09403584
670.0 52.3127
672.0 52.5260472
674.0 52.73290704
676.0 52.93876368
678.0 53.15239512
680.0 53.3786
682.0 53.6148536
684.0 53.86003568
686.0 54.10831096
688.0 54.35073424
690.0 54.58035
692.0 54.79749264
694.0 55.00366696
696.0 55.18810528
698.0 55.3355088
700.0 55.43725
702.0 55.49453272
704.0 55.50494928
706.0 55.48384864
708.0 55.4558928
710.0 55.43725
712.0 55.42628168
714.0 55.42491064
716.0 55.4303948
718.0 55.43587896
720.0 55.43725
722.0 55.43725
724.0 55.43725
726.0 55.43725
728.0 55.43725
730.0 55.43725
732.0 55.43725
734.0 55.43725
736.0 55.43725
738.0 55.43725
740.0 55.43725
742.0 55.43725
744.0 55.43725
746.0 55.43725
748.0 55.43725
750.0 55.43725
