380.0 18.08895
382.0 18.09536888
384.0 18.10272168
386.0 18.10981968
388.0 18.10655928
390.0 18.08895
392.0 18.06575544
394.0 18.04045968
396.0 18.02552232
398.0 18.03825656
400.0 18.08895
402.0 18.17863608
404.0 18.31334912
406.0 18.47473056
408.0 18.63235
410.0 18.7682
412.0 18.8875808
414.0 18.98970656
416.0 19.09057832
418.0 19.21644648
420.0 19.38475
422.0 19.59159312
424.0 19.83461832
426.0 20.11952712
428.0 20.45300752
430.0 20.8373
432.0 21.2706824
434.0 21.75399072
436.0 22.26814744
438.0 22.78431056
440.0 23.2826
442.0 23.7630492
444.0 24.22313344
446.0 24.65947528
448.0 25.07073712
450.0 25.4562
452.0 25.8130884
454.0 26.13827568
456.0 26.43921896
458.0 26.72820744
460.0 27.01325
462.0 27.29384504
464.0 27.57191536
466.0 27.84438448
468.0 28.105066
470.0 28.35085
472.0 28.58446184
474.0 28.80703848
476.0 29.02384672
478.0 29.24266136
480.0 29.469
482.0 29.70256168
484.0 29.94294512
486.0 30.19386216
488.0 30.460078
490.0 30.7439
492.0 31.04365616
494.0 31.35790856
496.0 31.68194216
498.0 32.00881816
500.0 32.3323
502.0 32.65059864
504.0 32.96286136
506.0 33.25723368
508.0 33.5174136
510.0 33.7326
512.0 33.90359544
514.0 34.03086808
516.0 34.11374912
518.0 34.15282376
520.0 34.1506
522.0 34.1089672
524.0 34.02839352
526.0 33.92558224
528.0 33.82477736
530.0 33.74305
532.0 33.6810188
534.0 33.64050624
536.0 33.62724728
538.0 33.64659232
540.0 33.70125
542.0 33.791538
544.0 33.91809168
546.0 34.07223336
548.0 34.24033624
550.0 34.41185
552.0 34.58898168
554.0 34.77706496
556.0 34.95536704
558.0 35.09329032
560.0 35.1747
562.0 35.20874192
564.0 35.20064944
566.0 35.17441576
568.0 35.16632328
570.0 35.20605
572.0 35.29448208
574.0 35.42638616
576.0 35.65551704
578.0 36.05828512
580.0 36.6795
582.0 37.5103168
584.0 38.55334384
586.0 39.75964168
588.0 41.04937232
590.0 42.3643
592.0 43.70450832
594.0 45.06539928
596.0 46.40639344
598.0 47.67708
600.0 48.8433
602.0 49.89719504
604.0 50.82590744
606.0 51.64518744
608.0 52.38780624
610.0 53.07555
612.0 53.70184776
614.0 54.26537864
616.0 54.77348272
618.0 55.2348544
620.0 55.6567
622.0 56.04271464
624.0 56.39649312
626.0 56.723436
628.0 57.02922808
630.0 57.31825
632.0 57.59349464
634.0 57.8584732
636.0 58.11199856
638.0 58.35047592
640.0 58.57225
642.0 58.7799124
644.0 58.97508496
646.0 59.16022552
648.0 59.33859448
650.0 59.51275
652.0 59.6833776
654.0 59.85109592
656.0 60.01806184
658.0 60.18686696
660.0 60.3592
662.0 60.53504424
664.0 60.71428264
666.0 60.89669784
668.0 61.08170464
670.0 61.26835
672.0 61.45655032
674.0 61.64709144
676.0 61.83420496
678.0 62.00928008
680.0 62.16705
682.0 62.30734752
684.0 62.42768136
686.0 62.5349736
688.0 62.64092824
690.0 62.75225
692.0 62.86738392
694.0 62.9882528
696.0 63.10460728
698.0 63.19989456
700.0 63.2643
702.0 63.30023128
704.0 63.30666848
706.0 63.29320888
708.0 63.27565288
710.0 63.2643
712.0 63.25774576
714.0 63.25692648
716.0 63.2602036
718.0 63.26348072
720.0 63.2643
722.0 63.2643
724.0 63.2643
726.0 63.2643
728.0 63.2643
730.0 63.2643
732.0 63.2643
734.0 63.2643
736.0 63.2643
738.0 63.2643
740.0 63.2643
742.0 63.2643
744.0 63.2643
746.0 63.2643
748.0 63.2643
750.0 63.2643
