380.0 9.54085
382.0 9.5452132
384.0 9.550102
386.0 9.5546128
388.0 9.5523556
390.0 9.54085
392.0 9.52554024
394.0 9.50852
396.0 9.49826776
398.0 9.50665832
400.0 9.54085
402.0 9.6012092
404.0 9.69104576
406.0 9.79985952
408.0 9.91009448
410.0 10.0111
412.0 10.1060696
414.0 10.19528752
416.0 10.28475624
418.0 10.38467496
420.0 10.50225
422.0 10.63606016
424.0 10.78468424
426.0 10.95462632
428.0 11.1549152
430.0 11.3905
432.0 11.6600264
434.0 11.96376192
436.0 12.29316264
438.0 12.63476896
440.0 12.9789
442.0 13.32523808
444.0 13.67239544
446.0 14.0157072
448.0 14.35007376
450.0 14.6718
452.0 14.97931424
454.0 15.2709612
456.0 15.54730936
458.0 15.81036512
460.0 16.06165
462.0 16.30076272
464.0 16.52768656
466.0 16.7444948
468.0 16.95411344
470.0 17.1589
472.0 17.35955672
474.0 17.556836
476.0 17.75294488
478.0 17.95055856
480.0 18.15165
482.0 18.3565536
484.0 18.56536968
486.0 18.77936896
488.0 19.00005624
490.0 19.228
492.0 19.46211344
494.0 19.70105896
496.0 19.94334848
498.0 20.1870592
500.0 20.42975
502.0 20.66966528
504.0 20.90583528
506.0 21.13055208
508.0 21.33311488
510.0 21.5061
512.0 21.65004248
514.0 21.76591208
516.0 21.84959568
518.0 21.89591008
520.0 21.9032
522.0 21.87383968
524.0 21.80871528
526.0 21.72076808
528.0 21.62914248
530.0 21.5479
532.0 21.47774288
534.0 21.41955728
536.0 21.38344208
538.0 21.38193728
540.0 21.4225
542.0 21.50456176
544.0 21.62855728
546.0 21.7864944
548.0 21.96516432
550.0 22.154
552.0 22.35494096
554.0 22.5730032
556.0 22.78538064
558.0 22.95846608
560.0 23.0736
562.0 23.138808
564.0 23.15790224
566.0 23.15275248
568.0 23.15730032
570.0 23.199
572.0 23.27760072
574.0 23.38741768
576.0 23.57782504
578.0 23.9192976
580.0 24.453
582.0 25.17105712
584.0 26.07704704
586.0 27.12289976
588.0 28.23036568
590.0 29.3436
592.0 30.46430816
594.0 31.58864456
596.0 32.68564376
598.0 33.71852176
600.0 34.66265
602.0 35.5110228
604.0 36.25268856
606.0 36.90465152
608.0 37.49951568
610.0 38.0589
612.0 38.57757112
614.0 39.05534512
616.0 39.49658592
618.0 39.90513912
620.0 40.28475
622.0 40.6394648
624.0 40.97312912
626.0 41.28848504
628.0 41.58770616
630.0 41.87315
632.0 42.14683968
634.0 42.40956104
636.0 42.6666812
638.0 42.92538976
640.0 43.18985
642.0 43.4604632
644.0 43.7396872
646.0 44.0189948
648.0 44.2844248
650.0 44.52745
652.0 44.7501604
654.0 44.9522216
656.0 45.1389004
658.0 45.3192256
660.0 45.4993
662.0 45.67838792
664.0 45.8569408
666.0 46.03599528
668.0 46.21613656
670.0 46.398
672.0 46.58171936
674.0 46.76632488
676.0 46.9548596
678.0 47.15192152
680.0 47.3594
682.0 47.57568992
684.0 47.800808
686.0 48.02575888
688.0 48.23699936
690.0 48.4253
692.0 48.59139648
694.0 48.73535568
696.0 48.85456928
698.0 48.94652928
700.0 49.0105
702.0 49.04648144
704.0 49.05320288
706.0 49.04036192
708.0 49.02283936
710.0 49.0105
712.0 49.00300944
714.0 49.00207312
716.0 49.0058184
718.0 49.00956368
720.0 49.0105
722.0 49.0105
724.0 49.0105
726.0 49.0105
728.0 49.0105
730.0 49.0105
732.0 49.0105
734.0 49.0105
736.0 49.0105
738.0 49.0105
740.0 49.0105
742.0 49.0105
744.0 49.0105
746.0 49.0105
748.0 49.0105
750.0 49.0105
