380.0 9.45725
382.0 9.46210696
384.0 9.46756136
386.0 9.47261816
388.0 9.47011016
390.0 9.45725
392.0 9.4401136
394.0 9.42097776
396.0 9.40940672
398.0 9.41881928
400.0 9.45725
402.0 9.52493256
404.0 9.62538632
406.0 9.74665648
408.0 9.86884624
410.0 9.97975
412.0 10.08242752
414.0 10.17644408
416.0 10.26870504
418.0 10.3711652
420.0 10.4918
422.0 10.62875352
424.0 10.78117304
426.0 10.95181736
428.0 11.14394688
430.0 11.35915
432.0 11.59689168
434.0 11.85712176
436.0 12.13515864
438.0 12.42381272
440.0 12.71765
442.0 13.01600168
444.0 13.31784784
446.0 13.6191088
448.0 13.91485216
450.0 14.20155
452.0 14.47828272
454.0 14.7440304
456.0 14.99857568
458.0 15.24250376
460.0 15.47645
462.0 15.70013016
464.0 15.91324328
466.0 16.1185816
468.0 16.32032512
470.0 16.52145
472.0 16.7224244
474.0 16.9243184
476.0 17.1272992
478.0 17.3308652
480.0 17.5351
482.0 17.74060552
484.0 17.9469972
486.0 18.15781968
488.0 18.37833976
490.0 18.61145
492.0 18.85574592
494.0 19.11044168
496.0 19.37215984
498.0 19.6357172
500.0 19.8968
502.0 20.1543716
504.0 20.40746224
506.0 20.65035368
508.0 20.87552192
510.0 21.07765
512.0 21.25667104
514.0 21.41295288
516.0 21.54348592
518.0 21.64459176
520.0 21.7151
522.0 21.7565656
524.0 21.76945672
526.0 21.76328704
528.0 21.75218496
530.0 21.74645
532.0 21.74685128
534.0 21.75475984
536.0 21.7759608
538.0 21.81705856
540.0 21.8823
542.0 21.9720028
544.0 22.0863676
546.0 22.2234716
548.0 22.3796364
550.0 22.5511
552.0 22.73901608
554.0 22.9474476
556.0 23.15939032
558.0 23.34909544
560.0 23.50205
562.0 23.6248584
564.0 23.72126592
566.0 23.80479904
568.0 23.89644136
570.0 24.0141
572.0 24.15817624
574.0 24.32420584
576.0 24.55151424
578.0 24.89678224
580.0 25.3935
582.0 26.03528048
584.0 26.82451464
586.0 27.7265252
588.0 28.68438056
590.0 29.6571
592.0 30.64563656
594.0 31.6470308
596.0 32.63605224
598.0 33.58201968
600.0 34.4641
602.0 35.27667528
604.0 36.01098424
606.0 36.6779952
608.0 37.30002936
610.0 37.8917
612.0 38.44865992
614.0 38.9704744
616.0 39.45951768
618.0 39.91771256
620.0 40.34745
622.0 40.75162256
624.0 41.13252088
626.0 41.4949436
628.0 41.84482632
630.0 42.18665
632.0 42.52158504
634.0 42.8506012
636.0 43.17627336
638.0 43.50136032
640.0 43.8273
642.0 44.15502872
644.0 44.48678696
646.0 44.8157864
648.0 45.13107544
650.0 45.42615
652.0 45.70263192
654.0 45.959936
656.0 46.20419848
658.0 46.44553496
660.0 46.6906
662.0 46.9386412
664.0 47.19042768
666.0 47.44514016
668.0 47.70043784
670.0 47.95505
672.0 48.20949496
674.0 48.46297016
676.0 48.71836816
678.0 48.98028696
680.0 49.25085
682.0 49.52768304
684.0 49.80893016
686.0 50.09034448
688.0 50.3659068
690.0 50.63025
692.0 50.88308984
694.0 51.12631568
696.0 51.34613352
698.0 51.52247936
700.0 51.6439
702.0 51.7122012
704.0 51.72459072
706.0 51.69936024
708.0 51.66602056
710.0 51.6439
712.0 51.63092528
714.0 51.62930344
716.0 51.6357908
718.0 51.64227816
720.0 51.6439
722.0 51.6439
724.0 51.6439
726.0 51.6439
728.0 51.6439
730.0 51.6439
732.0 51.6439
734.0 51.6439
736.0 51.6439
738.0 51.6439
740.0 51.6439
742.0 51.6439
744.0 51.6439
746.0 51.6439
748.0 51.6439
750.0 51.6439
