380.0 10.4709
382.0 10.47424688
384.0 10.47793248
386.0 10.48120728
388.0 10.47945168
390.0 10.4709
392.0 10.45950736
394.0 10.44688088
396.0 10.4392848
398.0 10.44548272
400.0 10.4709
402.0 10.51602728
404.0 10.5834256
406.0 10.66628992
408.0 10.75299984
410.0 10.83665
412.0 10.91981528
414.0 11.00311432
416.0 11.09092776
418.0 11.1904452
420.0 11.3069
422.0 11.4394896
424.0 11.58709376
426.0 11.75559792
428.0 11.95327848
430.0 12.1847
432.0 12.44852488
434.0 12.74483672
436.0 13.06631216
438.0 13.4014144
440.0 13.74175
442.0 14.08686752
444.0 14.43542936
446.0 14.7829044
448.0 15.12419304
450.0 15.45555
452.0 15.7754872
454.0 16.0824664
456.0 16.376404
458.0 16.6583032
460.0 16.929
462.0 17.18812656
464.0 17.435616
466.0 17.67340784
468.0 17.90434448
470.0 18.13075
472.0 18.3532932
474.0 18.57269304
476.0 18.79142408
478.0 19.01257952
480.0 19.23845
482.0 19.46931976
484.0 19.70517208
486.0 19.947796
488.0 20.19944872
490.0 20.4611
492.0 20.73136208
494.0 21.0085964
496.0 21.29101392
498.0 21.57627384
500.0 21.8614
502.0 22.144386
504.0 22.42429552
506.0 22.69133064
508.0 22.93178096
510.0 23.1363
512.0 23.30553984
514.0 23.44021944
516.0 23.53711184
518.0 23.59270584
520.0 23.60655
522.0 23.58060056
524.0 23.51520864
526.0 23.42507112
528.0 23.331924
530.0 23.25125
532.0 23.18391856
534.0 23.13213672
536.0 23.10175648
538.0 23.09846264
540.0 23.12585
542.0 23.18472112
544.0 23.27539368
546.0 23.39499184
548.0 23.538416
550.0 23.7006
552.0 23.8827644
554.0 24.08970784
556.0 24.30041328
558.0 24.48319632
560.0 24.6202
562.0 24.7191824
564.0 24.78412288
566.0 24.83267776
568.0 24.89235144
570.0 24.98595
572.0 25.11355704
574.0 25.26998936
576.0 25.50057488
578.0 25.8703544
580.0 26.4176
582.0 27.1350552
584.0 28.02571288
586.0 29.04804056
588.0 30.13407144
590.0 31.23505
592.0 32.35207976
594.0 33.48134856
596.0 34.59456616
598.0 35.65787456
600.0 36.64815
602.0 37.558554
604.0 38.37897096
606.0 39.12138912
608.0 39.81047048
610.0 40.4624
612.0 41.07224528
614.0 41.63933752
616.0 42.16697056
618.0 42.6583212
620.0 43.1167
622.0 43.54525032
624.0 43.94664736
626.0 44.3258068
628.0 44.68858064
630.0 45.0395
632.0 45.3800864
634.0 45.7115604
636.0 46.036848
638.0 46.359126
640.0 46.68015
642.0 47.00097336
644.0 47.3239536
646.0 47.64241944
648.0 47.94550288
650.0 48.22675
652.0 48.48796656
654.0 48.72888504
656.0 48.95508992
658.0 49.1757772
660.0 49.39715
662.0 49.61875688
664.0 49.84141712
666.0 50.06541496
668.0 50.2900816
670.0 50.5153
672.0 50.74145472
674.0 50.96762616
676.0 51.1973088
678.0 51.43585304
680.0 51.6857
682.0 51.94470952
684.0 52.2118784
686.0 52.48021768
688.0 52.73936096
690.0 52.9815
692.0 53.20685216
694.0 53.41653768
696.0 53.6011432
698.0 53.74762712
700.0 53.84885
702.0 53.90581504
704.0 53.9162316
706.0 53.89538176
708.0 53.86759312
710.0 53.84885
712.0 53.83774792
714.0 53.83636016
716.0 53.8419112
718.0 53.84746224
720.0 53.84885
722.0 53.84885
724.0 53.84885
726.0 53.84885
728.0 53.84885
730.0 53.84885
732.0 53.84885
734.0 53.84885
736.0 53.84885
738.0 53.84885
740.0 53.84885
742.0 53.84885
744.0 53.84885
746.0 53.84885
748.0 53.84885
750.0 53.84885
