380.0 12.25785
382.0 12.26452104
384.0 12.2719692
386.0 12.27878976
388.0 12.27532872
390.0 12.25785
392.0 12.23447736
394.0 12.20819376
396.0 12.19219176
398.0 12.20503176
400.0 12.25785
402.0 12.35074632
404.0 12.48813456
406.0 12.6543648
408.0 12.82335384
410.0 12.9789
412.0 13.1252836
414.0 13.2628892
416.0 13.397736
418.0 13.5407756
420.0 13.69995
422.0 13.87347016
424.0 14.0593464
426.0 14.26712584
428.0 14.51043528
430.0 14.7972
432.0 15.12559752
434.0 15.49579504
436.0 15.89901456
438.0 16.32104408
440.0 16.75135
442.0 17.18953104
444.0 17.63438336
446.0 18.07798168
448.0 18.5104612
450.0 18.92495
452.0 19.32001016
454.0 19.69371888
456.0 20.0467784
458.0 20.38194752
460.0 20.70145
462.0 21.00460032
464.0 21.2909136
466.0 21.56502128
468.0 21.83369496
470.0 22.10175
472.0 22.36978832
474.0 22.63911408
476.0 22.91052984
478.0 23.1841192
480.0 23.46025
482.0 23.73984184
484.0 24.02316224
486.0 24.31183304
488.0 24.60802784
490.0 24.9128
492.0 25.22477848
494.0 25.54217424
496.0 25.864586
498.0 26.19176296
500.0 26.5221
502.0 26.8534068
504.0 27.1847136
506.0 27.5062392
508.0 27.804106
510.0 28.0687
512.0 28.3005228
514.0 28.5001596
516.0 28.6632632
518.0 28.784734
520.0 28.8629
522.0 28.89995152
524.0 28.8969252
526.0 28.86614368
528.0 28.82583176
530.0 28.78975
532.0 28.75900192
534.0 28.73447368
536.0 28.72867184
538.0 28.7577312
540.0 28.83155
542.0 28.94949288
544.0 29.11222864
546.0 29.3119992
548.0 29.53551216
550.0 29.77205
552.0 30.02375288
554.0 30.2958876
556.0 30.56434392
558.0 30.79350824
560.0 30.96335
562.0 31.08151024
564.0 31.15079792
566.0 31.1941696
568.0 31.24765688
570.0 31.33955
572.0 31.46861168
574.0 31.6290568
576.0 31.86633032
578.0 32.24505504
580.0 32.80255
582.0 33.53130792
584.0 34.43477312
586.0 35.46514312
588.0 36.54517152
590.0 37.62
592.0 38.69140088
594.0 39.75557872
596.0 40.78431016
598.0 41.7447404
600.0 42.6151
602.0 43.38895176
604.0 44.05633056
606.0 44.63484256
608.0 45.15725896
610.0 45.6456
612.0 46.09548504
614.0 46.50723176
616.0 46.88645808
618.0 47.238598
620.0 47.5684
622.0 47.8798936
624.0 48.17699128
626.0 48.46188336
628.0 48.73574024
630.0 49.00005
632.0 49.25676888
634.0 49.50671616
636.0 49.75348664
638.0 50.00176192
640.0 50.25405
642.0 50.51065184
644.0 50.77357384
646.0 51.03499104
648.0 51.28236344
650.0 51.50805
652.0 51.713706
654.0 51.89874624
656.0 52.06857128
658.0 52.23237712
660.0 52.3963
662.0 52.55963768
664.0 52.72307568
666.0 52.88668088
668.0 53.04953368
670.0 53.2114
672.0 53.37269784
674.0 53.53249088
676.0 53.69470832
678.0 53.86536936
680.0 54.0474
682.0 54.23916168
684.0 54.44067112
686.0 54.64376896
688.0 54.8359988
690.0 55.0088
692.0 55.16292496
694.0 55.29860776
696.0 55.41255456
698.0 55.50108696
700.0 55.56265
702.0 55.59731056
704.0 55.60374776
706.0 55.59129136
708.0 55.57440416
710.0 55.56265
712.0 55.55556072
714.0 55.55467456
716.0 55.5582192
718.0 55.56176384
720.0 55.56265
722.0 55.56265
724.0 55.56265
726.0 55.56265
728.0 55.56265
730.0 55.56265
732.0 55.56265
734.0 55.56265
736.0 55.56265
738.0 55.56265
740.0 55.56265
742.0 55.56265
744.0 55.56265
746.0 55.56265
748.0 55.56265
750.0 55.56265
