380.0 8.3809
382.0 8.38659472
384.0 8.39280592
386.0 8.39820592
388.0 8.39519632
390.0 8.3809
392.0 8.36157592
394.0 8.33942872
396.0 8.32569112
398.0 8.33628112
400.0 8.3809
402.0 8.45924992
404.0 8.57411632
406.0 8.71481512
408.0 8.86328872
410.0 9.0079
412.0 9.15132416
414.0 9.29399592
416.0 9.43641688
418.0 9.58076064
420.0 9.72895
422.0 9.88008208
424.0 10.03273568
426.0 10.19349848
428.0 10.37231888
430.0 10.5754
432.0 10.80138752
434.0 11.04989688
436.0 11.31880464
438.0 11.6041816
440.0 11.90255
442.0 12.21339152
444.0 12.53643864
446.0 12.86475256
448.0 13.18863568
450.0 13.5014
452.0 13.8025272
454.0 14.09074656
456.0 14.36584072
458.0 14.62889648
460.0 14.8808
462.0 15.12071528
464.0 15.34788992
466.0 15.56536696
468.0 15.777828
470.0 15.9885
472.0 16.19751672
474.0 16.40563056
476.0 16.6129084
478.0 16.81876504
480.0 17.02305
482.0 17.22638192
484.0 17.4288444
486.0 17.63189208
488.0 17.83761496
490.0 18.04715
492.0 18.25996216
494.0 18.47575048
496.0 18.6930436
498.0 18.90958432
500.0 19.1235
502.0 19.33418872
504.0 19.5409148
506.0 19.74170528
508.0 19.93413576
510.0 20.11625
512.0 20.28793096
514.0 20.44979728
516.0 20.5982876
518.0 20.72830232
520.0 20.8373
522.0 20.92661824
524.0 20.996558
526.0 21.05320536
528.0 21.10583992
530.0 21.16125
532.0 21.2198536
534.0 21.28252016
536.0 21.35337952
538.0 21.43728048
540.0 21.53745
542.0 21.65402184
544.0 21.78684552
546.0 21.9358876
548.0 22.10056288
550.0 22.2794
552.0 22.47290056
554.0 22.6839404
556.0 22.89941104
558.0 23.09933208
560.0 23.27215
562.0 23.42268016
564.0 23.55374824
566.0 23.67361392
568.0 23.7953188
570.0 23.9305
572.0 24.07959224
574.0 24.23925152
576.0 24.4388716
578.0 24.72108848
580.0 25.11135
582.0 25.60499128
584.0 26.2037512
586.0 26.88377032
588.0 27.60550584
590.0 28.3404
592.0 29.0892052
594.0 29.84998192
596.0 30.60415424
598.0 31.32881576
600.0 32.00835
602.0 32.63889464
604.0 33.21439704
606.0 33.74166224
608.0 34.23515304
610.0 34.70445
612.0 35.14634288
614.0 35.55987864
616.0 35.9486688
618.0 36.31722776
620.0 36.66905
622.0 37.00599144
624.0 37.3305768
626.0 37.64278936
628.0 37.94129152
630.0 38.2261
632.0 38.49868616
634.0 38.75876576
636.0 39.01332776
638.0 39.27265496
640.0 39.5428
642.0 39.82329472
644.0 40.11617896
646.0 40.412658
648.0 40.69826904
650.0 40.964
652.0 41.211874
654.0 41.4416068
656.0 41.6571276
658.0 41.8655424
660.0 42.0717
662.0 42.2747644
664.0 42.4747356
666.0 42.6734528
668.0 42.873006
670.0 43.0749
672.0 43.2792184
674.0 43.4856268
676.0 43.6953792
678.0 43.9101476
680.0 44.13035
682.0 44.35454848
684.0 44.5814556
686.0 44.80752672
688.0 45.02782944
690.0 45.23805
692.0 45.43792088
694.0 45.62881312
696.0 45.80039376
698.0 45.9376984
700.0 46.03225
702.0 46.0854196
704.0 46.09508376
706.0 46.07548792
708.0 46.04953848
710.0 46.03225
712.0 46.02208424
714.0 46.02081352
716.0 46.0258964
718.0 46.03097928
720.0 46.03225
722.0 46.03225
724.0 46.03225
726.0 46.03225
728.0 46.03225
730.0 46.03225
732.0 46.03225
734.0 46.03225
736.0 46.03225
738.0 46.03225
740.0 46.03225
742.0 46.03225
744.0 46.03225
746.0 46.03225
748.0 46.03225
750.0 46.03225
