380.0 13.4596
382.0 13.47056
384.0 13.48297888
386.0 13.49470816
388.0 13.48909024
390.0 13.4596
392.0 13.42014048
394.0 13.37547296
396.0 13.34815264
398.0 13.36998912
400.0 13.4596
402.0 13.61621624
404.0 13.84661784
406.0 14.12149464
408.0 14.39277664
410.0 14.63
412.0 14.83938456
414.0 15.02019464
416.0 15.18119152
418.0 15.3396804
420.0 15.5078
422.0 15.682106
424.0 15.86002352
426.0 16.05298904
428.0 16.27713736
430.0 16.54235
432.0 16.84727264
434.0 17.19245704
436.0 17.57083064
438.0 17.97027144
440.0 18.38155
442.0 18.8044824
444.0 19.23839984
446.0 19.67382208
448.0 20.09820912
450.0 20.5029
452.0 20.886624
454.0 21.24717408
456.0 21.58531936
458.0 21.90423664
460.0 22.20625
462.0 22.49030608
464.0 22.75588656
466.0 23.00641904
468.0 23.24691952
470.0 23.48115
472.0 23.70999664
474.0 23.93488064
476.0 24.15725664
478.0 24.37829504
480.0 24.5993
482.0 24.82124128
484.0 25.04425264
486.0 25.2719456
488.0 25.50933616
490.0 25.75925
492.0 26.02106848
494.0 26.2950424
496.0 26.57687472
498.0 26.85971024
500.0 27.13865
502.0 27.41322584
504.0 27.68198312
506.0 27.9438852
508.0 28.19851408
510.0 28.4449
512.0 28.68214008
514.0 28.9108028
516.0 29.12500272
518.0 29.31612904
520.0 29.47945
522.0 29.61660416
524.0 29.72767512
526.0 29.82001968
528.0 29.90517464
530.0 29.9915
532.0 30.07943048
534.0 30.17030368
536.0 30.26836648
538.0 30.37830048
540.0 30.50355
542.0 30.64496776
544.0 30.80282128
546.0 30.9788996
548.0 31.17512552
550.0 31.3918
552.0 31.6295584
554.0 31.8914772
556.0 32.1650164
558.0 32.4306972
560.0 32.67715
562.0 32.90925704
564.0 33.1300948
566.0 33.34625096
568.0 33.56817552
570.0 33.80575
572.0 34.0589744
574.0 34.32328416
576.0 34.62947752
578.0 35.02286568
580.0 35.53
582.0 36.14472752
584.0 36.86811832
586.0 37.67235032
588.0 38.51211232
590.0 39.3547
592.0 40.20071528
594.0 41.04795112
596.0 41.87554096
598.0 42.6579032
600.0 43.37795
602.0 44.03171872
604.0 44.61252136
606.0 45.1307076
608.0 45.60642504
610.0 46.05315
612.0 46.46768896
614.0 46.8499416
616.0 47.20360304
618.0 47.53251888
620.0 47.8401
622.0 48.12907176
624.0 48.40217624
626.0 48.66157032
628.0 48.9090096
630.0 49.14635
632.0 49.37512976
634.0 49.59596752
636.0 49.81287608
638.0 50.03120584
640.0 50.25405
642.0 50.48165936
644.0 50.71575608
646.0 50.9501036
648.0 51.17450272
650.0 51.38265
652.0 51.57596664
654.0 51.7541684
656.0 51.92058256
658.0 52.08106112
660.0 52.23955
662.0 52.3955476
664.0 52.54942176
666.0 52.70170752
668.0 52.85257208
670.0 53.0024
672.0 53.15134176
674.0 53.29861152
676.0 53.44730248
678.0 53.60209624
680.0 53.76525
682.0 53.93544288
684.0 54.11259128
686.0 54.29032488
688.0 54.45894608
690.0 54.6117
692.0 54.74915512
694.0 54.87167928
696.0 54.97572784
698.0 55.0569536
700.0 55.1133
702.0 55.14500112
704.0 55.15086984
706.0 55.13943336
708.0 55.12398408
710.0 55.1133
712.0 55.10687952
714.0 55.10607696
716.0 55.1092872
718.0 55.11249744
720.0 55.1133
722.0 55.1133
724.0 55.1133
726.0 55.1133
728.0 55.1133
730.0 55.1133
732.0 55.1133
734.0 55.1133
736.0 55.1133
738.0 55.1133
740.0 55.1133
742.0 55.1133
744.0 55.1133
746.0 55.1133
748.0 55.1133
750.0 55.1133
