380.0 18.8936
382.0 18.9004512
384.0 18.908216
386.0 18.9155528
388.0 18.9120416
390.0 18.8936
392.0 18.86915392
394.0 18.8421384
396.0 18.82597088
398.0 18.83939776
400.0 18.8936
402.0 18.9892384
404.0 19.13192688
406.0 19.30354096
408.0 19.47398464
410.0 19.6251
412.0 19.76225416
414.0 19.88564776
416.0 20.00686776
418.0 20.14539296
420.0 20.3148
422.0 20.5123468
424.0 20.73552536
426.0 20.99490272
428.0 21.30494168
430.0 21.6733
432.0 22.09767032
434.0 22.57862112
436.0 23.10003432
438.0 23.63674632
440.0 24.17085
442.0 24.70202768
444.0 25.22798872
446.0 25.74115896
448.0 26.2335964
450.0 26.69975
452.0 27.13711176
454.0 27.54290616
456.0 27.92010936
458.0 28.27499136
460.0 28.6121
462.0 28.93079992
464.0 29.23129176
466.0 29.5173208
468.0 29.79381944
470.0 30.06465
472.0 30.33128384
474.0 30.59551
476.0 30.85923456
478.0 31.12412952
480.0 31.3918
482.0 31.66306528
484.0 31.93775816
486.0 32.21964064
488.0 32.51397952
490.0 32.82345
492.0 33.14559424
494.0 33.47773704
496.0 33.81748744
498.0 34.16166864
500.0 34.5059
502.0 34.84747288
504.0 35.18585224
506.0 35.5039168
508.0 35.77725536
510.0 35.9898
512.0 36.143206
514.0 36.238092
516.0 36.27404
518.0 36.252722
520.0 36.1779
522.0 36.05173088
524.0 35.8747664
526.0 35.66812392
528.0 35.46240104
530.0 35.2792
532.0 35.119942
534.0 34.98803792
536.0 34.88949024
538.0 34.82889696
540.0 34.80895
542.0 34.8309368
544.0 34.89534224
546.0 34.99703328
548.0 35.12756632
550.0 35.2792
552.0 35.45327192
554.0 35.65538328
556.0 35.85958464
558.0 36.0270856
560.0 36.1361
562.0 36.19649264
564.0 36.21396504
566.0 36.20961784
568.0 36.21613864
570.0 36.2615
572.0 36.3461868
574.0 36.46275864
576.0 36.67379848
578.0 37.06967792
580.0 37.7036
582.0 38.56471344
584.0 39.65606128
586.0 40.92204952
588.0 42.27172136
590.0 43.6392
592.0 45.02560568
594.0 46.42652432
596.0 47.79809936
598.0 49.0860744
600.0 50.25405
602.0 51.2939504
604.0 52.19211536
606.0 52.96822432
608.0 53.66148568
610.0 54.2982
612.0 54.87171272
614.0 55.38133832
616.0 55.83587152
618.0 56.24534432
620.0 56.6181
622.0 56.95900408
624.0 57.27295552
626.0 57.56508736
628.0 57.8400812
630.0 58.102
632.0 58.35381992
634.0 58.59763096
636.0 58.836844
638.0 59.07505384
640.0 59.3142
642.0 59.55556992
644.0 59.802006
646.0 60.04526528
648.0 60.27197176
650.0 60.47415
652.0 60.65370608
654.0 60.80978728
656.0 60.94981728
658.0 61.08608528
660.0 61.22655
662.0 61.37024168
664.0 61.51829728
666.0 61.66844288
668.0 61.81591328
670.0 61.95805
672.0 62.09575592
674.0 62.22797768
676.0 62.35953064
678.0 62.498106
680.0 62.64775
682.0 62.80679064
684.0 62.97566264
686.0 63.14587224
688.0 63.30421064
690.0 63.44195
692.0 63.56019384
694.0 63.65884184
696.0 63.73759304
698.0 63.79728344
700.0 63.83905
702.0 63.86255832
704.0 63.86700584
706.0 63.85874616
708.0 63.84730968
710.0 63.83905
712.0 63.83396712
714.0 63.83333176
716.0 63.8358732
718.0 63.83841464
720.0 63.83905
722.0 63.83905
724.0 63.83905
726.0 63.83905
728.0 63.83905
730.0 63.83905
732.0 63.83905
734.0 63.83905
736.0 63.83905
738.0 63.83905
740.0 63.83905
742.0 63.83905
744.0 63.83905
746.0 63.83905
748.0 63.83905
750.0 63.83905
