380.0 10.81575
382.0 10.82255896
384.0 10.83021816
386.0 10.83734376
388.0 10.83383256
390.0 10.81575
392.0 10.79155824
394.0 10.76425056
396.0 10.74757968
398.0 10.7609212
400.0 10.81575
402.0 10.91185656
404.0 11.05357528
406.0 11.2238016
408.0 11.39427872
410.0 11.54725
412.0 11.68667808
414.0 11.812262
416.0 11.93007112
418.0 12.05155864
420.0 12.1847
422.0 12.32738848
424.0 12.47806912
426.0 12.64346336
428.0 12.8329344
430.0 13.05205
432.0 13.29982368
434.0 13.57643936
436.0 13.87663024
438.0 14.19170192
440.0 14.51505
442.0 14.84625648
444.0 15.18446864
446.0 15.523684
448.0 15.85621136
450.0 16.1766
452.0 16.48369624
454.0 16.7759284
456.0 17.05311256
458.0 17.31633552
460.0 17.56645
462.0 17.8028708
464.0 18.02538056
466.0 18.23593552
468.0 18.43746168
470.0 18.63235
472.0 18.821286
474.0 19.00505552
476.0 19.18614984
478.0 19.36766216
480.0 19.55195
482.0 19.73941464
484.0 19.93010624
486.0 20.12623184
488.0 20.33063384
490.0 20.5447
492.0 20.76742712
494.0 20.99792904
496.0 21.23353056
498.0 21.47030248
500.0 21.70465
502.0 21.93541944
504.0 22.16199216
506.0 22.37736248
508.0 22.5719164
510.0 22.7392
512.0 22.87946408
514.0 22.99274208
516.0 23.07834848
518.0 23.13628328
520.0 23.16765
522.0 23.17355216
524.0 23.15459168
526.0 23.1189948
528.0 23.07863272
530.0 23.04225
532.0 23.01101704
534.0 22.986656
536.0 22.97374816
538.0 22.97722592
540.0 23.00045
542.0 23.04412264
544.0 23.10859496
546.0 23.19346568
548.0 23.2973972
550.0 23.41845
552.0 23.55751024
554.0 23.71788848
556.0 23.88595792
558.0 24.04090216
560.0 24.17085
562.0 24.28193768
564.0 24.37894712
566.0 24.46901776
568.0 24.5630176
570.0 24.67245
572.0 24.7993548
574.0 24.94002016
576.0 25.13444032
578.0 25.44096808
580.0 25.8951
582.0 26.49069984
584.0 27.22945632
586.0 28.0851692
588.0 29.01336328
590.0 29.98105
592.0 30.9882628
594.0 32.0323432
596.0 33.0858704
598.0 34.1136488
600.0 35.0911
602.0 36.01252248
604.0 36.8690212
606.0 37.66516072
608.0 38.41431704
610.0 39.1248
612.0 39.79156016
614.0 40.41284192
616.0 40.98998288
618.0 41.52473864
620.0 42.01945
622.0 42.47612336
624.0 42.89623008
626.0 43.286826
628.0 43.65752512
630.0 44.0154
632.0 44.36157088
634.0 44.6973252
636.0 45.02622432
638.0 45.35203024
640.0 45.67695
642.0 46.00247168
644.0 46.33147112
646.0 46.65687576
648.0 46.9669816
650.0 47.2549
652.0 47.52268752
654.0 47.77000976
656.0 48.0033708
658.0 48.23338784
660.0 48.4671
662.0 48.70388864
664.0 48.9447068
666.0 49.18886896
668.0 49.43411792
670.0 49.6793
672.0 49.9250004
674.0 50.17033296
676.0 50.41875872
678.0 50.67571168
680.0 50.94375
682.0 51.22041584
684.0 51.50405392
686.0 51.7891968
688.0 52.06790248
690.0 52.3336
692.0 52.5861556
694.0 52.827258
696.0 53.0438656
698.0 53.217252
700.0 53.3368
702.0 53.40408128
704.0 53.4163036
706.0 53.39149112
708.0 53.35865304
710.0 53.3368
712.0 53.32395904
714.0 53.32235392
716.0 53.3287744
718.0 53.33519488
720.0 53.3368
722.0 53.3368
724.0 53.3368
726.0 53.3368
728.0 53.3368
730.0 53.3368
732.0 53.3368
734.0 53.3368
736.0 53.3368
738.0 53.3368
740.0 53.3368
742.0 53.3368
744.0 53.3368
746.0 53.3368
748.0 53.3368
750.0 53.3368
