380.0 12.42505
382.0 12.43347816
384.0 12.4430452
386.0 12.45211384
388.0 12.44780008
390.0 12.42505
392.0 12.39470968
394.0 12.36063304
396.0 12.3399388
398.0 12.35669736
400.0 12.42505
402.0 12.54483208
404.0 12.72183
406.0 12.93327112
408.0 13.14170264
410.0 13.32375
412.0 13.4853488
414.0 13.62723472
416.0 13.75708224
418.0 13.88918696
420.0 14.03435
422.0 14.19106656
424.0 14.35766464
426.0 14.54875752
428.0 14.7849944
430.0 15.07935
432.0 15.4299684
434.0 15.83661552
436.0 16.29425864
438.0 16.79353456
440.0 17.3261
442.0 17.89045016
444.0 18.48549824
446.0 19.09492552
448.0 19.6960764
450.0 20.273
452.0 20.82405776
454.0 21.34627352
456.0 21.83663768
458.0 22.29406344
460.0 22.7183
462.0 23.10759176
464.0 23.45998248
466.0 23.7834476
468.0 24.09061072
470.0 24.3903
472.0 24.68249872
474.0 24.9684776
476.0 25.25069448
478.0 25.53115576
480.0 25.8115
482.0 26.09311496
484.0 26.37703728
486.0 26.6635512
488.0 26.95240592
490.0 27.24315
492.0 27.53523168
494.0 27.8275976
496.0 28.11929472
498.0 28.40923624
500.0 28.6957
502.0 28.97691368
504.0 29.25165672
506.0 29.51394336
508.0 29.7555808
510.0 29.9706
512.0 30.15918488
514.0 30.32235536
516.0 30.45434304
518.0 30.54728952
520.0 30.5976
522.0 30.60784936
524.0 30.57915784
526.0 30.52262752
528.0 30.4548948
530.0 30.3886
532.0 30.32494696
534.0 30.26513952
536.0 30.22071448
538.0 30.20646904
540.0 30.23185
542.0 30.2968908
544.0 30.40254448
546.0 30.54406256
548.0 30.71258344
550.0 30.90065
552.0 31.11038568
554.0 31.34687336
556.0 31.58896224
558.0 31.80496792
560.0 31.977
562.0 32.112432
564.0 32.21470824
566.0 32.30210368
568.0 32.40320952
570.0 32.5413
572.0 32.7158568
574.0 32.92132888
576.0 33.20170656
578.0 33.62010784
580.0 34.2133
582.0 34.97344136
584.0 35.90265536
586.0 36.95885776
588.0 38.07374736
590.0 39.19795
592.0 40.3319004
594.0 41.47166936
596.0 42.58619112
598.0 43.63767848
600.0 44.6006
602.0 45.46858536
604.0 46.23165272
606.0 46.90309448
608.0 47.50982984
610.0 48.07
612.0 48.5789568
614.0 49.03614848
616.0 49.44853056
618.0 49.82437944
620.0 50.17045
622.0 50.49042064
624.0 50.78830416
626.0 51.06754488
628.0 51.3309016
630.0 51.5812
632.0 51.82089792
634.0 52.05118248
636.0 52.27728704
638.0 52.5059832
640.0 52.74115
642.0 52.98338936
644.0 53.23534304
646.0 53.48804912
648.0 53.7268776
650.0 53.9429
652.0 54.13815616
654.0 54.31201072
656.0 54.47048288
658.0 54.62385544
660.0 54.7789
662.0 54.93471368
664.0 55.09204888
666.0 55.25030368
668.0 55.40747168
670.0 55.56265
672.0 55.71632352
674.0 55.86735528
676.0 56.02030984
678.0 56.1822932
680.0 56.35685
682.0 56.54225808
684.0 56.73885184
686.0 56.9372848
688.0 57.12317776
690.0 57.2869
692.0 57.42947144
694.0 57.5508252
696.0 57.64960696
698.0 57.72523152
700.0 57.77805
702.0 57.80779488
704.0 57.81337936
706.0 57.80282904
708.0 57.78834952
710.0 57.77805
712.0 57.77176328
714.0 57.77097744
716.0 57.7741208
718.0 57.77726416
720.0 57.77805
722.0 57.77805
724.0 57.77805
726.0 57.77805
728.0 57.77805
730.0 57.77805
732.0 57.77805
734.0 57.77805
736.0 57.77805
738.0 57.77805
740.0 57.77805
742.0 57.77805
744.0 57.77805
746.0 57.77805
748.0 57.77805
750.0 57.77805
