380.0 8.6317
382.0 8.6374296
384.0 8.64386176
386.0 8.64982072
388.0 8.64686128
390.0 8.6317
392.0 8.61139464
394.0 8.58842672
396.0 8.5743772
398.0 8.58557488
400.0 8.6317
402.0 8.71252448
404.0 8.8315876
406.0 8.97472752
408.0 9.11853624
410.0 9.24825
412.0 9.36719608
414.0 9.47532432
416.0 9.57693176
418.0 9.6803784
420.0 9.79165
422.0 9.90925848
424.0 10.03196656
426.0 10.16621144
428.0 10.32110552
430.0 10.50225
432.0 10.70884232
434.0 10.94109984
436.0 11.19534416
438.0 11.46522168
440.0 11.7458
442.0 12.03669456
444.0 12.33715296
446.0 12.64204216
448.0 12.94467416
450.0 13.24015
452.0 13.52755008
454.0 13.80592136
456.0 14.07317384
458.0 14.32730112
460.0 14.5673
462.0 14.79288624
464.0 15.00339104
466.0 15.20277704
468.0 15.39731424
470.0 15.5914
472.0 15.78508448
474.0 15.97908664
476.0 16.1745936
478.0 16.37252496
480.0 16.5737
482.0 16.77878752
484.0 16.9881052
486.0 17.20252248
488.0 17.42304256
490.0 17.65005
492.0 17.8826252
494.0 18.11944728
496.0 18.36019856
498.0 18.60471184
500.0 18.8518
502.0 19.09990808
504.0 19.34851776
506.0 19.59002144
508.0 19.81355112
510.0 20.01175
512.0 20.18508624
514.0 20.33372704
516.0 20.45603384
518.0 20.55066904
520.0 20.61785
522.0 20.65871368
524.0 20.67381184
526.0 20.6714376
528.0 20.66371296
530.0 20.65965
532.0 20.66018504
534.0 20.6665052
536.0 20.68486376
538.0 20.72278472
540.0 20.78505
542.0 20.87192712
544.0 20.98398456
546.0 21.1182796
548.0 21.26946184
550.0 21.43295
552.0 21.60991448
554.0 21.8034652
556.0 22.00019272
558.0 22.18003304
560.0 22.33165
562.0 22.46067824
564.0 22.57126432
566.0 22.6719856
568.0 22.77596728
570.0 22.89595
572.0 23.03328808
574.0 23.1838684
576.0 23.38636432
578.0 23.69712224
580.0 24.14995
582.0 24.73861104
584.0 25.46507832
586.0 26.2998076
588.0 27.19355848
590.0 28.1105
592.0 29.05146816
594.0 30.0142392
596.0 30.97316464
598.0 31.89597488
600.0 32.76075
602.0 33.56249072
604.0 34.29275344
606.0 34.96131936
608.0 35.58875408
610.0 36.18835
612.0 36.75552584
614.0 37.28949576
616.0 37.79186488
618.0 38.26372
620.0 38.7068
622.0 39.12381352
624.0 39.51703448
626.0 39.89060944
628.0 40.249638
630.0 40.59825
632.0 40.93744864
634.0 41.26741784
636.0 41.59354144
638.0 41.92300904
640.0 42.2598
642.0 42.60434904
644.0 42.95956544
646.0 43.31478184
648.0 43.65277664
650.0 43.96315
652.0 44.24819256
654.0 44.50683424
656.0 44.74758552
658.0 44.984742
660.0 45.2276
662.0 45.47498912
664.0 45.72821352
666.0 45.98503272
668.0 46.24051432
670.0 46.49205
672.0 46.74045904
674.0 46.98396912
676.0 47.2296528
678.0 47.48871248
680.0 47.76695
682.0 48.0613056
684.0 48.3712944
686.0 48.6854632
688.0 48.986256
690.0 49.2613
692.0 49.51158168
694.0 49.7379036
696.0 49.93245752
698.0 50.08529504
700.0 50.19135
702.0 50.25109056
704.0 50.26209232
706.0 50.24040648
708.0 50.21128024
710.0 50.19135
712.0 50.17944536
714.0 50.17795728
716.0 50.1839096
718.0 50.18986192
720.0 50.19135
722.0 50.19135
724.0 50.19135
726.0 50.19135
728.0 50.19135
730.0 50.19135
732.0 50.19135
734.0 50.19135
736.0 50.19135
738.0 50.19135
740.0 50.19135
742.0 50.19135
744.0 50.19135
746.0 50.19135
748.0 50.19135
750.0 50.19135
