380.0 9.70805
382.0 9.71355368
384.0 9.71968856
386.0 9.72528704
388.0 9.72242792
390.0 9.70805
392.0 9.68881632
394.0 9.66717784
396.0 9.65399696
398.0 9.66455848
400.0 9.70805
402.0 9.78456072
404.0 9.89770496
406.0 10.0347588
408.0 10.17448784
410.0 10.3037
412.0 10.42573928
414.0 10.5406224
416.0 10.65366632
418.0 10.77448504
420.0 10.9098
422.0 11.05800608
424.0 11.21779912
426.0 11.39489736
428.0 11.5972428
430.0 11.8294
432.0 12.09033232
434.0 12.38012336
436.0 12.6931552
438.0 13.02039904
440.0 13.3551
442.0 13.69670632
444.0 14.0440476
446.0 14.39222488
448.0 14.73530256
450.0 15.0689
452.0 15.39169632
454.0 15.70232048
456.0 15.99965224
458.0 16.28319
460.0 16.5528
462.0 16.80806424
464.0 17.04858144
466.0 17.27697664
468.0 17.49734624
470.0 17.71275
472.0 17.92357248
474.0 18.13053264
476.0 18.3354864
478.0 18.54052376
480.0 18.7473
482.0 18.95623312
484.0 19.1673064
486.0 19.38247608
488.0 19.60433376
490.0 19.8341
492.0 20.07055424
494.0 20.31244248
496.0 20.55767472
498.0 20.80332496
500.0 21.0463
502.0 21.28517864
504.0 21.51940912
506.0 21.7406816
508.0 21.93737568
510.0 22.10175
512.0 22.23454024
514.0 22.3363316
516.0 22.40585336
518.0 22.44226952
520.0 22.4466
522.0 22.42056696
524.0 22.36488936
526.0 22.29132136
528.0 22.21691736
530.0 22.154
532.0 22.10357248
534.0 22.06735696
536.0 22.05120544
538.0 22.06138792
540.0 22.10175
542.0 22.17259264
544.0 22.27408304
546.0 22.40274344
548.0 22.55263824
550.0 22.7183
552.0 22.90089912
554.0 23.10473264
556.0 23.31073976
558.0 23.49032928
560.0 23.62745
562.0 23.72942528
564.0 23.80046856
566.0 23.85612944
568.0 23.92048472
570.0 24.0141
572.0 24.13752704
574.0 24.28574984
576.0 24.50386224
578.0 24.85682144
580.0 25.38305
582.0 26.07532488
584.0 26.93645504
586.0 27.9269144
588.0 28.98174576
590.0 30.0542
592.0 31.14556456
594.0 32.2527964
596.0 33.34665224
598.0 34.39135128
600.0 35.3628
602.0 36.25466152
604.0 37.05648584
606.0 37.78290296
608.0 38.46267128
610.0 39.11435
612.0 39.73247168
614.0 40.31673536
616.0 40.86739184
618.0 41.38268552
620.0 41.8627
622.0 42.31108024
624.0 42.73041784
626.0 43.12576224
628.0 43.50363424
630.0 43.8691
632.0 44.22319616
634.0 44.56644104
636.0 44.90375032
638.0 45.241394
640.0 45.5829
642.0 45.92912104
644.0 46.28315032
646.0 46.6351732
648.0 46.96922208
650.0 47.2758
652.0 47.55713072
654.0 47.8120104
656.0 48.04975208
658.0 48.28573816
660.0 48.5298
662.0 48.78063344
664.0 49.03974328
666.0 49.30311672
668.0 49.56306256
670.0 49.81515
672.0 50.06071664
674.0 50.29854192
676.0 50.5347788
678.0 50.77937568
680.0 51.0378
682.0 51.30709232
684.0 51.585798
686.0 51.86784768
688.0 52.14396176
690.0 52.40675
692.0 52.65649664
694.0 52.89504088
696.0 53.10942472
698.0 53.28108896
700.0 53.3995
702.0 53.46616264
704.0 53.47826792
706.0 53.4536728
708.0 53.42113568
710.0 53.3995
712.0 53.3867928
714.0 53.3852044
716.0 53.391558
718.0 53.3979116
720.0 53.3995
722.0 53.3995
724.0 53.3995
726.0 53.3995
728.0 53.3995
730.0 53.3995
732.0 53.3995
734.0 53.3995
736.0 53.3995
738.0 53.3995
740.0 53.3995
742.0 53.3995
744.0 53.3995
746.0 53.3995
748.0 53.3995
750.0 53.3995
