380.0 4.394907
382.0 4.3951087152
384.0 4.39535196
386.0 4.3956100368
388.0 4.3955121456
390.0 4.394907
392.0 4.3941253536
394.0 4.3933036608
396.0 4.392837936
398.0 4.3932695472
400.0 4.394907
402.0 4.3978111056
404.0 4.40224884
406.0 4.4074207584
408.0 4.4120216448
410.0 4.415301
412.0 4.4176014432
414.0 4.4190861264
416.0 4.4203260816
418.0 4.4222186448
420.0 4.425498
422.0 4.4299520496
424.0 4.4350097616
426.0 4.4426779056
428.0 4.4559747936
430.0 4.476483
432.0 4.5039088512
434.0 4.5390191616
436.0 4.577474088
438.0 4.6124212464
440.0 4.639635
442.0 4.6597353264
444.0 4.672020672
446.0 4.6796561856
448.0 4.6881074592
450.0 4.700817
452.0 4.7169853632
454.0 4.7367593856
456.0 4.758980688
458.0 4.7814467184
460.0 4.802787
462.0 4.8234746736
464.0 4.843575
466.0 4.8634305984
468.0 4.8836940768
470.0 4.904757
472.0 4.9264725312
474.0 4.9488406704
476.0 4.9716166896
478.0 4.9943927088
480.0 5.016924
482.0 5.0392595088
484.0 5.0613502896
486.0 5.0834410704
488.0 5.1059397312
490.0 5.129091
492.0 5.1528948768
494.0 5.1774981984
496.0 5.2025094
498.0 5.2272758736
500.0 5.251455
502.0 5.27511204
504.0 5.298034896
506.0 5.32120248
508.0 5.346164736
510.0 5.373819
512.0 5.4039858048
514.0 5.436877248
516.0 5.4712370592
518.0 5.5050258384
520.0 5.536971
522.0 5.5674151632
524.0 5.5964562192
526.0 5.6244367872
528.0 5.6520094752
530.0 5.679729
532.0 5.7075301008
534.0 5.7352169952
536.0 5.7641275296
538.0 5.796219528
540.0 5.832684
542.0 5.8734067392
544.0 5.9186324736
546.0 5.967202824
548.0 6.0171599664
550.0 6.067215
552.0 6.11779212
554.0 6.169266576
556.0 6.22098576
558.0 6.272052336
560.0 6.32214
562.0 6.3716729472
564.0 6.42084696
566.0 6.4714893408
568.0 6.5262920976
570.0 6.587262
572.0 6.6545132544
574.0 6.7281274368
576.0 6.8098176432
578.0 6.9017864256
580.0 7.005339
582.0 7.1203122144
584.0 7.2467386992
586.0 7.383280608
588.0 7.5277353888
590.0 7.678341
592.0 7.8350158656
594.0 7.997792616
596.0 8.1640771344
598.0 8.3302800768
600.0 8.494101
602.0 8.655458328
604.0 8.8137483984
606.0 8.9704885248
608.0 9.1284522912
610.0 9.289467
612.0 9.4529616192
614.0 9.6186098448
616.0 9.7871132304
618.0 9.959369112
620.0 10.135818
622.0 10.31650884
624.0 10.5018821424
626.0 10.6900290288
628.0 10.8779311872
630.0 11.063745
632.0 11.2477967712
634.0 11.4298417728
636.0 11.6113157424
638.0 11.79466596
640.0 11.981475
642.0 12.17154708
644.0 12.3651595584
646.0 12.5617903488
648.0 12.7603789632
650.0 12.960387
652.0 13.1620265568
654.0 13.3649876448
656.0 13.5708854688
658.0 13.7822488848
660.0 14.000481
662.0 14.2253697168
664.0 14.4575350128
666.0 14.6940238368
668.0 14.9301047808
670.0 15.162939
672.0 15.3926733312
674.0 15.6180351888
676.0 15.8429891664
678.0 16.07414292
680.0 16.3152
682.0 16.5633052464
684.0 16.8157013904
686.0 17.0716868784
688.0 17.3305275264
690.0 17.589825
692.0 17.8487961696
694.0 18.1102309344
696.0 18.3549426192
698.0 18.554216472
700.0 18.691101
702.0 18.7681740048
704.0 18.7819929792
706.0 18.7531477056
708.0 18.715492224
710.0 18.691101
712.0 18.6770046672
714.0 18.6752426256
716.0 18.682290792
718.0 18.6893389584
720.0 18.691101
722.0 18.691101
724.0 18.691101
726.0 18.691101
728.0 18.691101
730.0 18.691101
732.0 18.691101
734.0 18.691101
736.0 18.691101
738.0 18.691101
740.0 18.691101
742.0 18.691101
744.0 18.691101
746.0 18.691101
748.0 18.691101
750.0 18.691101
