380.0 14.122845
382.0 14.1248356105
384.0 14.1270711832
386.0 14.1291439943
388.0 14.1281161367
390.0 14.122845
392.0 14.1160239974
394.0 14.1089919901
396.0 14.1050606514
398.0 14.1087158807
400.0 14.122845
402.0 14.1485577552
404.0 14.18851368
406.0 14.2380139968
408.0 14.2889011056
410.0 14.336982
412.0 14.384785536
414.0 14.4326543328
416.0 14.4889254576
418.0 14.5663247664
420.0 14.673483
422.0 14.8091112576
424.0 14.9721816816
426.0 15.1663325616
428.0 15.3959690016
430.0 15.662592
432.0 15.9649289712
434.0 16.3033388496
436.0 16.665813648
438.0 17.0342434944
440.0 17.396082
442.0 17.7508886544
444.0 18.096330384
446.0 18.4309225056
448.0 18.7549913232
450.0 19.06839
452.0 19.368671256
454.0 19.6538283216
456.0 19.9250358912
458.0 20.1848228208
460.0 20.434788
462.0 20.674539864
464.0 20.9044373472
466.0 21.1237299504
468.0 21.3310308816
470.0 21.525867
472.0 21.7088256528
474.0 21.8796947424
476.0 22.042161504
478.0 22.2017731056
480.0 22.362021
482.0 22.521991536
484.0 22.681064736
486.0 22.838914296
488.0 22.994724456
490.0 23.14719
492.0 23.2952341248
494.0 23.43800844
496.0 23.5705857552
498.0 23.6861136864
500.0 23.779404
502.0 23.8493309472
504.0 23.8945240512
506.0 23.9118997392
508.0 23.8981133952
510.0 23.850783
512.0 23.7712790304
514.0 23.6632560912
516.0 23.520318624
518.0 23.3324327808
520.0 23.096205
522.0 22.8162851136
524.0 22.493032056
526.0 22.1510980944
528.0 21.8271924288
530.0 21.546261
532.0 21.3075369936
534.0 21.1131250704
536.0 20.9659456512
538.0 20.865998736
540.0 20.812077
542.0 20.8046862144
544.0 20.8439895312
546.0 20.918452104
548.0 21.0108613968
550.0 21.10779
552.0 21.2105920752
554.0 21.324047976
556.0 21.4244517168
558.0 21.4774598016
560.0 21.464685
562.0 21.3972379632
564.0 21.2838146928
566.0 21.1451844384
568.0 21.012264504
570.0 20.914047
572.0 20.8569601152
574.0 20.8393560144
576.0 20.9318795136
578.0 21.2348690928
580.0 21.811383
582.0 22.651942104
584.0 23.7548985696
586.0 25.0968727152
588.0 26.6341398048
590.0 28.327266
592.0 30.1701657312
594.0 32.1605385552
596.0 34.2142143552
598.0 36.2129079312
600.0 38.075598
602.0 39.7957584816
604.0 41.3557036992
606.0 42.7601650608
608.0 44.0337785184
610.0 45.193104
612.0 46.2252688128
614.0 47.1215443248
616.0 47.9047555008
618.0 48.6099800208
620.0 49.261707
622.0 49.8613232304
624.0 50.4145227168
626.0 50.9241606192
628.0 51.3892580256
630.0 51.810957
632.0 52.1953757424
634.0 52.5464625312
636.0 52.870302936
638.0 53.1741572208
640.0 53.462871
642.0 53.738679456
644.0 54.005514552
646.0 54.257258088
648.0 54.482897304
650.0 54.676314
652.0 54.8408038464
654.0 54.97732944
656.0 55.0926452736
658.0 55.1971930752
660.0 55.298331
662.0 55.395895896
664.0 55.4903282736
666.0 55.5849238032
668.0 55.6833534048
670.0 55.787787
672.0 55.898811936
674.0 56.0176844832
676.0 56.1400647984
678.0 56.2587741936
680.0 56.369016
682.0 56.471312304
684.0 56.5652389104
686.0 56.6506000368
688.0 56.7278851392
690.0 56.79729
692.0 56.8583741088
694.0 56.9112353568
696.0 56.9550416688
698.0 56.9885694048
700.0 57.011427
702.0 57.0241039104
704.0 57.0265022448
706.0 57.0220481952
708.0 57.0158810496
710.0 57.011427
712.0 57.0086860464
714.0 57.0083434272
716.0 57.009713904
718.0 57.0110843808
720.0 57.011427
722.0 57.011427
724.0 57.011427
726.0 57.011427
728.0 57.011427
730.0 57.011427
732.0 57.011427
734.0 57.011427
736.0 57.011427
738.0 57.011427
740.0 57.011427
742.0 57.011427
744.0 57.011427
746.0 57.011427
748.0 57.011427
750.0 57.011427
