380.0 34.333479
382.0 33.6306568508
384.0 32.9126513794
386.0 32.1406696909
388.0 31.2080056765
390.0 30.06345
392.0 28.7622454881
394.0 27.3179951461
396.0 25.8412057701
398.0 24.494698138
400.0 23.378154
402.0 22.4906238864
404.0 21.86907072
406.0 21.3976921296
408.0 20.8801686912
410.0 20.198562
412.0 19.3819938576
414.0 18.4159685856
416.0 17.4023309616
418.0 16.5110668656
420.0 15.847005
422.0 15.3828497904
424.0 15.1191393216
426.0 15.0061741248
428.0 14.956393128
430.0 14.909433
432.0 14.8814362848
434.0 14.8869801888
436.0 14.8774414128
438.0 14.7848256048
440.0 14.57313
442.0 14.2458113856
444.0 13.7841509328
446.0 13.287351912
448.0 12.9127633632
450.0 12.759132
452.0 12.8021298672
454.0 13.034452056
456.0 13.4323576128
458.0 13.9490494656
460.0 14.542557
462.0 15.22494636
464.0 16.0288613568
466.0 16.8126389376
468.0 17.3633279664
470.0 17.559093
472.0 17.4283546992
474.0 16.9549052976
476.0 16.307719728
478.0 15.7585308144
480.0 15.49032
482.0 15.4869610464
484.0 15.76303116
486.0 16.3365154176
488.0 17.2041526992
490.0 18.364182
492.0 19.8368874864
494.0 21.6373029216
496.0 23.7338280528
498.0 26.07346968
500.0 28.616328
502.0 31.3490324208
504.0 34.2433579488
506.0 37.2997611408
508.0 40.5325093968
510.0 43.933401
512.0 47.47008564
514.0 51.1296003648
516.0 54.7978385856
518.0 58.3125595824
520.0 61.563831
522.0 64.5461089344
524.0 67.2377069376
526.0 69.6499084848
528.0 71.82249924
530.0 73.78284
532.0 75.5157339456
534.0 77.0125391088
536.0 78.304627464
538.0 79.4384699712
540.0 80.447754
542.0 81.3397192368
544.0 82.128616776
546.0 82.8173164032
548.0 83.4009264384
550.0 83.882121
552.0 84.2737489008
554.0 84.5804409312
556.0 84.8381346336
558.0 85.097377368
560.0 85.390389
562.0 85.7188979232
564.0 86.0936658336
566.0 86.488897272
568.0 86.8584473904
570.0 87.173814
572.0 87.4435575408
574.0 87.667710624
576.0 87.8580295872
578.0 88.0354671264
580.0 88.213296
582.0 88.3881409488
584.0 88.5602302512
586.0 88.7264495376
588.0 88.880439624
590.0 89.018385
592.0 89.1427315056
594.0 89.2552401456
596.0 89.3555195856
598.0 89.4429176016
600.0 89.517744
602.0 89.58052056
604.0 89.6305135296
606.0 89.6746364832
608.0 89.7232434768
610.0 89.78271
612.0 89.8525631904
614.0 89.9343846912
616.0 90.022320792
618.0 90.1063435488
620.0 90.180159
622.0 90.2447780928
624.0 90.299026824
626.0 90.3465902592
628.0 90.3940721664
630.0 90.445125
632.0 90.4984769232
634.0 90.5549758272
636.0 90.6082951392
638.0 90.6484069152
640.0 90.669327
642.0 90.6711369216
644.0 90.6506896992
646.0 90.6173610528
648.0 90.5867228304
650.0 90.567417
652.0 90.5583347808
654.0 90.5643678528
656.0 90.5660799408
658.0 90.5322458208
660.0 90.445125
662.0 90.312478944
664.0 90.1372426608
666.0 89.9364065856
668.0 89.7366303744
670.0 89.558508
672.0 89.3995936224
674.0 89.2532834736
676.0 89.1540149808
678.0 89.151520224
680.0 89.27316
682.0 89.5138143504
684.0 89.8810816848
686.0 90.3203382432
688.0 90.7446751776
690.0 91.097349
692.0 91.3847841168
694.0 91.6016322912
696.0 91.7575790496
698.0 91.876430568
700.0 91.973775
702.0 92.0416552128
704.0 92.0753751936
706.0 92.0850444144
708.0 92.0853379152
710.0 92.085876
712.0 92.087180448
714.0 92.0922188784
716.0 92.0960343888
718.0 92.0890066752
720.0 92.065494
722.0 92.0288227056
724.0 91.9809168528
726.0 91.923472224
728.0 91.8590977152
730.0 91.790337
732.0 91.7172553008
734.0 91.638613392
736.0 91.5628249632
738.0 91.5022822704
740.0 91.464225
742.0 91.4478541776
744.0 91.4552895312
746.0 91.4760139488
748.0 91.4928250224
750.0 91.494798
752.0 91.4841667488
754.0 91.4607682128
756.0 91.4274232608
758.0 91.3898388528
760.0 91.352124
762.0 91.3130620238
764.0 91.2714914037
766.0 91.2325296796
768.0 91.2035646926
770.0 91.189068
772.0 91.1879224731
774.0 91.1996461995
776.0 91.2217551888
778.0 91.2500447026
780.0 91.280787
