380.0 4.219074
382.0 4.26910394976
384.0 4.32230373938
386.0 4.3832596114
388.0 4.4565858946
390.0 4.545186
392.0 4.65002866748
394.0 4.77223477052
396.0 4.90815942238
398.0 5.05150312224
400.0 5.19741
402.0 5.3460029328
404.0 5.4974656512
406.0 5.6455857216
408.0 5.781802704
410.0 5.900589
412.0 6.001765248
414.0 6.0840433056
416.0 6.1505049312
418.0 6.2069386128
420.0 6.257274
422.0 6.3006958128
424.0 6.3371225232
426.0 6.3680868576
428.0 6.395382432
430.0 6.42033
432.0 6.44356548
434.0 6.4659204576
436.0 6.4870525152
438.0 6.5059833168
440.0 6.52224
442.0 6.536670456
444.0 6.5500736592
446.0 6.5624169984
448.0 6.5734558896
450.0 6.583386
452.0 6.5920931904
454.0 6.5983708464
456.0 6.6067682304
458.0 6.6242967504
460.0 6.654723
462.0 6.6975415056
464.0 6.7548230784
466.0 6.8168332752
468.0 6.868081776
470.0 6.899307
472.0 6.913492872
474.0 6.9114872832
476.0 6.8990461104
478.0 6.8857081296
480.0 6.878925
482.0 6.880881672
484.0 6.8955404064
486.0 6.9265862688
488.0 6.9772803792
490.0 7.052172
492.0 7.1577344544
494.0 7.3003106208
496.0 7.4884609392
498.0 7.7321318256
500.0 8.040699
502.0 8.4147983808
504.0 8.8486740912
506.0 9.3721490736
508.0 10.029248448
510.0 10.843224
512.0 11.8035097008
514.0 12.9076923216
516.0 14.1138664704
518.0 15.3574619712
520.0 16.590948
522.0 17.8122048288
524.0 19.0168788624
526.0 20.171087064
528.0 21.2330055696
530.0 22.175616
532.0 22.993178784
534.0 23.673937584
536.0 24.24316608
538.0 24.74619384
540.0 25.212534
542.0 25.6349957904
544.0 26.01273132
546.0 26.3474200656
548.0 26.6380021632
550.0 26.883858
552.0 27.08890092
554.0 27.2577617136
556.0 27.3826789152
558.0 27.4506895728
560.0 27.454554
562.0 27.3990986544
564.0 27.2881064352
566.0 27.12558852
568.0 26.9173333968
570.0 26.669847
572.0 26.3866024224
574.0 26.069311752
576.0 25.7366122896
578.0 25.4145114672
580.0 25.120815
582.0 24.8559468336
584.0 24.6216353616
586.0 24.4199350896
588.0 24.2506014336
590.0 24.111906
592.0 24.0044847072
594.0 23.9303594496
596.0 23.872784376
598.0 23.8064858064
600.0 23.714457
602.0 23.59909488
604.0 23.462046312
606.0 23.29784892
608.0 23.100469632
610.0 22.868604
612.0 22.6008497424
614.0 22.28934756
616.0 21.9678174336
618.0 21.6886003392
620.0 21.482628
622.0 21.34239984
624.0 21.2700192816
626.0 21.2352231312
628.0 21.1883608368
630.0 21.09537
632.0 20.9627402496
634.0 20.7955426272
636.0 20.5735581888
638.0 20.2702088064
640.0 19.87245
642.0 19.3792545168
644.0 18.7777409328
646.0 18.1238863728
648.0 17.5061487168
650.0 16.978206
652.0 16.5363731568
654.0 16.2003147408
656.0 15.9064063008
658.0 15.5476015728
660.0 15.062298
662.0 14.4785738256
664.0 13.8075494688
666.0 13.09788084
668.0 12.4262857872
670.0 11.852133
672.0 11.3829067488
674.0 11.0287002
676.0 10.8459470352
678.0 10.9064734224
680.0 11.261055
682.0 11.905452312
684.0 12.8241424272
686.0 14.0629114704
688.0 15.6852697536
690.0 17.711958
692.0 20.1214202064
694.0 22.9223961744
696.0 25.9333067424
698.0 28.8804624144
700.0 31.581909
702.0 34.0412500368
704.0 36.2270320224
706.0 38.171654184
708.0 39.9586827216
710.0 41.640426
712.0 43.185870768
714.0 44.579591928
716.0 45.837405912
718.0 46.982059032
720.0 48.030183
722.0 48.9855444096
724.0 49.854698112
726.0 50.6405301984
728.0 51.3428776128
730.0 51.963909
732.0 52.5104237952
734.0 52.9873952064
736.0 53.4035467296
738.0 53.7696400608
740.0 54.093828
742.0 54.3802521696
744.0 54.6346195296
746.0 54.8558865216
748.0 55.0394875776
750.0 55.184265
752.0 55.2948332736
754.0 55.3732632096
756.0 55.4298436416
758.0 55.4790865536
760.0 55.530759
762.0 55.5854862889
764.0 55.6455136779
766.0 55.7088021869
768.0 55.7701870757
770.0 55.826298
772.0 55.8775388551
774.0 55.9221835879
776.0 55.962209701
778.0 56.0013655319
780.0 56.040309
