380.0 4.473849
382.0 4.47559713196
384.0 4.47837766585
386.0 4.48344956564
388.0 4.49184694964
390.0 4.504422
392.0 4.52185783554
394.0 4.54461702038
396.0 4.57301880101
398.0 4.60720906964
400.0 4.647096
402.0 4.6924744848
404.0 4.7431033728
406.0 4.7977271328
408.0 4.8545521488
410.0 4.912062
412.0 4.9698327408
414.0 5.0275545648
416.0 5.0830751328
418.0 5.1335409648
420.0 5.177028
422.0 5.2137482112
424.0 5.2440929328
426.0 5.2672631904
428.0 5.282280648
430.0 5.289129
432.0 5.288069136
434.0 5.2782694704
436.0 5.2660239648
438.0 5.2608713952
440.0 5.268747
442.0 5.2888354992
444.0 5.3217891168
446.0 5.3639553984
448.0 5.408893632
450.0 5.452185
452.0 5.494661088
454.0 5.5366317024
456.0 5.5758303648
458.0 5.6094035952
460.0 5.635623
462.0 5.654455968
464.0 5.6655111648
466.0 5.6707778736
468.0 5.6735987424
470.0 5.676387
472.0 5.679322008
474.0 5.6830886016
476.0 5.6884857552
478.0 5.6961656928
480.0 5.70696
482.0 5.7224177088
484.0 5.7444139632
486.0 5.7730955136
488.0 5.807973192
490.0 5.849634
492.0 5.9006216112
494.0 5.9633818656
496.0 6.041143272
498.0 6.1378191744
500.0 6.257274
502.0 6.4003230288
504.0 6.565612896
506.0 6.7649814672
508.0 7.0156311504
510.0 7.327329
512.0 7.6956072816
514.0 8.1171233472
516.0 8.5843766208
518.0 9.0857901264
520.0 9.610113
522.0 10.1545406784
524.0 10.7194318848
526.0 11.2754365392
528.0 11.7808123056
530.0 12.208818
532.0 12.5590133712
534.0 12.8243870112
536.0 13.0221739392
538.0 13.1839254912
540.0 13.329828
542.0 13.4534407536
544.0 13.5525135792
546.0 13.6281063408
548.0 13.6798929264
550.0 13.706895
552.0 13.7117540688
554.0 13.6998509808
556.0 13.6563150288
558.0 13.5576661488
560.0 13.390974
562.0 13.161554208
564.0 12.8699774688
566.0 12.5348647776
568.0 12.1853216304
570.0 11.841942
572.0 11.5048400256
574.0 11.1764452416
576.0 10.8649267536
578.0 10.5786819456
580.0 10.323483
582.0 10.101482256
584.0 9.9146363856
586.0 9.7604017152
588.0 9.6333158688
590.0 9.528585
592.0 9.4462906368
594.0 9.3870850032
596.0 9.3398639856
598.0 9.288648096
600.0 9.222855
602.0 9.143039088
604.0 9.0485644416
606.0 8.9401485072
608.0 8.8206447648
610.0 8.692923
612.0 8.555629848
614.0 8.4057324672
616.0 8.2563242544
618.0 8.1272980416
620.0 8.030508
622.0 7.9638507072
624.0 7.9290708624
626.0 7.9138577376
628.0 7.8978293328
630.0 7.867452
632.0 7.8251063568
634.0 7.7711837376
636.0 7.7034013584
638.0 7.6201286592
640.0 7.520958
642.0 7.4047969056
644.0 7.2691832304
646.0 7.1237861952
648.0 6.983770008
650.0 6.858543
652.0 6.7477301424
654.0 6.6546740832
656.0 6.570096936
658.0 6.4780192128
660.0 6.369375
662.0 6.2491701168
664.0 6.120143904
666.0 5.9888349072
668.0 5.8652710704
670.0 5.757915
672.0 5.673696576
674.0 5.6240786352
676.0 5.6066642544
678.0 5.6133821616
680.0 5.645814
682.0 5.7141018528
684.0 5.8185555264
686.0 6.011385552
688.0 6.3689021376
690.0 6.940071
692.0 7.7204080992
694.0 8.71371264
696.0 9.9034996608
698.0 11.2569949056
700.0 12.748941
702.0 14.3819305344
704.0 16.1578386528
706.0 18.0415267872
708.0 19.9837520256
710.0 21.951414
712.0 23.9369632176
714.0 25.9221047952
716.0 27.9302372688
718.0 30.0062825664
720.0 32.172987
722.0 34.4112241008
724.0 36.7124334288
726.0 39.0394871328
728.0 41.3375168688
730.0 43.566525
732.0 45.721473096
734.0 47.7931484928
736.0 49.7650336176
738.0 51.6213935664
740.0 53.349885
742.0 54.9436106496
744.0 56.3979886416
746.0 57.7078174896
748.0 58.8692653776
750.0 59.882316
752.0 60.7484531664
754.0 61.4677257936
756.0 62.0614453008
758.0 62.56132608
760.0 62.990571
762.0 63.352786407
764.0 63.6546795199
766.0 63.9044762408
768.0 64.1089293506
770.0 64.274637
772.0 64.4080581571
774.0 64.5139304179
776.0 64.5999238898
778.0 64.6745779482
780.0 64.743423
