380.0 7.56444
382.0 7.56752302576
384.0 7.57120703816
386.0 7.57505445497
388.0 7.57354562297
390.0 7.56444
392.0 7.55231694591
394.0 7.53854230415
396.0 7.5301239112
398.0 7.53695607824
400.0 7.56444
402.0 7.61181408
404.0 7.68100944
406.0 7.76010144
408.0 7.830108
410.0 7.87878
412.0 7.90765872
414.0 7.91552736
416.0 7.90571184
418.0 7.88518848
420.0 7.8585
422.0 7.824218688
424.0 7.7822472
426.0 7.733137152
428.0 7.677213024
430.0 7.61514
432.0 7.547664384
434.0 7.474932192
436.0 7.40009088
438.0 7.327602048
440.0 7.26024
442.0 7.19769648
444.0 7.1401824
446.0 7.08599424
448.0 7.03213056
450.0 6.97632
452.0 6.919065504
454.0 6.86121072
456.0 6.798975456
458.0 6.726843552
460.0 6.6417
462.0 6.544583136
464.0 6.435720096
466.0 6.318907296
468.0 6.200147616
470.0 6.084
472.0 5.970480672
474.0 5.859443616
476.0 5.75603184
478.0 5.667221664
480.0 5.59728
482.0 5.546060832
484.0 5.51445648
486.0 5.498264928
488.0 5.490347616
490.0 5.48574
492.0 5.485107264
494.0 5.488611648
496.0 5.493576192
498.0 5.496674976
500.0 5.49588
502.0 5.491353504
504.0 5.483111712
506.0 5.47267968
508.0 5.462653248
510.0 5.45532
512.0 5.450160768
514.0 5.44550448
516.0 5.448554592
518.0 5.470100064
520.0 5.51616
522.0 5.583067776
524.0 5.667497472
526.0 5.765879808
528.0 5.873023104
530.0 5.9826
532.0 6.095648832
534.0 6.219989568
536.0 6.320967744
538.0 6.34617984
540.0 6.26652
542.0 6.093052992
544.0 5.827758144
546.0 5.510059776
548.0 5.201771328
550.0 4.94832
552.0 4.75298304
554.0 4.623418176
556.0 4.586654592
558.0 4.673842368
560.0 4.90776
562.0 5.303317344
564.0 5.882546592
566.0 6.62661168
568.0 7.497305088
570.0 8.47704
572.0 9.573344352
574.0 10.77087024
576.0 12.148401408
578.0 13.828347936
580.0 15.87924
582.0 18.272718048
584.0 21.000540288
586.0 23.981619168
588.0 27.089001888
590.0 30.22734
592.0 33.391214688
594.0 36.572173248
596.0 39.687667968
598.0 42.632080608
600.0 45.33594
602.0 47.785082592
604.0 49.949591328
606.0 51.882015744
608.0 53.68010544
610.0 55.40496
612.0 57.0391224
614.0 58.584799104
616.0 60.020639328
618.0 61.306975392
620.0 62.42184
622.0 63.379007328
624.0 64.184772288
626.0 64.859366208
628.0 65.433452448
630.0 65.93028
632.0 66.352898976
634.0 66.705576288
636.0 67.00625568
638.0 67.276758432
640.0 67.5324
642.0 67.778810112
644.0 68.0243928
646.0 68.262025728
648.0 68.476133856
650.0 68.65794
652.0 68.81336592
654.0 68.944731648
656.0 69.058250976
658.0 69.163333824
660.0 69.26634
662.0 69.367512864
664.0 69.468474816
666.0 69.568138848
668.0 69.66350352
670.0 69.75306
672.0 69.838706496
674.0 69.921659808
676.0 70.00323408
678.0 70.085132832
680.0 70.1688
682.0 70.253440608
684.0 70.33679952
686.0 70.424701152
688.0 70.526149824
690.0 70.64538
692.0 70.781126208
694.0 70.936162752
696.0 71.093065056
698.0 71.22473904
700.0 71.31462
702.0 71.365271328
704.0 71.374145856
706.0 71.354709504
708.0 71.329919232
710.0 71.31462
712.0 71.306053728
714.0 71.304982944
716.0 71.30926608
718.0 71.313549216
720.0 71.31462
722.0 71.31462
724.0 71.31462
726.0 71.31462
728.0 71.31462
730.0 71.31462
732.0 71.31462
734.0 71.31462
736.0 71.31462
738.0 71.31462
740.0 71.31462
742.0 71.31462
744.0 71.31462
746.0 71.31462
748.0 71.31462
750.0 71.31462
