380.0 29.03082
382.0 29.0948537216
384.0 29.1673284255
386.0 29.2356194333
388.0 29.2027658333
390.0 29.03082
392.0 28.7996472514
394.0 28.5349064259
396.0 28.3713102082
398.0 28.4996648704
400.0 29.03082
402.0 29.955149952
404.0 31.305814176
406.0 32.91208752
408.0 34.495485024
410.0 35.87532
412.0 37.076512512
414.0 38.08291968
416.0 38.930493888
418.0 39.701815296
420.0 40.44846
422.0 41.144826528
424.0 41.781294048
426.0 42.361788768
428.0 42.889474368
430.0 43.36878
432.0 43.80406992
434.0 44.197209888
436.0 44.562850176
438.0 44.921189664
440.0 45.28524
442.0 45.655293216
444.0 46.034204736
446.0 46.414738656
448.0 46.783347936
450.0 47.13072
452.0 47.460034752
454.0 47.774309856
456.0 48.0648168
458.0 48.318981984
460.0 48.53004
462.0 48.70071648
464.0 48.83164416
466.0 48.9340176
468.0 49.02519648
470.0 49.11816
472.0 49.214076288
474.0 49.31495712
476.0 49.430277312
478.0 49.571555904
480.0 49.74684
482.0 49.959439296
484.0 50.214545472
486.0 50.506966848
488.0 50.826157824
490.0 51.16644
492.0 51.530392992
494.0 51.916589088
496.0 52.336044384
498.0 52.80603744
500.0 53.3364
502.0 53.923449216
504.0 54.566438784
506.0 55.254612192
508.0 55.97093424
510.0 56.70288
512.0 57.449897856
514.0 58.210462752
516.0 58.976138208
518.0 59.736703104
520.0 60.4851
522.0 61.218846624
524.0 61.934097888
526.0 62.634990912
528.0 63.329962176
530.0 64.02396
532.0 64.714437216
534.0 65.400696192
536.0 66.079897728
538.0 66.747499104
540.0 67.40058
542.0 68.039529792
544.0 68.664056448
546.0 69.275036064
548.0 69.87425328
550.0 70.46286
552.0 71.04019104
554.0 71.605613664
556.0 72.160085088
558.0 72.705065472
560.0 73.24122
562.0 73.76793216
564.0 74.284861248
566.0 74.790190176
568.0 75.281241984
570.0 75.75594
572.0 76.213927296
574.0 76.654814496
576.0 77.076719616
578.0 77.477290176
580.0 77.85492
582.0 78.208911456
584.0 78.538015296
586.0 78.843837696
588.0 79.129380096
590.0 79.3962
592.0 79.64394048
594.0 79.873737216
596.0 80.080820352
598.0 80.257645728
600.0 80.40006
602.0 80.509993824
604.0 80.588063712
606.0 80.63960736
608.0 80.672899008
610.0 80.69412
612.0 80.703724608
614.0 80.70247536
616.0 80.695142112
618.0 80.687646624
620.0 80.68398
622.0 80.685310368
624.0 80.693681952
626.0 80.706271776
628.0 80.7176448
630.0 80.72454
632.0 80.728320192
634.0 80.729228736
636.0 80.72892048
638.0 80.730153504
640.0 80.73468
642.0 80.742240384
644.0 80.75309424
646.0 80.766462816
648.0 80.780885952
650.0 80.79552
652.0 80.810754336
654.0 80.826653856
656.0 80.843932416
658.0 80.863725696
660.0 80.88678
662.0 80.912997984
664.0 80.942412096
666.0 80.974989888
668.0 81.01056912
670.0 81.04902
672.0 81.090439872
674.0 81.134958528
676.0 81.182154144
678.0 81.23137776
680.0 81.28224
682.0 81.334124352
684.0 81.385603104
686.0 81.439109856
688.0 81.498700608
690.0 81.56616
692.0 81.64062816
694.0 81.723273216
696.0 81.805512672
698.0 81.874123968
700.0 81.92106
702.0 81.947521344
704.0 81.952177632
706.0 81.94207008
708.0 81.929123328
710.0 81.92106
712.0 81.91651728
714.0 81.91594944
716.0 81.9182208
718.0 81.92049216
720.0 81.92106
722.0 81.92106
724.0 81.92106
726.0 81.92106
728.0 81.92106
730.0 81.92106
732.0 81.92106
734.0 81.92106
736.0 81.92106
738.0 81.92106
740.0 81.92106
742.0 81.92106
744.0 81.92106
746.0 81.92106
748.0 81.92106
750.0 81.92106
