380.0 37.33548
382.0 37.4844445762
384.0 37.6548996645
386.0 37.8190980333
388.0 37.7433644013
390.0 37.33548
392.0 36.7883753588
394.0 36.1632688306
396.0 35.7780943032
398.0 36.0827642558
400.0 37.33548
402.0 39.511718688
404.0 42.692661024
406.0 46.44598608
408.0 50.070735936
410.0 53.11332
412.0 55.636184448
414.0 57.59860704
416.0 59.102296032
418.0 60.371791584
420.0 61.5498
422.0 62.576422272
424.0 63.434752992
426.0 64.138712352
428.0 64.698196992
430.0 65.12922
432.0 65.449449312
434.0 65.666039712
436.0 65.838906432
438.0 66.051116352
440.0 66.35616
442.0 66.757103712
444.0 67.269863232
446.0 67.858469952
448.0 68.456892192
450.0 69.02298
452.0 69.567927936
454.0 70.091541312
456.0 70.599660768
458.0 71.106238944
460.0 71.61882
462.0 72.130314048
464.0 72.636421728
466.0 73.132713888
468.0 73.613187648
470.0 74.0727
472.0 74.509596096
474.0 74.922788928
476.0 75.30475056
478.0 75.645503232
480.0 75.93846
482.0 76.182517632
484.0 76.37504784
486.0 76.520366208
488.0 76.626665856
490.0 76.69896
492.0 76.735610016
494.0 76.736794368
496.0 76.69993344
498.0 76.620565632
500.0 76.49616
502.0 76.328063136
504.0 76.116924
506.0 75.864738144
508.0 75.574588128
510.0 75.24894
512.0 74.888020896
514.0 74.491863264
516.0 74.063906592
518.0 73.60885584
520.0 73.12968
522.0 72.625876128
524.0 72.097071072
526.0 71.542632096
528.0 70.96126128
530.0 70.35132
532.0 69.713830368
534.0 69.052085856
536.0 68.354810784
538.0 67.604645472
540.0 66.79218
542.0 65.922038208
544.0 64.996037184
546.0 64.0272048
548.0 63.035577696
550.0 62.03652
552.0 61.031264736
554.0 60.02093136
556.0 59.021224704
558.0 58.052749248
560.0 57.12876
562.0 56.250684672
564.0 55.422822624
566.0 54.635114976
568.0 53.869309728
570.0 53.11332
572.0 52.370228352
574.0 51.641056896
576.0 50.92243104
578.0 50.210619264
580.0 49.50348
582.0 48.800623872
584.0 48.10107744
586.0 47.409318528
588.0 46.732647936
590.0 46.07616
592.0 45.439952064
594.0 44.825159808
596.0 44.232594432
598.0 43.662418176
600.0 43.11528
602.0 42.593370144
604.0 42.099057312
606.0 41.63264976
608.0 41.193741888
610.0 40.78308
612.0 40.401588864
614.0 40.0481328
616.0 39.732073056
618.0 39.467362272
620.0 39.26208
622.0 39.114036
624.0 39.023327616
626.0 38.981047872
628.0 38.972838528
630.0 38.9883
632.0 39.027383616
634.0 39.089099712
636.0 39.167039808
638.0 39.253497504
640.0 39.3432
642.0 39.434281536
644.0 39.523805568
646.0 39.6153576
648.0 39.715995072
650.0 39.82992
652.0 39.955234176
654.0 40.091532
656.0 40.236590784
658.0 40.386760128
660.0 40.53972
662.0 40.695892224
664.0 40.855130784
666.0 41.018181984
668.0 41.186505984
670.0 41.36106
672.0 41.541503328
674.0 41.727657504
676.0 41.91989568
678.0 42.118704576
680.0 42.32436
682.0 42.534639264
684.0 42.74521056
686.0 42.962190336
688.0 43.195799712
690.0 43.4499
692.0 43.722122496
694.0 44.016425856
696.0 44.304645216
698.0 44.543624736
700.0 44.70726
702.0 44.799477216
704.0 44.815782336
706.0 44.780738496
708.0 44.735635776
710.0 44.70726
712.0 44.691165792
714.0 44.689154016
716.0 44.69720112
718.0 44.705248224
720.0 44.70726
722.0 44.70726
724.0 44.70726
726.0 44.70726
728.0 44.70726
730.0 44.70726
732.0 44.70726
734.0 44.70726
736.0 44.70726
738.0 44.70726
740.0 44.70726
742.0 44.70726
744.0 44.70726
746.0 44.70726
748.0 44.70726
750.0 44.70726
