380.0 15.85896
382.0 15.8792196618
384.0 15.9022231202
386.0 15.9240400531
388.0 15.9136729171
390.0 15.85896
392.0 15.7854981938
394.0 15.701559332
396.0 15.6498045391
398.0 15.6906076662
400.0 15.85896
402.0 16.15196544
404.0 16.580554848
406.0 17.089371936
408.0 17.588211264
410.0 18.01878
412.0 18.389563296
414.0 18.695710176
416.0 18.950183616
418.0 19.181537856
420.0 19.40796
422.0 19.6221168
424.0 19.822304736
426.0 20.009919072
428.0 20.185527648
430.0 20.35098
432.0 20.508563712
434.0 20.658473472
436.0 20.811465792
438.0 20.982953472
440.0 21.18246
442.0 21.408995712
444.0 21.663712512
446.0 21.939682752
448.0 22.224900672
450.0 22.5108
452.0 22.79893824
454.0 23.090775552
456.0 23.378232384
458.0 23.650114176
460.0 23.89998
462.0 24.129371136
464.0 24.338368704
466.0 24.534549312
468.0 24.73008096
470.0 24.93426
472.0 25.146891744
474.0 25.367246112
476.0 25.60690704
478.0 25.881855168
480.0 26.20176
482.0 26.566329504
484.0 26.97815952
486.0 27.426087936
488.0 27.891376032
490.0 28.36158
492.0 28.837040544
494.0 29.314237056
496.0 29.796787488
498.0 30.29272272
500.0 30.80532
502.0 31.328170848
504.0 31.856180928
506.0 32.382163008
508.0 32.896707168
510.0 33.39102
512.0 33.862473216
514.0 34.311196608
516.0 34.71700752
518.0 35.051513952
520.0 35.29734
522.0 35.4559296
524.0 35.524476
526.0 35.51831088
528.0 35.46355488
530.0 35.37846
532.0 35.261046912
534.0 35.11149408
536.0 34.939146528
538.0 34.755279936
540.0 34.56726
542.0 34.377049824
544.0 34.188218688
546.0 33.993871392
548.0 33.781515456
550.0 33.54312
552.0 33.280631904
554.0 32.993905152
556.0 32.68381584
558.0 32.352716448
560.0 32.00184
562.0 31.629126048
564.0 31.23233568
566.0 30.812750592
568.0 30.372804384
570.0 29.913
572.0 29.433532128
574.0 28.937986272
576.0 28.412507136
578.0 27.83559792
580.0 27.19548
582.0 26.497669536
584.0 25.744145856
586.0 24.950386656
588.0 24.140322336
590.0 23.33214
592.0 22.527218688
594.0 21.727164576
596.0 20.949093984
598.0 20.215152672
600.0 19.53978
602.0 18.925360896
604.0 18.377508864
606.0 17.885305152
608.0 17.428632
610.0 16.99464
612.0 16.5866064
614.0 16.204174272
616.0 15.849485184
618.0 15.527406336
620.0 15.24042
622.0 14.985832992
624.0 14.761909344
626.0 14.566215456
628.0 14.395425408
630.0 14.2467
632.0 14.119325376
634.0 14.013058176
636.0 13.923258336
638.0 13.843598496
640.0 13.77012
642.0 13.703049984
644.0 13.641934176
646.0 13.589335968
648.0 13.54979808
650.0 13.52676
652.0 13.519361856
654.0 13.526143488
656.0 13.553124
658.0 13.609145472
660.0 13.69914
662.0 13.821614976
664.0 13.97673264
666.0 14.157159744
668.0 14.351296128
670.0 14.5509
672.0 14.755338624
674.0 14.962437984
676.0 15.170429664
678.0 15.378502464
680.0 15.58518
682.0 15.787801536
684.0 15.984468864
686.0 16.171320672
688.0 16.34357088
690.0 16.49778
692.0 16.633607328
694.0 16.751085312
696.0 16.848283296
698.0 16.92292992
700.0 16.97436
702.0 17.003092704
704.0 17.008495296
706.0 16.998322848
708.0 16.98433776
710.0 16.97436
712.0 16.968259776
714.0 16.967497248
716.0 16.97054736
718.0 16.973597472
720.0 16.97436
722.0 16.97436
724.0 16.97436
726.0 16.97436
728.0 16.97436
730.0 16.97436
732.0 16.97436
734.0 16.97436
736.0 16.97436
738.0 16.97436
740.0 16.97436
742.0 16.97436
744.0 16.97436
746.0 16.97436
748.0 16.97436
750.0 16.97436
