380.0 2.95074
382.0 2.9531110328
384.0 2.95566402281
386.0 2.95781723483
388.0 2.95655176283
390.0 2.95074
392.0 2.94288517757
394.0 2.93392720077
396.0 2.92838790798
398.0 2.9326641352
400.0 2.95074
402.0 2.982652608
404.0 3.029637312
406.0 3.087897696
408.0 3.15086304
410.0 3.21438
412.0 3.279422016
414.0 3.345859296
416.0 3.414892416
418.0 3.488873856
420.0 3.56928
422.0 3.655607904
424.0 3.747808896
426.0 3.845607168
428.0 3.94843488
430.0 4.056
432.0 4.168659456
434.0 4.286737728
436.0 4.41033216
438.0 4.539523872
440.0 4.67454
442.0 4.816321536
444.0 4.96632864
446.0 5.123717664
448.0 5.286785088
450.0 5.45532
452.0 5.629257504
454.0 5.805855744
456.0 5.996244384
458.0 6.217620864
460.0 6.47946
462.0 6.777543552
464.0 7.110508704
466.0 7.466025216
468.0 7.824948768
470.0 8.17284
472.0 8.508563232
474.0 8.830463616
476.0 9.12624336
478.0 9.380327424
480.0 9.5823
482.0 9.729143424
484.0 9.8151144
486.0 9.848681856
488.0 9.845745312
490.0 9.81552
492.0 9.755604768
494.0 9.668919936
496.0 9.542486304
498.0 9.355212672
500.0 9.09558
502.0 8.769785856
504.0 8.380523424
506.0 7.941777792
508.0 7.47496464
510.0 6.9966
512.0 6.508273824
514.0 6.011446272
516.0 5.52321744
518.0 5.065976448
520.0 4.65426
522.0 4.29011232
524.0 3.97885488
526.0 3.7096176
528.0 3.46244496
530.0 3.22452
532.0 2.999152416
534.0 2.78630976
536.0 2.587095264
538.0 2.404753728
540.0 2.24094
542.0 2.093577408
544.0 1.961335584
546.0 1.8430464
548.0 1.737249696
550.0 1.64268
552.0 1.558672128
554.0 1.48457712
556.0 1.419080832
558.0 1.360641984
560.0 1.30806
562.0 1.260653472
564.0 1.217578752
566.0 1.178803392
568.0 1.144732992
570.0 1.1154
572.0 1.090187904
574.0 1.068804672
576.0 1.05001728
578.0 1.032122208
580.0 1.014
582.0 0.995553312
584.0 0.97644144
586.0 0.957248448
588.0 0.939110016
590.0 0.92274
592.0 0.907846368
594.0 0.894299328
596.0 0.882131328
598.0 0.871342368
600.0 0.8619
602.0 0.853788
604.0 0.847006368
606.0 0.841279296
608.0 0.836201184
610.0 0.83148
612.0 0.827083296
614.0 0.822946176
616.0 0.818971296
618.0 0.815077536
620.0 0.8112
622.0 0.807273792
624.0 0.803234016
626.0 0.79911312
628.0 0.794992224
630.0 0.79092
632.0 0.786864
634.0 0.782808
636.0 0.778752
638.0 0.774696
640.0 0.77064
642.0 0.766616448
644.0 0.76269024
646.0 0.758764032
648.0 0.754675584
650.0 0.75036
652.0 0.745849728
654.0 0.741079872
656.0 0.736472256
658.0 0.73267584
660.0 0.73008
662.0 0.728636064
664.0 0.728441376
666.0 0.729057888
668.0 0.72975552
670.0 0.73008
672.0 0.730112448
674.0 0.729787968
676.0 0.729382368
678.0 0.729382368
680.0 0.73008
682.0 0.731361696
684.0 0.733195008
686.0 0.73543392
688.0 0.737835072
690.0 0.74022
692.0 0.742604928
694.0 0.74500608
696.0 0.747244992
698.0 0.749078304
700.0 0.75036
702.0 0.75109008
704.0 0.751219872
706.0 0.750944064
708.0 0.750587136
710.0 0.75036
712.0 0.750230208
714.0 0.750213984
716.0 0.75027888
718.0 0.750343776
720.0 0.75036
722.0 0.75036
724.0 0.75036
726.0 0.75036
728.0 0.75036
730.0 0.75036
732.0 0.75036
734.0 0.75036
736.0 0.75036
738.0 0.75036
740.0 0.75036
742.0 0.75036
744.0 0.75036
746.0 0.75036
748.0 0.75036
750.0 0.75036
