380.0 22.41954
382.0 22.4771530542
384.0 22.5418827776
386.0 22.6019521764
388.0 22.5722135844
390.0 22.41954
392.0 22.2138390867
394.0 21.9775835685
396.0 21.8311360412
398.0 21.9451648338
400.0 22.41954
402.0 23.245601184
404.0 24.451482432
406.0 25.89253056
408.0 27.331875168
410.0 28.61508
412.0 29.762392608
414.0 30.75916272
416.0 31.631089152
418.0 32.441526624
420.0 33.22878
422.0 33.968789088
424.0 34.650375552
426.0 35.273393376
428.0 35.83711248
430.0 36.34176
432.0 36.787741536
434.0 37.173791616
436.0 37.507194816
438.0 37.798983456
440.0 38.05542
442.0 38.273778816
444.0 38.452567296
446.0 38.586171936
448.0 38.665831776
450.0 38.6841
452.0 38.641284864
454.0 38.540095776
456.0 38.363059488
458.0 38.08470432
460.0 37.69038
462.0 37.183477344
464.0 36.562844448
466.0 35.847220032
468.0 35.066780736
470.0 34.24278
472.0 33.37585056
474.0 32.470437792
476.0 31.531684704
478.0 30.562917216
480.0 29.56824
482.0 28.554759168
484.0 27.529467264
486.0 26.49525216
488.0 25.453411776
490.0 24.40698
492.0 23.361034944
494.0 22.31870784
496.0 21.291306816
498.0 20.293920192
500.0 19.33698
502.0 18.423309216
504.0 17.558245536
506.0 16.736986656
508.0 15.949230336
510.0 15.18972
512.0 14.461619328
514.0 13.763857536
516.0 13.108845984
518.0 12.515728992
520.0 11.99562
522.0 11.545014624
524.0 11.163507264
526.0 10.840162944
528.0 10.557378624
530.0 10.30224
532.0 10.074584832
534.0 9.873374784
536.0 9.689199936
538.0 9.510297888
540.0 9.3288
542.0 9.142662048
544.0 8.948168736
546.0 8.750836224
548.0 8.561210112
550.0 8.38578
552.0 8.222225856
554.0 8.070320544
556.0 7.927744032
558.0 7.7903592
560.0 7.6557
562.0 7.524837216
564.0 7.398192672
566.0 7.276902048
568.0 7.162831104
570.0 7.05744
572.0 6.960485376
574.0 6.871383168
576.0 6.79290768
578.0 6.729114912
580.0 6.68226
582.0 6.651337056
584.0 6.63577824
586.0 6.633117504
588.0 6.639542208
590.0 6.65184
592.0 6.669897312
594.0 6.694363104
596.0 6.718666656
598.0 6.733398048
600.0 6.73296
602.0 6.71827728
604.0 6.688814496
606.0 6.650266272
608.0 6.612042528
610.0 6.58086
612.0 6.556394208
614.0 6.538969632
616.0 6.532577376
618.0 6.54208464
620.0 6.57072
622.0 6.619651584
624.0 6.691004736
626.0 6.781339968
628.0 6.88441104
630.0 6.9966
632.0 7.118474688
634.0 7.248266688
636.0 7.392092448
638.0 7.559929728
640.0 7.7571
642.0 7.980309792
644.0 8.227871808
646.0 8.492793504
648.0 8.76452928
650.0 9.03474
652.0 9.302500896
654.0 9.567390144
656.0 9.818975712
658.0 10.04322384
660.0 10.23126
662.0 10.3825488
664.0 10.494380832
666.0 10.574332704
668.0 10.635789216
670.0 10.68756
672.0 10.728087552
674.0 10.757907264
676.0 10.777019136
678.0 10.784125248
680.0 10.77882
682.0 10.763374752
684.0 10.740109536
686.0 10.70857008
688.0 10.667377344
690.0 10.61658
692.0 10.557427296
694.0 10.48954608
696.0 10.420772544
698.0 10.362706848
700.0 10.32252
702.0 10.299660384
704.0 10.295685504
706.0 10.304527584
708.0 10.315722144
710.0 10.32252
712.0 10.326283968
714.0 10.326754464
716.0 10.32487248
718.0 10.322990496
720.0 10.32252
722.0 10.32252
724.0 10.32252
726.0 10.32252
728.0 10.32252
730.0 10.32252
732.0 10.32252
734.0 10.32252
736.0 10.32252
738.0 10.32252
740.0 10.32252
742.0 10.32252
744.0 10.32252
746.0 10.32252
748.0 10.32252
750.0 10.32252
