380.0 4.56734
382.0 4.694609903
384.0 4.82126616529
386.0 4.94689969308
388.0 5.07100424988
390.0 5.192867
392.0 5.31184040162
394.0 5.42747355463
396.0 5.53748679861
398.0 5.6387625226
400.0 5.729033
402.0 5.808544432
404.0 5.8780315456
406.0 5.9348095392
408.0 5.9750656768
410.0 5.997116
412.0 6.0017548288
414.0 5.9883467072
416.0 5.9644535616
418.0 5.941672464
420.0 5.927613
422.0 5.921735032
424.0 5.9249758576
426.0 5.9358421552
428.0 5.9507594848
430.0 5.967329
432.0 5.98678984
434.0 6.0101110752
436.0 6.0349415184
438.0 6.0577861616
440.0 6.076548
442.0 6.0931334016
444.0 6.1104019184
446.0 6.1256846352
448.0 6.13453336
450.0 6.136122
452.0 6.1411579888
454.0 6.1654006352
456.0 6.2016375136
458.0 6.234776544
460.0 6.265199
462.0 6.308330576
464.0 6.3666177776
466.0 6.5161723472
468.0 6.8681196528
470.0 7.496395
472.0 8.3789162928
474.0 9.4842284592
476.0 10.8645342096
478.0 12.59473792
480.0 14.69492
482.0 17.1361195424
484.0 19.9333650816
486.0 22.8318864208
488.0 25.448503592
490.0 27.533117
492.0 29.100945816
494.0 30.1187398048
496.0 30.6527134816
498.0 30.8468770624
500.0 30.799758
502.0 30.4822841824
504.0 29.8857180896
506.0 29.0705551328
508.0 28.117418792
510.0 27.086312
512.0 25.994360296
514.0 24.8647101648
516.0 23.7133750976
518.0 22.5476628384
520.0 21.377137
522.0 20.2204005568
524.0 19.0919419056
526.0 18.0008957264
528.0 16.9538548752
530.0 15.955903
532.0 15.0135058656
534.0 14.1332722144
536.0 13.3083232352
538.0 12.525314352
540.0 11.775794
542.0 11.0628759136
544.0 10.3876085952
546.0 9.7498331808
548.0 9.1500262624
550.0 8.588585
552.0 8.0643020272
554.0 7.5752233168
556.0 7.1252251504
558.0 6.720582656
560.0 6.364489
562.0 6.0548948368
564.0 5.7910852784
566.0 5.566912288
568.0 5.3730823216
570.0 5.202796
572.0 5.0550683664
574.0 4.92796128
576.0 4.8189646896
578.0 4.7259339312
580.0 4.646772
582.0 4.5793660048
584.0 4.5219684416
586.0 4.4724346464
588.0 4.4285405232
590.0 4.388618
592.0 4.3515709152
594.0 4.3161124704
596.0 4.2829575536
598.0 4.2538536688
600.0 4.229754
602.0 4.2098483408
604.0 4.1937554176
606.0 4.1807603424
608.0 4.1698304992
610.0 4.160251
612.0 4.15191064
614.0 4.1445393504
616.0 4.1382801088
618.0 4.1335300752
620.0 4.130464
622.0 4.12887536
624.0 4.1287482688
626.0 4.1294949296
628.0 4.1302415904
630.0 4.130464
632.0 4.1302098176
634.0 4.1293360656
636.0 4.1284623136
638.0 4.1286211776
640.0 4.130464
642.0 4.1337524848
644.0 4.1383118816
646.0 4.1442216224
648.0 4.1515611392
650.0 4.160251
652.0 4.1701482272
654.0 4.1812369344
656.0 4.1924845056
658.0 4.2023817328
660.0 4.209896
662.0 4.2150749664
664.0 4.2179027456
666.0 4.2181092688
668.0 4.21545624
670.0 4.209896
672.0 4.2014603216
674.0 4.1900697728
676.0 4.176772856
678.0 4.1631582112
680.0 4.150322
682.0 4.1384548592
684.0 4.12808104
686.0 4.1188192688
688.0 4.1097957936
690.0 4.100677
692.0 4.0920347984
694.0 4.0841074848
696.0 4.0783248352
698.0 4.0767520816
700.0 4.080819
702.0 4.0906209088
704.0 4.1064437632
706.0 4.1283828816
708.0 4.1562794
710.0 4.190038
712.0 4.2290867712
714.0 4.2719959376
716.0 4.320862504
718.0 4.3791814784
720.0 4.448192
722.0 4.5269249984
724.0 4.61658784
726.0 4.7071244336
728.0 4.7832044032
730.0 4.835423
732.0 4.86547094742
734.0 4.87269454671
736.0 4.86339629
738.0 4.84842453618
740.0 4.835423
742.0 4.82577805491
744.0 4.82391934611
746.0 4.82773413442
748.0 4.83181002218
750.0 4.835423
