380.0 5.16126
382.0 5.1698998622
384.0 5.1794288617
386.0 5.18792503671
388.0 5.18339854071
390.0 5.16126
392.0 5.13130583839
394.0 5.09675624819
396.0 5.075229329
398.0 5.0917476898
400.0 5.16126
402.0 5.282664192
404.0 5.4597816
406.0 5.674295328
408.0 5.895785376
410.0 6.10428
412.0 6.30237504
414.0 6.488172288
416.0 6.663748416
418.0 6.835430784
420.0 7.00674
422.0 7.17417168
424.0 7.335665376
426.0 7.490507232
428.0 7.637967168
430.0 7.77738
432.0 7.907999424
434.0 8.028900672
436.0 8.14014864
438.0 8.242230048
440.0 8.33508
442.0 8.417481696
444.0 8.48823456
446.0 8.546251584
448.0 8.590315968
450.0 8.619
452.0 8.63181696
454.0 8.629318464
456.0 8.605891008
458.0 8.553341472
460.0 8.4669
462.0 8.34757248
464.0 8.194937088
466.0 8.014639776
468.0 7.815847104
470.0 7.605
472.0 7.382212032
474.0 7.148764896
476.0 6.90623232
478.0 6.655668864
480.0 6.39834
482.0 6.136468416
484.0 5.87235792
486.0 5.606543904
488.0 5.338864128
490.0 5.07
492.0 4.8014928
494.0 4.533894144
496.0 4.272217248
498.0 4.023519552
500.0 3.79236
502.0 3.578981952
504.0 3.384764448
506.0 3.206770944
508.0 3.0395664
510.0 2.87976
512.0 2.728244064
514.0 2.584742784
516.0 2.450732544
518.0 2.328890304
520.0 2.22066
522.0 2.125068192
524.0 2.041644384
526.0 1.968766176
528.0 1.903999968
530.0 1.84548
532.0 1.792930464
534.0 1.746010656
536.0 1.703146848
538.0 1.66239216
540.0 1.6224
542.0 1.582764768
544.0 1.542853728
546.0 1.503267168
548.0 1.465303008
550.0 1.42974
552.0 1.396140096
554.0 1.364308608
556.0 1.33409952
558.0 1.305269472
560.0 1.27764
562.0 1.251243552
564.0 1.2261288
566.0 1.202068608
568.0 1.178738496
570.0 1.15596
572.0 1.133749344
574.0 1.112025408
576.0 1.091193792
578.0 1.071903456
580.0 1.05456
582.0 1.039049856
584.0 1.025324352
586.0 1.013302368
588.0 1.002821664
590.0 0.99372
592.0 0.986029824
594.0 0.979880928
596.0 0.974624352
598.0 0.969286656
600.0 0.9633
602.0 0.956794176
604.0 0.949720512
606.0 0.942727968
608.0 0.936871104
610.0 0.93288
612.0 0.930673536
614.0 0.930235488
616.0 0.93190656
618.0 0.936092352
620.0 0.94302
622.0 0.952738176
624.0 0.96540912
626.0 0.980432544
628.0 0.996835008
630.0 1.014
632.0 1.03192752
634.0 1.050357984
636.0 1.069843008
638.0 1.091356032
640.0 1.1154
642.0 1.141569312
644.0 1.169620608
646.0 1.198888704
648.0 1.22840016
650.0 1.25736
652.0 1.285638432
654.0 1.313186784
656.0 1.338869376
658.0 1.361144928
660.0 1.37904
662.0 1.39258704
664.0 1.401656256
666.0 1.406831712
668.0 1.409167968
670.0 1.40946
672.0 1.407691584
674.0 1.403911392
676.0 1.3989144
678.0 1.393755168
680.0 1.38918
682.0 1.385302464
684.0 1.3822848
686.0 1.380240576
688.0 1.379169792
690.0 1.37904
692.0 1.379964768
694.0 1.382106336
696.0 1.384896864
698.0 1.387444032
700.0 1.38918
702.0 1.390169664
704.0 1.390331904
706.0 1.389926304
708.0 1.389439584
710.0 1.38918
712.0 1.389050208
714.0 1.389033984
716.0 1.38909888
718.0 1.389163776
720.0 1.38918
722.0 1.38918
724.0 1.38918
726.0 1.38918
728.0 1.38918
730.0 1.38918
732.0 1.38918
734.0 1.38918
736.0 1.38918
738.0 1.38918
740.0 1.38918
742.0 1.38918
744.0 1.38918
746.0 1.38918
748.0 1.38918
750.0 1.38918
