380.0 13.66872
382.0 13.6993546381
384.0 13.7333694573
386.0 13.7641487917
388.0 13.7481843757
390.0 13.66872
392.0 13.5613522073
394.0 13.4376567052
396.0 13.3607049536
398.0 13.4200348019
400.0 13.66872
402.0 14.102517312
404.0 14.735383104
406.0 15.498040896
408.0 16.276111488
410.0 16.99464
412.0 17.66323104
414.0 18.274616256
416.0 18.838140672
418.0 19.379924928
420.0 19.91496
422.0 20.430347808
424.0 20.918787552
426.0 21.378673056
428.0 21.80846304
430.0 22.2066
432.0 22.571380416
434.0 22.901052096
436.0 23.194300896
438.0 23.449991136
440.0 23.66676
442.0 23.842173888
444.0 23.973215136
446.0 24.059883744
448.0 24.103315392
450.0 24.10278
452.0 24.05727168
454.0 23.969110464
456.0 23.823597408
458.0 23.598586752
460.0 23.28144
462.0 22.87592112
464.0 22.381851648
466.0 21.814774176
468.0 21.199511424
470.0 20.55378
472.0 19.878423552
474.0 19.177076256
476.0 18.45577344
478.0 17.719869024
480.0 16.97436
482.0 16.225070784
484.0 15.47826384
486.0 14.734701696
488.0 13.992680832
490.0 13.25298
492.0 12.519752544
494.0 11.794588416
496.0 11.088974208
498.0 10.4190528
500.0 9.79524
502.0 9.218136096
504.0 8.690985888
506.0 8.20682928
508.0 7.752849312
510.0 7.32108
512.0 6.913500672
514.0 6.52918656
516.0 6.172291008
518.0 5.850195936
520.0 5.56686
522.0 5.31960624
524.0 5.107104288
526.0 4.924697856
528.0 4.765410624
530.0 4.62384
532.0 4.499191008
534.0 4.390603776
536.0 4.292967744
538.0 4.199793312
540.0 4.1067
542.0 4.012568352
544.0 3.915354144
546.0 3.817734336
548.0 3.724981728
550.0 3.64026
552.0 3.56222256
554.0 3.490658496
556.0 3.423961632
558.0 3.359455008
560.0 3.2955
562.0 3.23255088
564.0 3.170623872
566.0 3.110562624
568.0 3.053827296
570.0 3.00144
572.0 2.953157376
574.0 2.908736064
576.0 2.869100832
578.0 2.8355496
580.0 2.80878
582.0 2.788451328
584.0 2.774352672
586.0 2.765526816
588.0 2.7605136
590.0 2.75808
592.0 2.758177344
594.0 2.761065216
596.0 2.764196448
598.0 2.76392064
600.0 2.75808
602.0 2.747080128
604.0 2.730775008
606.0 2.711387328
608.0 2.692567488
610.0 2.67696
612.0 2.664516192
614.0 2.655414528
616.0 2.651423424
618.0 2.65473312
620.0 2.66682
622.0 2.688268128
624.0 2.720132064
626.0 2.7609192
628.0 2.807871456
630.0 2.85948
632.0 2.916053088
634.0 2.9766984
636.0 3.044968992
638.0 3.126543264
640.0 3.22452
642.0 3.337228128
644.0 3.463872672
646.0 3.600738336
648.0 3.74214672
650.0 3.88362
652.0 4.0247688
654.0 4.165495776
656.0 4.300057632
658.0 4.420666848
660.0 4.52244
662.0 4.6051824
664.0 4.667450112
666.0 4.713656064
668.0 4.751506656
670.0 4.78608
672.0 4.816564896
674.0 4.843366944
676.0 4.866356352
678.0 4.88455968
680.0 4.89762
682.0 4.906510752
684.0 4.911783552
686.0 4.914541632
688.0 4.916245152
690.0 4.9179
692.0 4.919717088
694.0 4.922085792
696.0 4.924697856
698.0 4.9268232
700.0 4.92804
702.0 4.928640288
704.0 4.928753856
706.0 4.928542944
708.0 4.928250912
710.0 4.92804
712.0 4.927910208
714.0 4.927893984
716.0 4.92795888
718.0 4.928023776
720.0 4.92804
722.0 4.92804
724.0 4.92804
726.0 4.92804
728.0 4.92804
730.0 4.92804
732.0 4.92804
734.0 4.92804
736.0 4.92804
738.0 4.92804
740.0 4.92804
742.0 4.92804
744.0 4.92804
746.0 4.92804
748.0 4.92804
750.0 4.92804
