380.0 32.36854
382.0 32.7495560731
384.0 33.1306942206
386.0 33.5082495669
388.0 33.8654870437
390.0 34.195476
392.0 34.5103394312
394.0 34.8138524477
396.0 35.1281514937
398.0 35.4849466597
400.0 35.903264
402.0 36.3820642096
404.0 36.9269518432
406.0 37.5143355968
408.0 38.1048966304
410.0 38.673455
412.0 39.222965576
414.0 39.7486783248
416.0 40.2616819536
418.0 40.7831053744
420.0 41.324498
422.0 41.8781866992
424.0 42.4408194416
426.0 43.000592632
428.0 43.5397135024
430.0 44.045044
432.0 44.5129620256
434.0 44.936588768
436.0 45.3149392704
438.0 45.6504759248
440.0 45.941483
442.0 46.1796360224
444.0 46.3591523424
446.0 46.4639231504
448.0 46.4724223744
450.0 46.36843
452.0 46.1497854768
454.0 45.8155197344
456.0 45.351938696
458.0 44.7417261856
460.0 43.975541
462.0 43.0563380096
464.0 41.985451672
466.0 40.7784188864
468.0 39.4593869808
470.0 38.047928
472.0 36.5505077088
474.0 34.9763084464
476.0 33.340946544
478.0 31.6619764736
480.0 29.955793
482.0 28.2336595808
484.0 26.505425784
486.0 24.7922046352
488.0 23.1194143744
490.0 21.506214
492.0 19.95967296
494.0 18.4874484992
496.0 17.0947354704
498.0 15.7836785376
500.0 14.555914
502.0 13.415429344
504.0 12.3655130544
506.0 11.4007478688
508.0 10.5115225152
510.0 9.690704
512.0 8.9379904816
514.0 8.2519045248
516.0 7.627696096
518.0 7.0597255232
520.0 6.543211
522.0 6.0751023376
524.0 5.65198396
526.0 5.2711234064
528.0 4.9302965808
530.0 4.626914
532.0 4.3578619296
534.0 4.1205508864
536.0 3.9107233152
538.0 3.723375
540.0 3.554582
542.0 3.4023585152
544.0 3.2644645632
546.0 3.1398357552
548.0 3.0282337952
550.0 2.929055
552.0 2.8405995248
554.0 2.7615011392
556.0 2.6908225456
558.0 2.627769424
560.0 2.571611
562.0 2.5215370672
564.0 2.4767533056
566.0 2.437053192
568.0 2.4025161584
570.0 2.373031
572.0 2.348089352
574.0 2.3273576
576.0 2.310200288
578.0 2.295823096
580.0 2.28367
582.0 2.2735662496
584.0 2.265241776
586.0 2.2589031024
588.0 2.2550268208
590.0 2.253883
592.0 2.2552492304
594.0 2.2589825344
596.0 2.2650193664
598.0 2.2732802944
600.0 2.28367
602.0 2.2961725968
604.0 2.3108516304
606.0 2.327278168
608.0 2.3448167536
610.0 2.363102
612.0 2.3822292256
614.0 2.402182544
616.0 2.4234067744
618.0 2.4466168048
620.0 2.472321
622.0 2.5005511328
624.0 2.5314342944
626.0 2.565097576
628.0 2.6016204096
630.0 2.641114
632.0 2.6838801888
634.0 2.730316136
636.0 2.7802470912
638.0 2.8332758944
640.0 2.889339
642.0 2.9488812272
644.0 3.0121885312
646.0 3.0803411872
648.0 3.1548484032
650.0 3.236854
652.0 3.3269457744
654.0 3.4261086832
656.0 3.534009112
658.0 3.6496938768
660.0 3.77302
662.0 3.9052266208
664.0 4.047219264
666.0 4.2012855712
668.0 4.3705233904
670.0 4.557411
672.0 4.762981016
674.0 4.9885361232
676.0 5.2354584384
678.0 5.5050188736
680.0 5.798536
682.0 6.1174237072
684.0 6.4630005664
686.0 6.8367757856
688.0 7.2403380048
690.0 7.675117
692.0 8.1417323408
694.0 8.6402793456
696.0 9.1733792704
698.0 9.7446065552
700.0 10.355947
702.0 11.0066380576
704.0 11.6962190224
706.0 12.4223387072
708.0 13.18134324
710.0 13.970103
712.0 14.7798645808
714.0 15.5940584672
716.0 16.4317642256
718.0 17.326343296
720.0 18.289218
722.0 19.3110789072
724.0 20.4053500256
726.0 21.470549032
728.0 22.3518629584
730.0 22.955848
732.0 23.301813962
734.0 23.3841844899
736.0 23.2771096978
738.0 23.1050998159
740.0 22.955848
742.0 22.8454583471
744.0 22.8230585231
746.0 22.8655937891
748.0 22.91299455
750.0 22.955848
