380.0 2.700688
382.0 2.87147280491
384.0 3.05731898118
386.0 3.27316574971
388.0 3.51400357371
390.0 3.782949
392.0 4.10483885674
394.0 4.49254044384
396.0 4.96645577546
398.0 5.55038442709
400.0 6.25527
402.0 7.0829673264
404.0 8.045746712
406.0 9.0851779776
408.0 10.1094377312
410.0 11.060906
412.0 11.94776428
414.0 12.7628795776
416.0 13.5375639872
418.0 14.3282142288
420.0 15.171512
422.0 16.0571470272
424.0 16.9815766432
426.0 17.9504087472
428.0 18.9682503952
430.0 20.036722
432.0 21.1558076752
434.0 22.3262381952
436.0 23.5342400512
438.0 24.7587637632
440.0 25.984193
442.0 27.2069056624
444.0 28.4200229392
446.0 29.61979564
448.0 30.8049528528
450.0 31.97138
452.0 33.1130402496
454.0 34.228360848
456.0 35.2955456544
458.0 36.2838544848
460.0 37.174176
462.0 37.9658270848
464.0 38.6518653824
466.0 39.252355416
468.0 39.8018501056
470.0 40.321669
472.0 40.8033923072
474.0 41.242127016
476.0 41.6357443488
478.0 41.9797166816
480.0 42.267753
482.0 42.5118316496
484.0 42.7414377888
486.0 42.885654528
488.0 42.8322444512
490.0 42.525907
492.0 41.986802016
494.0 41.19264088
496.0 40.32127184
498.0 39.649038824
500.0 39.348627
502.0 39.3864525184
504.0 39.76524784
506.0 40.4119672976
508.0 41.1934034272
510.0 42.009599
512.0 42.8694504
514.0 43.7786131856
516.0 44.6221651392
518.0 45.2419571488
520.0 45.534394
522.0 45.4964572768
524.0 45.1083684112
526.0 44.4094621296
528.0 43.479805888
530.0 42.376972
532.0 41.0916192624
534.0 39.6233664016
536.0 38.0196819808
538.0 36.343793872
540.0 34.642281
542.0 32.928059008
544.0 31.2192701648
546.0 29.5246996496
548.0 27.8445857584
550.0 26.182773
552.0 24.5564504592
554.0 22.9815680816
556.0 21.45815764
558.0 19.9801028704
560.0 18.547372
562.0 17.1673839776
564.0 15.84032944
566.0 14.5950104304
568.0 13.4733670448
570.0 12.500611
572.0 11.672691264
574.0 10.9921337744
576.0 10.4357285008
578.0 9.9647126272
580.0 9.551698
582.0 9.1965416416
584.0 8.8940328128
586.0 8.635608744
588.0 8.4138822592
590.0 8.221212
592.0 8.0517199984
594.0 7.903007408
596.0 7.7589018736
598.0 7.5977978912
600.0 7.407034
602.0 7.1864195632
604.0 6.9309821376
606.0 6.66156468
608.0 6.4124023824
610.0 6.205625
612.0 6.036911432
614.0 5.906086928
616.0 5.811403984
618.0 5.74730236
620.0 5.709175
622.0 5.6981180656
624.0 5.715211832
626.0 5.7501777984
628.0 5.7880033168
630.0 5.818394
632.0 5.8407779376
634.0 5.8529628064
636.0 5.8551392432
638.0 5.84976964
640.0 5.838252
642.0 5.8188547056
644.0 5.7907198912
646.0 5.7542447168
648.0 5.7102235024
650.0 5.65953
652.0 5.6031491664
654.0 5.5425584368
656.0 5.4783932672
658.0 5.4110508176
660.0 5.341802
662.0 5.2732680704
664.0 5.2080861712
666.0 5.150053152
668.0 5.1037760688
670.0 5.073719
672.0 5.0646160928
674.0 5.082615384
676.0 5.1293690592
678.0 5.2047976864
680.0 5.312015
682.0 5.4600285888
684.0 5.6578301552
686.0 5.9159206096
688.0 6.24653248
690.0 6.662359
692.0 7.17151812
694.0 7.7790776016
696.0 8.5126956672
698.0 9.4095464928
700.0 10.494953
702.0 11.7682956192
704.0 13.2286529392
706.0 14.8824271792
708.0 16.7352580112
710.0 18.785668
712.0 21.0057447408
714.0 23.3487663312
716.0 25.8422321296
718.0 28.540076464
720.0 31.445143
722.0 34.5300753568
724.0 37.8303478656
726.0 41.0398295984
728.0 43.6974972272
730.0 45.524465
732.0 46.5728664568
734.0 46.8214184582
736.0 46.4954388036
738.0 45.9742434172
740.0 45.524465
742.0 45.192598256
744.0 45.1250175104
746.0 45.2526524966
748.0 45.3953141928
750.0 45.524465
