380.0 14.526127
382.0 14.9708304345
384.0 15.4126357032
386.0 15.8464863701
388.0 16.2695570885
390.0 16.68072
392.0 17.0781388951
394.0 17.4599095342
396.0 17.8365737218
398.0 18.2247555495
400.0 18.636733
402.0 19.0691766944
404.0 19.5156639664
406.0 19.9967041584
408.0 20.5426402944
410.0 21.168628
412.0 21.8686145568
414.0 22.6453641984
416.0 23.456507896
418.0 24.2365142496
420.0 24.941648
422.0 25.5730847408
424.0 26.122960704
426.0 26.5975351312
428.0 27.0146007904
430.0 27.384182
432.0 27.7002101552
434.0 27.9636860992
436.0 28.1631398512
438.0 28.2805403472
440.0 28.307579
442.0 28.2468294064
444.0 28.0922070752
446.0 27.880632
448.0 27.6694540848
450.0 27.493401
452.0 27.3452920928
454.0 27.22770096
456.0 27.1136842672
458.0 26.9578069104
460.0 26.728868
462.0 26.4458676704
464.0 26.1387358992
466.0 25.750345192
468.0 25.1920494368
470.0 24.42534
472.0 23.4554593936
474.0 22.23341396
476.0 20.9882538144
478.0 20.0772640928
480.0 19.709065
482.0 19.8394446848
484.0 20.5036391824
486.0 21.444495336
488.0 22.2430093456
490.0 22.628191
492.0 22.6472070208
494.0 22.293543984
496.0 21.6016594912
498.0 20.6616294304
500.0 19.540272
502.0 18.216617152
504.0 16.6765577632
506.0 15.0160794624
508.0 13.3738705216
510.0 11.845297
512.0 10.4358397056
514.0 9.1643240224
516.0 8.0326086592
518.0 7.023536304
520.0 6.126193
522.0 5.3559885552
524.0 4.7243452912
526.0 4.2091493392
528.0 3.7745768672
530.0 3.395718
532.0 3.0723344416
534.0 2.7993107712
536.0 2.5727548208
538.0 2.3918722704
540.0 2.253883
542.0 2.1517652208
544.0 2.0803558528
546.0 2.0315846048
548.0 1.9958402048
550.0 1.965942
552.0 1.939173416
554.0 1.9125160368
556.0 1.8847466096
558.0 1.8561828624
560.0 1.826936
562.0 1.7951632
564.0 1.7591646176
566.0 1.7215773952
568.0 1.6869291568
570.0 1.658143
572.0 1.6345358096
574.0 1.6160122672
576.0 1.6024929408
578.0 1.5935012384
580.0 1.58864
582.0 1.5880998624
584.0 1.5920873488
586.0 1.5994904112
588.0 1.6086409776
590.0 1.618427
592.0 1.6286578416
594.0 1.6387298192
596.0 1.6494372528
598.0 1.6622893504
600.0 1.678001
602.0 1.6962544736
604.0 1.7175104768
606.0 1.739004776
608.0 1.7564480432
610.0 1.767362
612.0 1.7725568528
614.0 1.77212792
616.0 1.7686011392
618.0 1.7660275424
620.0 1.767362
622.0 1.773478264
624.0 1.7863144752
626.0 1.8053463824
628.0 1.8288264816
630.0 1.856723
632.0 1.8925944912
634.0 1.9400630544
636.0 2.0021471056
638.0 2.0821827888
640.0 2.18438
642.0 2.3142989792
644.0 2.4781830816
646.0 2.682100912
648.0 2.9324864624
650.0 3.236854
652.0 3.6028925424
654.0 4.037607992
656.0 4.5553298816
658.0 5.1738509792
660.0 5.907755
662.0 6.7625068656
664.0 7.7424594496
666.0 8.8622917856
668.0 10.1399555056
670.0 11.587143
672.0 13.201121808
674.0 14.9761728256
676.0 16.9182693392
678.0 19.0358311408
680.0 21.327492
682.0 23.779319544
684.0 26.3794942912
686.0 29.0909532704
688.0 31.8626217056
690.0 34.65221
692.0 37.4452456432
694.0 40.2277168304
696.0 42.9539501616
698.0 45.5672311888
700.0 48.026573
702.0 50.3221578
704.0 52.4432146096
706.0 54.3817366832
708.0 56.1359765168
710.0 57.707348
712.0 59.0890199808
714.0 60.2696336832
716.0 61.2905890656
718.0 62.216782072
720.0 63.088866
722.0 63.9066343264
724.0 64.6863070656
726.0 65.3883747408
728.0 65.944128672
730.0 66.315791
732.0 66.5234875133
734.0 66.5730916191
736.0 66.5108554689
738.0 66.4081204004
740.0 66.315791
742.0 66.2469428389
744.0 66.2314535989
746.0 66.2564632772
748.0 66.2870388963
750.0 66.315791
