380.0 1.399989
382.0 1.41730061531
384.0 1.43492311759
386.0 1.45356683414
388.0 1.47477517814
390.0 1.499279
392.0 1.52640179751
394.0 1.5560344942
396.0 1.58627984344
398.0 1.61430109669
400.0 1.638285
402.0 1.658381296
404.0 1.674347128
406.0 1.686976816
408.0 1.697779568
410.0 1.707788
412.0 1.7167797024
414.0 1.724707016
416.0 1.7320783056
418.0 1.7395290272
420.0 1.747504
422.0 1.7562097472
424.0 1.7659957696
426.0 1.77649668
428.0 1.7869975904
430.0 1.797149
432.0 1.8076181376
434.0 1.819231096
436.0 1.8316383744
438.0 1.8441250848
440.0 1.856723
442.0 1.8711955104
444.0 1.8897031664
446.0 1.9128973104
448.0 1.9410956704
450.0 1.975871
452.0 2.02313304
454.0 2.0912221504
456.0 2.1781366448
458.0 2.2782368512
460.0 2.392889
462.0 2.531418408
464.0 2.6983368128
466.0 2.9259412656
468.0 3.2601434624
470.0 3.733304
472.0 4.3431352368
474.0 5.0853001856
476.0 5.9821986704
478.0 7.0631410992
480.0 8.34036
482.0 9.8184465424
484.0 11.5231366944
486.0 13.3583336224
488.0 15.1727987984
490.0 16.8793
492.0 18.4947244704
494.0 19.9971013184
496.0 21.5138553584
498.0 23.2515097904
500.0 25.338808
502.0 27.7376861728
504.0 30.4315271344
506.0 33.394563144
508.0 36.5757988576
510.0 39.924509
512.0 43.4330839856
514.0 47.106432712
516.0 50.7967004544
518.0 54.2910094528
520.0 57.449194
522.0 60.2699196384
524.0 62.7254010544
526.0 64.8605332144
528.0 66.7708728144
530.0 68.520029
532.0 70.0873494512
534.0 71.4670515184
536.0 72.6847123056
538.0 73.7725017728
540.0 74.755441
542.0 75.6439514656
544.0 76.4503451296
546.0 77.1840585136
548.0 77.8512873136
550.0 78.458958
552.0 79.0167612768
554.0 79.5323861616
556.0 80.0136169904
558.0 80.4680792352
560.0 80.901492
562.0 81.3183670224
564.0 81.7241056784
566.0 82.1145139584
568.0 82.4806954784
570.0 82.817789
572.0 83.1289718032
574.0 83.4149746624
576.0 83.6815166816
578.0 83.9373353808
580.0 84.187991
582.0 84.4334835392
584.0 84.6756875936
586.0 84.910345608
588.0 85.1298321104
590.0 85.329826
592.0 85.51212244
594.0 85.676626112
596.0 85.828500096
598.0 85.975925888
600.0 86.124146
602.0 86.2725090896
604.0 86.42161884
606.0 86.5696165424
608.0 86.7128483248
610.0 86.848963
612.0 86.9790885024
614.0 87.1041144704
616.0 87.2227858784
618.0 87.3332757904
620.0 87.434774
622.0 87.5274870304
624.0 87.6107317664
626.0 87.6886545584
628.0 87.7676893984
630.0 87.851792
632.0 87.9399138608
634.0 88.0317213664
636.0 88.125594104
638.0 88.2186725216
640.0 88.308526
642.0 88.3947256064
644.0 88.476842408
646.0 88.5510160096
648.0 88.6120038992
650.0 88.656041
652.0 88.682730152
654.0 88.6916106496
656.0 88.6811097392
658.0 88.6496387808
660.0 88.596467
662.0 88.5230241728
664.0 88.4318521232
666.0 88.3219341216
668.0 88.191204936
670.0 88.040443
672.0 87.8713163856
674.0 87.6817122016
676.0 87.4914725616
678.0 87.3303050336
680.0 87.216336
682.0 87.1468171136
684.0 87.1238612656
686.0 87.1329959456
688.0 87.1495972336
690.0 87.156762
692.0 87.1571273872
694.0 87.1514241696
696.0 87.131899784
698.0 87.0891812544
700.0 87.017756
702.0 86.9175763616
704.0 86.787482632
706.0 86.6353068064
708.0 86.4739168688
710.0 86.312797
712.0 86.1515659264
714.0 85.9900806704
716.0 85.8370152064
718.0 85.7038871744
720.0 85.597909
722.0 85.519430184
724.0 85.4705159584
726.0 85.4445575808
728.0 85.4300374112
730.0 85.419187
732.0 85.4133712094
734.0 85.4126985078
736.0 85.4148853581
738.0 85.4175556415
740.0 85.419187
742.0 85.4200088362
744.0 85.4208667018
746.0 85.4212411343
748.0 85.4204275074
750.0 85.419187
