380.0 0.575882
382.0 0.555113686477
384.0 0.534647974668
386.0 0.514766031051
388.0 0.495384623051
390.0 0.476592
392.0 0.458885200988
394.0 0.442526997711
396.0 0.428051218817
398.0 0.416117263923
400.0 0.407089
402.0 0.4009886224
404.0 0.3980019792
406.0 0.397239432
408.0 0.3972712048
410.0 0.39716
412.0 0.397001136
414.0 0.396683408
416.0 0.39636568
418.0 0.396445112
420.0 0.39716
422.0 0.3983673664
424.0 0.400019552
426.0 0.4020688976
428.0 0.4044359712
430.0 0.407089
432.0 0.4100438704
434.0 0.4132688096
436.0 0.4169703408
438.0 0.421466192
440.0 0.426947
442.0 0.4333492192
444.0 0.4406410768
446.0 0.4487272544
448.0 0.457448888
450.0 0.466663
452.0 0.476353704
454.0 0.4865368864
456.0 0.4968789328
458.0 0.5069032512
460.0 0.516308
462.0 0.5250772928
464.0 0.5330999248
466.0 0.5406459648
468.0 0.5481920048
470.0 0.556024
472.0 0.5640625184
474.0 0.5723393328
476.0 0.5806161472
478.0 0.5884958016
480.0 0.59574
482.0 0.6024440608
484.0 0.6086556432
486.0 0.6144700656
488.0 0.620046192
490.0 0.625527
492.0 0.6308807168
494.0 0.6359961376
496.0 0.6413498544
498.0 0.6476567552
500.0 0.655314
502.0 0.6641944976
504.0 0.6743141344
506.0 0.6850692272
508.0 0.695506592
510.0 0.704959
512.0 0.7135217696
514.0 0.7212902192
516.0 0.7277877568
518.0 0.7323789264
520.0 0.734746
522.0 0.7350001824
524.0 0.7331097008
526.0 0.7299483072
528.0 0.7268663456
530.0 0.724817
532.0 0.7238955888
534.0 0.7243880672
536.0 0.7263897536
538.0 0.729821216
540.0 0.734746
542.0 0.7417836752
544.0 0.7517285616
546.0 0.764215272
548.0 0.7784494864
550.0 0.79432
552.0 0.8134472256
554.0 0.837848736
556.0 0.8676516224
558.0 0.9024587248
560.0 0.943255
562.0 0.9931859552
564.0 1.0552700064
566.0 1.1345908016
568.0 1.2375823328
570.0 1.370202
572.0 1.5359448112
574.0 1.7380357056
576.0 1.984767384
578.0 2.2864660064
580.0 2.651043
582.0 3.0812784848
584.0 3.580159104
586.0 4.1511639792
588.0 4.7972320944
590.0 5.520524
592.0 6.322151744
594.0 7.2024648272
596.0 8.1618127504
598.0 9.2001160816
600.0 10.316231
602.0 11.507393272
604.0 12.7699807984
606.0 14.1005621168
608.0 15.4952450592
610.0 16.948803
612.0 18.4553261984
614.0 20.0092703008
616.0 21.5984027792
618.0 23.2071549616
620.0 24.8225
622.0 26.4381151072
624.0 28.0473279952
626.0 29.6393041392
628.0 31.2021287392
630.0 32.725984
632.0 34.2055162048
634.0 35.6360229792
636.0 37.0106890576
638.0 38.322603856
640.0 39.567065
642.0 40.7420072576
644.0 41.8452383056
646.0 42.8801578336
648.0 43.8533586976
650.0 44.769861
652.0 45.6301254464
654.0 46.4357724496
656.0 47.1903446768
658.0 47.897972592
660.0 48.562739
662.0 49.18747168
664.0 49.7745059328
666.0 50.3306411376
668.0 50.8645353824
670.0 51.382575
672.0 51.887047632
674.0 52.3810987856
676.0 52.8648237792
678.0 53.3363956768
680.0 53.795322
682.0 54.244033368
684.0 54.6839754432
686.0 55.1178012544
688.0 55.5489263776
690.0 55.979702
692.0 56.4102552128
694.0 56.8406813344
696.0 57.271425184
698.0 57.7027250576
700.0 58.134295
702.0 58.5664368528
704.0 59.000421528
706.0 59.4306728992
708.0 59.8486123104
710.0 60.249172
712.0 60.630366168
714.0 60.9854748672
716.0 61.3290659264
718.0 61.6852866736
720.0 62.066179
722.0 62.4679619424
724.0 62.8970536064
726.0 63.3143099024
728.0 63.6585681904
730.0 63.893115
732.0 64.0269554116
734.0 64.0590517925
736.0 64.0179913014
738.0 63.9514456802
740.0 63.893115
742.0 63.8497902788
744.0 63.841020986
746.0 63.8577368233
748.0 63.8763255836
750.0 63.893115
