380.0 1.112048
382.0 1.12330666888
384.0 1.13464552987
386.0 1.14625043105
388.0 1.15851473185
390.0 1.171622
392.0 1.18540204579
394.0 1.19983168571
396.0 1.21439624602
398.0 1.22832535032
400.0 1.241125
402.0 1.2528491632
404.0 1.2634612784
406.0 1.2731202096
408.0 1.2821436848
410.0 1.29077
412.0 1.2989197232
414.0 1.3064816496
416.0 1.313884712
418.0 1.3217643664
420.0 1.330486
422.0 1.34001784
424.0 1.350502864
426.0 1.361305616
428.0 1.37139348
430.0 1.380131
432.0 1.38767704
434.0 1.3940316
436.0 1.399512408
438.0 1.404675488
440.0 1.409918
442.0 1.415160512
444.0 1.420323592
446.0 1.4258044
448.0 1.43215896
450.0 1.439705
452.0 1.44844252
454.0 1.458530384
456.0 1.469333136
458.0 1.47981816
460.0 1.48935
462.0 1.49808752
464.0 1.50603072
466.0 1.513497328
468.0 1.521043368
470.0 1.529066
472.0 1.5375016784
474.0 1.546302744
476.0 1.5558186976
478.0 1.5665261312
480.0 1.578711
482.0 1.5923891904
484.0 1.6076877936
486.0 1.6241778768
488.0 1.641144552
490.0 1.658143
492.0 1.6752844256
494.0 1.6925688288
496.0 1.71017096
498.0 1.7284085472
500.0 1.747504
502.0 1.767441432
504.0 1.788252616
506.0 1.810016984
508.0 1.832813968
510.0 1.856723
512.0 1.881982376
514.0 1.908989256
516.0 1.93734648
518.0 1.96633916
520.0 1.995729
522.0 2.0261037968
524.0 2.057924256
526.0 2.0922865392
528.0 2.1306998544
530.0 2.174451
532.0 2.2245408192
534.0 2.2824467472
536.0 2.3482164432
538.0 2.4212938832
540.0 2.502108
542.0 2.5928828896
544.0 2.6957314432
546.0 2.8135132128
548.0 2.9497232064
550.0 3.107777
552.0 3.2899622352
554.0 3.4982964848
556.0 3.7382446704
558.0 4.016717376
560.0 4.338973
562.0 4.7058852944
564.0 5.1176607824
566.0 5.5790812704
568.0 6.0962630224
570.0 6.672288
572.0 7.3048685616
574.0 7.9915899744
576.0 8.7281946832
578.0 9.508566424
580.0 10.32616
582.0 11.1767814016
584.0 12.0568720752
586.0 12.9519753968
588.0 13.8427893904
590.0 14.714778
592.0 15.564064944
594.0 16.3859001888
596.0 17.1738974016
598.0 17.9223374784
600.0 18.626804
602.0 19.2841196864
604.0 19.8915838496
606.0 20.4496413088
608.0 20.960675024
610.0 21.426782
612.0 21.8479463504
614.0 22.2247082128
616.0 22.5611186192
618.0 22.8628172416
620.0 23.13457
622.0 23.3783309216
624.0 23.5961970112
626.0 23.7931724848
628.0 23.9752941744
630.0 24.147328
632.0 24.3115457168
634.0 24.4704891488
636.0 24.6260170048
638.0 24.7793207648
640.0 24.931719
642.0 25.0851975104
644.0 25.2414561408
646.0 25.4015275072
648.0 25.5661264976
650.0 25.735968
652.0 25.9120846304
654.0 26.0954454592
656.0 26.286193464
658.0 26.4840903488
660.0 26.689152
662.0 26.9020138736
664.0 27.123168448
666.0 27.3530605424
668.0 27.5921667488
670.0 27.840916
672.0 28.0994512736
674.0 28.3677249104
676.0 28.6466424352
678.0 28.93747476
680.0 29.240905
682.0 29.5565836544
684.0 29.8842724272
686.0 30.22308168
688.0 30.5716610688
690.0 30.928835
692.0 31.2937932672
694.0 31.665328504
696.0 32.0429800048
698.0 32.4265889056
700.0 32.815345
702.0 33.2078026256
704.0 33.6030244848
706.0 33.997054864
708.0 34.3844923872
710.0 34.761429
712.0 35.1254976288
714.0 35.4723454
716.0 35.8059280272
718.0 36.1339504144
720.0 36.459288
722.0 36.779954984
724.0 37.0993987152
726.0 37.3958071664
728.0 37.6357394656
730.0 37.799703
732.0 37.8929700021
734.0 37.9148850248
736.0 37.8860429996
738.0 37.8398156279
740.0 37.799703
742.0 37.770147911
744.0 37.763713919
746.0 37.7746652735
748.0 37.7876472747
750.0 37.799703
