380.0 1.131906
382.0 1.14071063814
384.0 1.14827355269
386.0 1.15262840259
388.0 1.15100798979
390.0 1.141835
392.0 1.12536399568
394.0 1.10129252714
396.0 1.0720758413
398.0 1.04166767546
400.0 1.012758
402.0 0.9851315504
404.0 0.958982536
406.0 0.9348193216
408.0 0.9129596352
410.0 0.89361
412.0 0.8771040304
414.0 0.8638071136
416.0 0.8529725888
418.0 0.843329544
420.0 0.834036
422.0 0.8251872752
424.0 0.8166721648
426.0 0.8085542144
428.0 0.80107172
430.0 0.79432
432.0 0.7881401904
434.0 0.7825005184
436.0 0.7770197104
438.0 0.7711417424
440.0 0.764533
442.0 0.757225256
444.0 0.7491390784
446.0 0.7406557408
448.0 0.7324106992
450.0 0.724817
452.0 0.7178110976
454.0 0.7114247648
456.0 0.705594456
458.0 0.7001613072
460.0 0.69503
462.0 0.6902799664
464.0 0.685974752
466.0 0.6820666976
468.0 0.6784763712
470.0 0.675172
472.0 0.672153584
474.0 0.6693575776
476.0 0.6670381632
478.0 0.6655925008
480.0 0.665243
482.0 0.6659420016
484.0 0.6677530512
486.0 0.6702789888
488.0 0.6728843584
490.0 0.675172
492.0 0.6772213456
494.0 0.6790165088
496.0 0.68073224
498.0 0.6826862672
500.0 0.685101
502.0 0.6879446656
504.0 0.691217264
506.0 0.6950458864
508.0 0.6995893968
510.0 0.704959
512.0 0.7111388096
514.0 0.7180811664
516.0 0.7258972752
518.0 0.734746
520.0 0.744675
522.0 0.7555889568
524.0 0.7674402112
526.0 0.7798474896
528.0 0.792254768
530.0 0.804249
532.0 0.8157984128
534.0 0.8268712336
536.0 0.8371497344
538.0 0.8462367552
540.0 0.853894
542.0 0.8602644464
544.0 0.8655863904
546.0 0.8697168544
548.0 0.8724175424
550.0 0.873752
552.0 0.8742127056
554.0 0.8742444784
556.0 0.8749117072
558.0 0.877644168
560.0 0.883681
562.0 0.893927728
564.0 0.9096234912
566.0 0.9311972224
568.0 0.9587283536
570.0 0.9929
572.0 1.0354914384
574.0 1.0882342864
576.0 1.1532890944
578.0 1.2331976864
580.0 1.330486
582.0 1.4494115904
584.0 1.5964402224
586.0 1.7683310704
588.0 1.9580146864
590.0 2.164522
592.0 2.3991800144
594.0 2.6736970064
596.0 2.9987327504
598.0 3.3865992064
600.0 3.852452
602.0 4.4061248128
604.0 5.0506996064
606.0 5.835789608
608.0 6.8311361136
610.0 8.082206
612.0 9.5847258256
614.0 11.337964816
616.0 13.3376813024
618.0 15.5707690048
620.0 18.021135
622.0 20.6790568112
624.0 23.5341288464
626.0 26.5402805456
628.0 29.6344429008
630.0 32.7657
632.0 35.9170692816
634.0 39.0705196816
636.0 42.1812356656
638.0 45.1963155216
640.0 48.076218
642.0 50.806375272
644.0 53.3714569616
646.0 55.7629002992
648.0 57.9794343728
650.0 60.020805
652.0 61.8806893936
654.0 63.5542263152
656.0 65.0579376208
658.0 66.4185124624
660.0 67.656206
662.0 68.7739889904
664.0 69.7774693328
666.0 70.6802298992
668.0 71.4978393616
670.0 72.243404
672.0 72.9246287184
674.0 73.5491548752
676.0 74.126180696
678.0 74.6647614288
680.0 75.172459
682.0 75.6547542176
684.0 76.116667184
686.0 76.5614228384
688.0 76.9908481168
690.0 77.406484
692.0 77.8111423808
694.0 78.2075716064
696.0 78.593118648
698.0 78.9626204256
700.0 79.312852
702.0 79.645354352
704.0 79.961096552
706.0 80.259522576
708.0 80.539917536
710.0 80.802202
712.0 81.04566108
714.0 81.267991248
716.0 81.47578536
718.0 81.679449008
720.0 81.884463
722.0 82.0900806752
724.0 82.299812928
726.0 82.4977892448
728.0 82.6588296816
730.0 82.768144
732.0 82.8301775796
734.0 82.8449724547
736.0 82.8260087298
738.0 82.795223699
740.0 82.768144
742.0 82.74804778
744.0 82.7438061112
746.0 82.7513857483
748.0 82.7601241804
750.0 82.768144
