380.0 0.714888
382.0 0.714413688344
384.0 0.714038115606
386.0 0.713906539728
388.0 0.714160722128
390.0 0.714888
392.0 0.716124782844
394.0 0.7179176657
396.0 0.720119110278
398.0 0.722479418856
400.0 0.724817
402.0 0.7271681872
404.0 0.72958292
406.0 0.7318387888
408.0 0.7336180656
410.0 0.734746
412.0 0.7352384784
414.0 0.7350160688
416.0 0.7344759312
418.0 0.7342535216
420.0 0.734746
422.0 0.7358898208
424.0 0.7377326432
426.0 0.7400520576
428.0 0.742450904
430.0 0.744675
432.0 0.7467878912
434.0 0.7487895776
436.0 0.750711832
438.0 0.7526340864
440.0 0.754604
442.0 0.7566056864
444.0 0.758655032
446.0 0.7607043776
448.0 0.7626742912
450.0 0.764533
452.0 0.7662963904
454.0 0.7679326896
456.0 0.7696484208
458.0 0.771761312
460.0 0.774462
462.0 0.777718712
464.0 0.7815632208
466.0 0.7858048896
468.0 0.7901259904
470.0 0.79432
472.0 0.7984186912
474.0 0.8024061776
476.0 0.806314232
478.0 0.8102222864
480.0 0.814178
482.0 0.8181496
484.0 0.8221212
486.0 0.8260928
488.0 0.8300644
490.0 0.834036
492.0 0.8380711456
494.0 0.842296928
496.0 0.8465227104
498.0 0.8504307648
500.0 0.853894
502.0 0.8570236208
504.0 0.8597878544
506.0 0.862869816
508.0 0.8673021216
510.0 0.873752
512.0 0.8821400192
514.0 0.892497952
516.0 0.9046828208
518.0 0.9183768976
520.0 0.933326
522.0 0.9495777872
524.0 0.9671958048
526.0 0.9856875744
528.0 1.004338208
530.0 1.022687
532.0 1.0406704048
534.0 1.0580501264
536.0 1.075270984
538.0 1.0931272976
540.0 1.112048
542.0 1.1318742272
544.0 1.152717184
546.0 1.1737190048
548.0 1.1935293456
550.0 1.211338
552.0 1.2275103552
554.0 1.2423482528
556.0 1.2559946704
558.0 1.268687904
560.0 1.280841
562.0 1.2936136656
564.0 1.3088169504
566.0 1.3257677392
568.0 1.342877392
570.0 1.360273
572.0 1.383149416
574.0 1.4186237472
576.0 1.4650596944
578.0 1.5179296336
580.0 1.578711
582.0 1.6622893504
584.0 1.7862827024
586.0 1.9586501424
588.0 2.1856667984
590.0 2.48225
592.0 2.8684960432
594.0 3.3572887984
596.0 4.0122532976
598.0 4.9208441728
600.0 6.146051
602.0 7.6834255872
604.0 9.5190355616
606.0 11.71343988
608.0 14.3500421424
610.0 17.465111
612.0 21.0301303648
614.0 25.03577492
616.0 29.3458823312
618.0 33.7564712224
620.0 38.117431
622.0 42.4150517008
624.0 46.6259962032
626.0 50.6602045056
628.0 54.413779552
630.0 57.816567
632.0 60.8472790736
634.0 63.4763988416
636.0 65.7467242656
638.0 67.7426121296
640.0 69.522858
642.0 71.0771992624
644.0 72.4068591696
646.0 73.5438964768
648.0 74.528106616
650.0 75.390897
652.0 76.1456122048
654.0 76.8068836048
656.0 77.3906293728
658.0 77.9108295408
660.0 78.379526
662.0 78.8085541184
664.0 79.2095427408
666.0 79.5835244832
668.0 79.9261305856
670.0 80.236249
672.0 80.5211080384
674.0 80.7858866672
676.0 81.034381736
678.0 81.2704059808
680.0 81.497232
682.0 81.7168455936
684.0 81.930612992
686.0 82.1417591344
688.0 82.3540173248
690.0 82.569564
692.0 82.789034616
694.0 83.0140019264
696.0 83.2394458288
698.0 83.4571053952
700.0 83.661754
702.0 83.8545672368
704.0 84.0355927648
706.0 84.2061332688
708.0 84.3688100048
710.0 84.525577
712.0 84.6749727056
714.0 84.8145029568
716.0 84.949982176
718.0 85.0904656112
720.0 85.240465
722.0 85.3990430448
724.0 85.569154616
726.0 85.7350562912
728.0 85.8720447184
730.0 85.965282
732.0 86.018468451
734.0 86.0312521383
736.0 86.0149637135
738.0 85.9885140737
740.0 85.965282
742.0 85.9480079344
744.0 85.9445288128
746.0 85.9512109062
748.0 85.9586109282
750.0 85.965282
