380.0 0.69503
382.0 0.662308044609
384.0 0.63021964493
386.0 0.599610808773
388.0 0.571364789573
390.0 0.546095
392.0 0.524075993531
394.0 0.505611968122
396.0 0.490345365757
398.0 0.477541155391
400.0 0.466663
402.0 0.4578142752
404.0 0.4510466688
406.0 0.4457882704
408.0 0.44124476
410.0 0.436876
412.0 0.4326184448
414.0 0.4283132304
416.0 0.424087448
418.0 0.4202588256
420.0 0.417018
422.0 0.4142219936
424.0 0.411775488
426.0 0.4097261424
428.0 0.4081533888
430.0 0.407089
432.0 0.4065488624
434.0 0.4066282944
436.0 0.4070254544
438.0 0.4072637504
440.0 0.407089
442.0 0.4065488624
444.0 0.4055162464
446.0 0.4046424944
448.0 0.4049602224
450.0 0.407089
452.0 0.4109493952
454.0 0.4167161584
456.0 0.4236744016
458.0 0.4306326448
460.0 0.436876
462.0 0.442515672
464.0 0.4473451376
466.0 0.4521746032
468.0 0.4583544128
470.0 0.466663
472.0 0.4769415008
474.0 0.4894282112
476.0 0.5029475376
478.0 0.515593112
480.0 0.526237
482.0 0.5351174976
484.0 0.5420280816
486.0 0.5482237776
488.0 0.5557698176
490.0 0.565953
492.0 0.5784714832
494.0 0.5933411536
496.0 0.61003776
498.0 0.6276081184
500.0 0.645385
502.0 0.6633525184
504.0 0.681288264
506.0 0.6991445776
508.0 0.7170008912
510.0 0.734746
512.0 0.7522369264
514.0 0.7696801936
516.0 0.7855348208
518.0 0.79749728
520.0 0.804249
522.0 0.8062030272
524.0 0.8034070208
526.0 0.7973543024
528.0 0.790427832
530.0 0.784391
532.0 0.7793708976
534.0 0.7756693664
536.0 0.7744302272
538.0 0.777003824
540.0 0.784391
542.0 0.7968141648
544.0 0.8143845232
546.0 0.8376739856
548.0 0.867318008
550.0 0.903539
552.0 0.9476873056
554.0 1.0028131136
556.0 1.0627048416
558.0 1.1172746256
560.0 1.161693
562.0 1.2049198944
564.0 1.2587430176
566.0 1.3194767248
568.0 1.37893952
570.0 1.439705
572.0 1.5163251072
574.0 1.6170289968
576.0 1.7912869184
578.0 2.109078464
580.0 2.621256
582.0 3.3313463072
584.0 4.2431144624
586.0 5.3870623536
588.0 6.7992521088
590.0 8.499224
592.0 10.4849922272
594.0 12.7595434336
596.0 15.281366456
598.0 17.9847710304
600.0 20.821113
602.0 23.7842284416
604.0 26.860963416
606.0 30.0269799584
608.0 33.2570981248
610.0 36.528791
612.0 39.8220576064
614.0 43.1152288944
616.0 46.3983123184
618.0 49.6670185504
620.0 52.911641
622.0 56.113227192
624.0 59.2569233424
626.0 62.3149123648
628.0 65.2527207712
630.0 68.043437
632.0 70.6792767152
634.0 73.1545208128
636.0 75.4473096064
638.0 77.5315894
640.0 79.392284
642.0 81.0297905664
644.0 82.4417737984
646.0 83.6508082704
648.0 84.6935915664
650.0 85.597909
652.0 86.3667789872
654.0 87.0060953824
656.0 87.5368282336
658.0 87.9843163488
660.0 88.3681
662.0 88.69734564
664.0 88.9830466576
666.0 89.2288728112
668.0 89.4337120528
670.0 89.599296
672.0 89.7338061488
674.0 89.8427233072
676.0 89.9346420176
678.0 90.01988844
680.0 90.105675
682.0 90.1943846576
684.0 90.2893853296
686.0 90.3878810096
688.0 90.4835171376
690.0 90.572338
692.0 90.6562658512
694.0 90.7359520336
696.0 90.811348888
698.0 90.8826152784
700.0 90.94964
702.0 91.0125819168
704.0 91.072441872
706.0 91.1261061312
708.0 91.1687293424
710.0 91.197865
712.0 91.2140373552
714.0 91.2157848592
716.0 91.2110983712
718.0 91.2125281472
720.0 91.227652
722.0 91.255373768
724.0 91.2973615232
726.0 91.3459421344
728.0 91.3882476176
730.0 91.416303
732.0 91.4322942958
734.0 91.4364630696
736.0 91.4318148914
738.0 91.423782682
740.0 91.416303
742.0 91.4105501469
744.0 91.4096446221
746.0 91.4121231285
748.0 91.4144188274
750.0 91.416303
