380.0 1.822548
382.0 2.37376233412
384.0 2.98582790354
386.0 3.71763921756
388.0 4.59555090098
390.0 5.597826
392.0 6.716509968
394.0 7.948952976
396.0 9.2801580576
398.0 10.7145153504
400.0 12.237108
402.0 13.8273472224
404.0 15.5591763936
406.0 17.6022406848
408.0 19.9055568192
410.0 22.150968
412.0 24.1620676032
414.0 25.8730676544
416.0 27.201068256
418.0 28.1304315456
420.0 28.800264
422.0 29.2922157696
424.0 29.6574303552
426.0 29.9797850208
428.0 30.286421712
430.0 30.5427
432.0 30.736891488
434.0 30.8640612768
436.0 30.8998072512
438.0 30.8511151776
440.0 30.752994
442.0 30.6303265056
444.0 30.501522432
446.0 30.3897822144
448.0 30.3097823712
450.0 30.29235
452.0 30.3531229632
454.0 30.4821032832
456.0 30.6530302464
458.0 30.8591424
460.0 31.083456
462.0 31.313778
464.0 31.5425938944
466.0 31.763286432
468.0 31.9722345504
470.0 32.174982
472.0 32.3741564544
474.0 32.5694374656
476.0 32.7610493472
478.0 32.9495368608
480.0 33.136326
482.0 33.3210162048
484.0 33.5044246176
486.0 33.6896916288
488.0 33.8732602656
490.0 34.037586
492.0 34.1723183616
494.0 34.2764639616
496.0 34.352105712
498.0 34.3972568352
500.0 34.408104
502.0 34.3836377952
504.0 34.3267582752
506.0 34.2425605632
508.0 34.1334480192
510.0 34.007544
512.0 33.8704403232
514.0 33.720102144
516.0 33.5488707552
518.0 33.358957248
520.0 33.166368
522.0 32.981068944
524.0 32.7957218208
526.0 32.5913080416
528.0 32.3736277152
530.0 32.174982
532.0 32.0150464032
534.0 31.8938850144
536.0 31.8035667456
538.0 31.750949184
540.0 31.764408
542.0 31.856777136
544.0 32.021086848
546.0 32.2425324384
548.0 32.5162430976
550.0 32.815878
552.0 33.1271772096
554.0 33.4536976992
556.0 33.8072319552
558.0 34.1893822176
560.0 34.608384
562.0 35.0674097376
564.0 35.5736054208
566.0 36.142448688
568.0 36.7715041344
570.0 37.40229
572.0 38.0025051264
574.0 38.6047070304
576.0 39.2834319168
578.0 40.03156584
580.0 40.75698
582.0 41.411815488
584.0 42.0167251776
586.0 42.6212343072
588.0 43.2196389024
590.0 43.771194
592.0 44.2574097504
594.0 44.68927752
596.0 45.0879468768
598.0 45.4531294176
600.0 45.804036
602.0 46.1507447136
604.0 46.46776392
606.0 46.7009539296
608.0 46.851019728
610.0 46.96566
612.0 47.069645376
614.0 47.1598034208
616.0 47.2270975008
618.0 47.277135456
620.0 47.31615
622.0 47.349316368
624.0 47.3804639136
626.0 47.4129573408
628.0 47.4515713248
630.0 47.506416
632.0 47.5834356768
634.0 47.6854342752
636.0 47.8150715136
638.0 47.9721230784
640.0 48.147312
642.0 48.3341492064
644.0 48.5327468544
646.0 48.7468221408
648.0 48.972946272
650.0 49.188768
652.0 49.382799264
654.0 49.5647656608
656.0 49.7569703712
658.0 49.9604708736
660.0 50.160126
662.0 50.3500555296
664.0 50.5398248352
666.0 50.7461773248
668.0 50.970138432
670.0 51.211596
672.0 51.471639552
674.0 51.7414888128
676.0 52.000378752
678.0 52.2476364288
680.0 52.52343
682.0 52.8452719488
684.0 53.1899778624
686.0 53.5131016032
688.0 53.811470736
690.0 54.085614
692.0 54.340930944
694.0 54.5816034144
696.0 54.8080479936
698.0 55.0269620448
700.0 55.367406
702.0 55.8919313088
704.0 56.4967128192
706.0 56.9644226976
708.0 57.2876265504
710.0 57.620556
712.0 58.0353118464
714.0 58.4935044192
716.0 58.9235937024
718.0 59.3293930272
720.0 59.743524
722.0 60.1821852672
724.0 60.6375418752
726.0 61.0925139456
728.0 61.5489600768
730.0 62.046744
732.0 62.6034743328
734.0 63.1920892416
736.0 63.7592661792
738.0 64.3023454272
740.0 64.830636
742.0 65.3470059072
744.0 65.8673333472
746.0 66.4278129216
748.0 67.0251760608
750.0 67.624542
752.0 68.2078695168
754.0 68.7571173888
756.0 69.2384142624
758.0 69.6539071392
760.0 70.04793
762.0 70.4419688832
764.0 70.8575739168
766.0 71.338053648
768.0 71.880331776
770.0 72.391206
772.0 72.8263191872
774.0 73.1953460307
776.0 73.5212635721
778.0 73.8257301097
780.0 74.113614
