380.0 2.413374
382.0 3.05258872127
384.0 3.77999119211
386.0 4.68230361081
388.0 5.80513830036
390.0 7.129968
392.0 8.6596105056
394.0 10.4129096928
396.0 12.4005204576
398.0 14.6479504608
400.0 17.143968
402.0 19.8673273728
404.0 22.9575195936
406.0 26.714067408
408.0 31.0515073344
410.0 35.459574
412.0 39.6400745184
414.0 43.4389535136
416.0 46.64761536
418.0 49.201906368
420.0 51.251652
422.0 52.881370416
424.0 54.1564169856
426.0 55.2071339328
428.0 56.0770701408
430.0 56.749338
432.0 57.2326857408
434.0 57.5394506112
436.0 57.6571351392
438.0 57.6134580768
440.0 57.490374
442.0 57.3435607488
444.0 57.1976127072
446.0 57.0696898656
448.0 56.9837617344
450.0 56.989674
452.0 57.1117005984
454.0 57.3347003616
456.0 57.6206521344
458.0 57.9599745216
460.0 58.311522
462.0 58.6494985056
464.0 58.9801527744
466.0 59.3296013184
468.0 59.6931976416
470.0 60.043944
472.0 60.3703843776
474.0 60.6806100864
476.0 60.9896020704
478.0 61.3012057056
480.0 61.63617
482.0 62.0051498496
484.0 62.40284184
486.0 62.8155147744
488.0 63.2394194112
490.0 63.669012
492.0 64.0975791552
494.0 64.5170616096
496.0 64.9189514688
498.0 65.298730416
500.0 65.631756
502.0 65.907020832
504.0 66.1439600832
506.0 66.3821010144
508.0 66.6230138208
510.0 66.873492
512.0 67.1355703968
514.0 67.3839175968
516.0 67.5668773824
518.0 67.6761821952
520.0 67.74471
522.0 67.7872975392
524.0 67.777636032
526.0 67.6661041056
528.0 67.4570918976
530.0 67.203954
532.0 66.9370047936
534.0 66.6584874144
536.0 66.3650852256
538.0 66.0678216384
540.0 65.781966
542.0 65.5139272704
544.0 65.277420624
546.0 65.0992194912
548.0 64.9717612992
550.0 64.820622
552.0 64.6074119232
554.0 64.3343742048
556.0 64.013012928
558.0 63.645859632
560.0 63.258438
562.0 62.86949424
564.0 62.4899556288
566.0 62.1304289952
568.0 61.8001432416
570.0 61.526016
572.0 61.3199519136
574.0 61.169437488
576.0 61.0477153152
578.0 60.9473830464
580.0 60.845064
582.0 60.7277159424
584.0 60.5949863808
586.0 60.451393632
588.0 60.2973863232
590.0 60.164112
592.0 60.0661029792
594.0 59.9875771968
596.0 59.895977136
598.0 59.786464032
600.0 59.663412
602.0 59.529064176
604.0 59.3705385504
606.0 59.1627280224
608.0 58.908997296
610.0 58.672026
612.0 58.484243472
614.0 58.3223210976
616.0 58.133833584
618.0 57.9227224416
620.0 57.720696
622.0 57.5434722336
624.0 57.3973479456
626.0 57.2943880032
628.0 57.23722008
630.0 57.199968
632.0 57.170406672
634.0 57.159831888
636.0 57.1904186496
638.0 57.2615901504
640.0 57.370206
642.0 57.5126611584
644.0 57.6811847616
646.0 57.8630390016
648.0 58.0530967104
650.0 58.23141
652.0 58.3874040864
654.0 58.5329355456
656.0 58.6955308608
658.0 58.8757988832
660.0 59.062572
662.0 59.2513639392
664.0 59.4405083712
666.0 59.6247659712
668.0 59.8055787552
670.0 59.993874
672.0 60.1953236352
674.0 60.4148305152
676.0 60.6610787808
678.0 60.9320496096
680.0 61.215582
682.0 61.5044498496
684.0 61.7863639776
686.0 62.0390051808
688.0 62.2618607424
690.0 62.477346
692.0 62.6999932704
694.0 62.9310683232
696.0 63.1664053344
698.0 63.4086960672
700.0 63.719082
702.0 64.1261791392
704.0 64.570031664
706.0 64.9276676544
708.0 65.1956583168
710.0 65.461518
712.0 65.7670972128
714.0 66.1018211712
716.0 66.446014368
718.0 66.80099064
720.0 67.173912
722.0 67.567902816
724.0 67.962694752
726.0 68.3170942176
728.0 68.6311653024
730.0 68.966418
732.0 69.3532147584
734.0 69.7681468512
736.0 70.161849264
738.0 70.5353153856
740.0 70.919148
742.0 71.3265014976
744.0 71.7527774496
746.0 72.1914707616
748.0 72.6409791936
750.0 73.082172
752.0 73.5028240896
754.0 73.9128212832
756.0 74.3382320256
758.0 74.7751468512
760.0 75.175098
762.0 75.5132187072
764.0 75.8086076736
766.0 76.1046054912
768.0 76.4031989376
770.0 76.65717
772.0 76.8485952091
774.0 77.0127448505
776.0 77.2147704488
778.0 77.4706537731
780.0 77.748696
