380.0 1.95273
382.0 2.56525538931
384.0 3.26004652648
386.0 4.11721878467
388.0 5.17959750922
390.0 6.428988
392.0 7.8675111168
394.0 9.5086855488
396.0 11.3543859168
398.0 13.4296071648
400.0 15.731994
402.0 18.2477030688
404.0 21.111194352
406.0 24.6075063456
408.0 28.6628398752
410.0 32.805864
412.0 36.7641658752
414.0 40.4028689376
416.0 43.5383564832
418.0 46.1162164416
420.0 48.287508
422.0 50.1347144736
424.0 51.7180159968
426.0 53.1581733984
428.0 54.485853552
430.0 55.647798
432.0 56.62596552
434.0 57.4241053536
436.0 58.0303929696
438.0 58.456845168
440.0 58.742124
442.0 58.916928384
444.0 59.007855504
446.0 59.046870048
448.0 59.054640912
450.0 59.0826
452.0 59.157184272
454.0 59.2591988928
456.0 59.3400158784
458.0 59.3900858784
460.0 59.403048
462.0 59.3713396704
464.0 59.2716322752
466.0 59.0668660032
468.0 58.7563999584
470.0 58.38162
472.0 57.9656945184
474.0 57.5115395904
476.0 57.020196672
478.0 56.4987797088
480.0 55.958232
482.0 55.4056514688
484.0 54.8387148672
486.0 54.247680576
488.0 53.632740864
490.0 53.014116
492.0 52.40286144
494.0 51.777346944
496.0 51.0911716416
498.0 50.3488858944
500.0 49.609356
502.0 48.9023836224
504.0 48.2262383424
506.0 47.5742067744
508.0 46.9486922784
510.0 46.324764
512.0 45.6901327584
514.0 45.0578247648
516.0 44.4547576512
518.0 43.880226432
520.0 43.330578
522.0 42.8058444
524.0 42.2887534848
526.0 41.7407393376
528.0 41.1653589312
530.0 40.626798
532.0 40.1590720992
534.0 39.7498600032
536.0 39.3679821216
538.0 39.0188219808
540.0 38.724138
542.0 38.4924060288
544.0 38.3272951968
546.0 38.2384830336
548.0 38.219913072
550.0 38.223438
552.0 38.222716992
554.0 38.2203777216
556.0 38.2287894816
558.0 38.24506824
560.0 38.273508
562.0 38.316848592
564.0 38.3728949472
566.0 38.4363436512
568.0 38.5078356
570.0 38.593956
572.0 38.69569824
574.0 38.8150811424
576.0 38.9593788768
578.0 39.1219581696
580.0 39.264894
582.0 39.3679020096
584.0 39.429283824
586.0 39.4507858848
588.0 39.4321197888
590.0 39.395076
592.0 39.3508862208
594.0 39.2973874272
596.0 39.22844304
598.0 39.142803312
600.0 39.034572
602.0 38.901505968
604.0 38.735594016
606.0 38.5200767136
608.0 38.2587033024
610.0 37.993116
612.0 37.7463069504
614.0 37.5119793504
616.0 37.2714190368
618.0 37.029208416
620.0 36.80145
622.0 36.59636328
624.0 36.414028368
626.0 36.2531474496
628.0 36.1150664064
630.0 35.990316
632.0 35.8745701824
634.0 35.7763208256
636.0 35.7124395168
638.0 35.6833748832
640.0 35.679882
642.0 35.6966734752
644.0 35.7335890848
646.0 35.7913498368
648.0 35.8673921472
650.0 35.95026
652.0 36.0345858912
654.0 36.1228853376
656.0 36.2207661792
658.0 36.3295742976
660.0 36.460974
662.0 36.6205410816
664.0 36.8041097184
666.0 37.002611232
668.0 37.214507472
670.0 37.432332
672.0 37.652479776
674.0 37.8771779136
676.0 38.1115375584
678.0 38.3563918752
680.0 38.623998
682.0 38.9190184512
684.0 39.2343873504
686.0 39.5573348448
688.0 39.8850730368
690.0 40.196196
692.0 40.4862334848
694.0 40.7624436384
696.0 41.0298094272
698.0 41.29413096
700.0 41.698296
702.0 42.314197056
704.0 43.0197274176
706.0 43.5551159136
708.0 43.9153956
710.0 44.341992
712.0 44.947558608
714.0 45.6522878496
716.0 46.301211072
718.0 46.8942641856
720.0 47.476374
722.0 48.0687061056
724.0 48.675570528
726.0 49.3084393056
728.0 49.971382128
730.0 50.700882
732.0 51.513858576
734.0 52.3662182112
736.0 53.166649248
738.0 53.9097361152
740.0 54.666426
742.0 55.4692764192
744.0 56.2945742208
746.0 57.0982097376
748.0 57.8803752384
750.0 58.662012
752.0 59.4509709984
754.0 60.2453615904
756.0 61.0455362688
758.0 61.849027584
760.0 62.627556
762.0 63.365307408
764.0 64.0747312128
766.0 64.7862859968
768.0 65.499651312
770.0 66.172512
772.0 66.7878488222
774.0 67.3699245219
776.0 67.9643909799
778.0 68.5857842693
780.0 69.216768
