380.0 0.40056
382.0 0.520854339307
384.0 0.65021199066
386.0 0.797036204555
388.0 0.967375628647
390.0 1.161624
392.0 1.3818038208
394.0 1.6292537664
396.0 1.90266
398.0 2.2065728832
400.0 2.543556
402.0 2.9142822912
404.0 3.33826704
406.0 3.8548933056
408.0 4.4578162176
410.0 5.087112
412.0 5.7095662176
414.0 6.3157416768
416.0 6.8953359744
418.0 7.444888272
420.0 7.971144
422.0 8.48065632
424.0 8.9929885824
426.0 9.5432298432
428.0 10.1354177472
430.0 10.775064
432.0 11.4602298912
434.0 12.1686603072
436.0 12.8599147104
438.0 13.517618208
440.0 14.11974
442.0 14.648799648
444.0 15.0932770464
446.0 15.4454654208
448.0 15.6992121696
450.0 15.852162
452.0 15.9034176576
454.0 15.8575935936
456.0 15.7252485696
458.0 15.5083052736
460.0 15.211266
462.0 14.8406518656
464.0 14.3874102144
466.0 13.8255527136
468.0 13.1654618784
470.0 12.477444
472.0 11.8008340704
474.0 11.1290148384
476.0 10.4369432928
478.0 9.732886992
480.0 9.032628
482.0 8.345907936
484.0 7.6769567136
486.0 7.0295235744
488.0 6.4078063872
490.0 5.818134
492.0 5.2657297152
494.0 4.7472288288
496.0 4.2509670336
498.0 3.7793797344
500.0 3.364704
502.0 3.0215202144
504.0 2.7355684416
506.0 2.4783127872
508.0 2.2461321888
510.0 2.032842
512.0 1.8334752768
514.0 1.6517812608
516.0 1.5000331104
518.0 1.3765324512
520.0 1.271778
522.0 1.1805784992
524.0 1.0997935584
526.0 1.0242158976
528.0 0.95253168
530.0 0.891246
532.0 0.843258912
534.0 0.8065355712
536.0 0.7775510496
538.0 0.7559208096
540.0 0.741036
542.0 0.7320474336
544.0 0.7293236256
546.0 0.7347231744
548.0 0.7476372288
550.0 0.761064
552.0 0.7714304928
554.0 0.7824058368
556.0 0.8020172544
558.0 0.8300083872
560.0 0.861204
562.0 0.8929764192
564.0 0.925133376
566.0 0.957418512
568.0 0.9890307072
570.0 1.021428
572.0 1.0547225472
574.0 1.0869115488
576.0 1.1149827936
578.0 1.1376865344
580.0 1.15161
582.0 1.1550708384
584.0 1.1483734752
586.0 1.1326074336
588.0 1.108509744
590.0 1.081512
592.0 1.05467448
594.0 1.0268916384
596.0 0.9949269504
598.0 0.959261088
600.0 0.921288
602.0 0.881953008
604.0 0.8416246272
606.0 0.8005752384
608.0 0.7595739168
610.0 0.721008
612.0 0.6861112128
614.0 0.6550277568
616.0 0.6277095648
618.0 0.6039964128
620.0 0.580812
622.0 0.5566502208
624.0 0.5323121952
626.0 0.5095603872
628.0 0.4885550208
630.0 0.470658
632.0 0.4565102208
634.0 0.4454707872
636.0 0.4361938176
638.0 0.4286152224
640.0 0.420588
642.0 0.4108303584
644.0 0.40216224
646.0 0.400880448
648.0 0.4068247584
650.0 0.410574
652.0 0.4077059904
654.0 0.4018738368
656.0 0.4004318208
658.0 0.4037003904
660.0 0.410574
662.0 0.4206841344
664.0 0.4335981888
666.0 0.447986304
668.0 0.4638164352
670.0 0.480672
672.0 0.4985049312
674.0 0.5187412224
676.0 0.5440566144
678.0 0.5746113312
680.0 0.610854
682.0 0.6528807552
684.0 0.6984805056
686.0 0.7432310688
688.0 0.786779952
690.0 0.831162
692.0 0.878508192
694.0 0.9276809376
696.0 0.9744343008
698.0 1.0204987008
700.0 1.091526
702.0 1.2011512608
704.0 1.3323106272
706.0 1.447063056
708.0 1.545921264
710.0 1.672338
712.0 1.847943504
714.0 2.0537352096
716.0 2.2496090496
718.0 2.437647936
720.0 2.65371
722.0 2.916237024
724.0 3.2170736064
726.0 3.5372332032
728.0 3.8786705472
730.0 4.265964
732.0 4.7126364672
734.0 5.2015760256
736.0 5.6944090272
738.0 6.1940835936
740.0 6.75945
742.0 7.4185154016
744.0 8.1519888288
746.0 8.9201187072
748.0 9.7212387072
750.0 10.554756
752.0 11.4180108672
754.0 12.3175724928
756.0 13.2718506144
758.0 14.2783457376
760.0 15.311406
762.0 16.3571720256
764.0 17.417230032
766.0 18.4980370464
768.0 19.5984074112
770.0 20.708952
772.0 21.8252300781
774.0 22.9595856399
776.0 24.1372868534
778.0 25.3572458819
780.0 26.597184
