380.0 1.922688
382.0 2.48826591741
384.0 3.12581783554
386.0 3.90473163243
388.0 4.86061475387
390.0 5.978358
392.0 7.2559681536
394.0 8.6963338464
396.0 10.2893930112
398.0 12.0446309088
400.0 13.939488
402.0 15.9479278848
404.0 18.1663893888
406.0 20.8113191136
408.0 23.819460624
410.0 26.807478
412.0 29.55812352
414.0 31.9758556128
416.0 33.93504264
418.0 35.4058508928
420.0 36.531072
422.0 37.3950318528
424.0 38.062893552
426.0 38.649713952
428.0 39.1896207648
430.0 39.65544
432.0 40.0408107648
434.0 40.3366163136
436.0 40.5046272
438.0 40.5508678464
440.0 40.516644
442.0 40.4298186144
444.0 40.3022963328
446.0 40.1445077376
448.0 39.9726674976
450.0 39.835692
452.0 39.7575667776
454.0 39.7293993984
456.0 39.727380576
458.0 39.742922304
460.0 39.735552
462.0 39.682117296
464.0 39.5773468224
466.0 39.4194140256
468.0 39.2076459648
470.0 38.974488
472.0 38.7376288608
474.0 38.4893777952
476.0 38.2102355424
478.0 37.9024131936
480.0 37.582542
482.0 37.2583928256
484.0 36.9251108832
486.0 36.572650128
488.0 36.1997608128
490.0 35.810064
492.0 35.4062514528
494.0 34.9788379104
496.0 34.5073787904
498.0 33.9958796928
500.0 33.486816
502.0 33.0020903328
504.0 32.536367232
506.0 32.075482896
508.0 31.6218406848
510.0 31.163568
512.0 30.6953454048
514.0 30.2315930592
516.0 29.8010871936
518.0 29.4050455104
520.0 29.030586
522.0 28.6737831744
524.0 28.32680208
526.0 27.9694384704
528.0 27.606755424
530.0 27.28815
532.0 27.041164704
534.0 26.8603358976
536.0 26.7268693056
538.0 26.645731872
540.0 26.63724
542.0 26.709821472
544.0 26.8583170752
546.0 27.0733056384
548.0 27.3509097408
550.0 27.668682
552.0 28.0140768768
554.0 28.3925580096
556.0 28.8198754176
558.0 29.2973108928
560.0 29.811678
562.0 30.3557506368
564.0 30.9506943936
566.0 31.6410034752
568.0 32.4236977152
570.0 33.226452
572.0 34.0097550912
574.0 34.799210784
576.0 35.6559445344
578.0 36.5722015008
580.0 37.462374
582.0 38.2815512448
584.0 39.0619222368
586.0 39.877190016
588.0 40.7207533536
590.0 41.518044
592.0 42.2334281376
594.0 42.8810054784
596.0 43.4898727008
598.0 44.0583634752
600.0 44.61237
602.0 45.1643096352
604.0 45.686031024
606.0 46.119436944
608.0 46.4627649312
610.0 46.745352
612.0 46.9840537152
614.0 47.181882288
616.0 47.3418178848
618.0 47.4730253184
620.0 47.606556
622.0 47.7601467264
624.0 47.9268597984
626.0 48.0855776928
628.0 48.239280576
630.0 48.397662
632.0 48.565817088
634.0 48.7484564256
636.0 48.9539917728
638.0 49.1823910848
640.0 49.429104
642.0 49.6909420608
644.0 49.9592691936
646.0 50.2178386848
648.0 50.4642151296
650.0 50.710896
652.0 50.9636333376
654.0 51.2176044
656.0 51.4640930016
658.0 51.703964352
660.0 51.942618
662.0 52.182393216
664.0 52.4267828832
666.0 52.683493776
668.0 52.9531988352
670.0 53.214396
672.0 53.4571834272
674.0 53.69626968
676.0 53.9608475712
678.0 54.250564608
680.0 54.556272
682.0 54.873195072
684.0 55.188996576
686.0 55.478841792
688.0 55.742410272
690.0 55.998288
692.0 56.258652
694.0 56.5287576192
696.0 56.8134916896
698.0 57.1145525856
700.0 57.48036
702.0 57.9339381216
704.0 58.4156996448
706.0 58.8024643584
708.0 59.090450976
710.0 59.393034
712.0 59.765474688
714.0 60.1733729472
716.0 60.5467108896
718.0 60.8903913696
720.0 61.255638
722.0 61.6658755296
724.0 62.1138938784
726.0 62.5860259392
728.0 63.0778174848
730.0 63.578886
732.0 64.0829026368
734.0 64.5688620288
736.0 64.9972849824
738.0 65.3691969312
740.0 65.751924
742.0 66.1792093632
744.0 66.6362162784
746.0 67.0900507584
748.0 67.5427957152
750.0 67.99506
752.0 68.4446164992
754.0 68.9032737216
756.0 69.3994874496
758.0 69.9290918592
760.0 70.438476
762.0 70.8973254912
764.0 71.3191632384
766.0 71.7407286048
768.0 72.1576314528
770.0 72.50136
772.0 72.74375576
774.0 72.9219077523
776.0 73.1074370249
778.0 73.3251743113
780.0 73.55283
