380.0 1.912674
382.0 2.48178658151
384.0 3.1188145135
386.0 3.88949954306
388.0 4.82773203601
390.0 5.918274
392.0 7.1599939776
394.0 8.558204736
396.0 10.1067056064
398.0 11.8171288512
400.0 13.679124
402.0 15.6744415392
404.0 17.8909002432
406.0 20.5235888544
408.0 23.513032224
410.0 26.507058
412.0 29.303287248
414.0 31.8070756512
416.0 33.8934484896
418.0 35.5275730656
420.0 36.831492
422.0 37.8749347776
424.0 38.7066094944
426.0 39.4171228224
428.0 40.0364366496
430.0 40.536672
432.0 40.9149448416
434.0 41.180291808
436.0 41.3272011936
438.0 41.373521952
440.0 41.377848
442.0 41.379290016
444.0 41.3934377952
446.0 41.4300650016
448.0 41.5056106176
450.0 41.648226
452.0 41.8717224576
454.0 42.173119824
456.0 42.5416510464
458.0 42.9718044192
460.0 43.420704
462.0 43.8633708672
464.0 44.3123185152
466.0 44.8025078208
468.0 45.3303177216
470.0 45.854106
472.0 46.3548700896
474.0 46.8491130624
476.0 47.369584704
478.0 47.918271792
480.0 48.497802
482.0 49.109777568
484.0 49.7473409088
486.0 50.394373488
488.0 51.0465172128
490.0 51.712296
492.0 52.3903159008
494.0 53.0692490784
496.0 53.7361814784
498.0 54.3826212288
500.0 54.956832
502.0 55.4336906688
504.0 55.8401148672
506.0 56.2340095488
508.0 56.6170410432
510.0 56.999688
512.0 57.3858759072
514.0 57.7447296
516.0 58.0126081056
518.0 58.1801222976
520.0 58.28148
522.0 58.3325754336
524.0 58.308798192
526.0 58.1637794496
528.0 57.903671808
530.0 57.590514
532.0 57.257888976
534.0 56.905796736
536.0 56.527347648
538.0 56.131193808
540.0 55.707882
542.0 55.252925952
544.0 54.791320608
546.0 54.3725271168
548.0 53.9946548352
550.0 53.594928
552.0 53.1425836032
554.0 52.644158784
556.0 52.1144261952
558.0 51.553994688
560.0 50.981274
562.0 50.409835104
564.0 49.8349834368
566.0 49.2386297088
568.0 48.627823776
570.0 48.057186
572.0 47.55408264
574.0 47.0998636224
576.0 46.6521496992
578.0 46.2076082112
580.0 45.784008
582.0 45.3884630112
584.0 44.9995032288
586.0 44.5766560704
588.0 44.1198254016
590.0 43.681068
592.0 43.2848981376
594.0 42.9157099968
596.0 42.5423079648
598.0 42.1626091296
600.0 41.778408
602.0 41.3912106816
604.0 40.9943198112
606.0 40.5738760128
608.0 40.133468304
610.0 39.725538
612.0 39.376570128
614.0 39.064533888
616.0 38.7410736768
618.0 38.4070226592
620.0 38.083242
622.0 37.7795854752
624.0 37.499946528
626.0 37.253201568
628.0 37.0414335072
630.0 36.85152
632.0 36.6773244672
634.0 36.524823264
636.0 36.4055525184
638.0 36.3196083648
640.0 36.260694
642.0 36.2250762048
644.0 36.2145975552
646.0 36.2340006816
648.0 36.2811385824
650.0 36.340806
652.0 36.4049917344
654.0 36.4777334304
656.0 36.569045088
658.0 36.6785101248
660.0 36.80145
662.0 36.9363105408
664.0 37.0836525312
666.0 37.2434599488
668.0 37.4169184512
670.0 37.612584
672.0 37.8343019712
674.0 38.0811751104
676.0 38.3511525504
678.0 38.6411900352
680.0 38.944446
682.0 39.2564501952
684.0 39.567156576
686.0 39.85892448
688.0 40.1323948032
690.0 40.40649
692.0 40.6948611552
694.0 41.0000077632
696.0 41.3185170528
698.0 41.6533371456
700.0 42.078828
702.0 42.6324660096
704.0 43.237968528
706.0 43.7337977184
708.0 44.1170054592
710.0 44.5623
712.0 45.1525331712
714.0 45.820779408
716.0 46.4329312224
718.0 46.9881234048
720.0 47.556486
722.0 48.1708969728
724.0 48.8119371744
726.0 49.4425948608
728.0 50.0644081824
730.0 50.730924
732.0 51.4678101984
734.0 52.2365168832
736.0 52.9577812416
738.0 53.631699408
740.0 54.32595
742.0 55.072433616
744.0 55.8590212992
746.0 56.6621440992
748.0 57.479719104
750.0 58.311522
752.0 59.153258784
754.0 59.9923038048
756.0 60.8110324224
758.0 61.6064644704
760.0 62.357178
762.0 63.0494418144
764.0 63.7207323072
766.0 64.4552632128
768.0 65.2503748128
770.0 65.972232
772.0 66.5616173639
774.0 67.0641094962
776.0 67.5693488951
778.0 68.1131665534
780.0 68.665998
