380.0 1.141596
382.0 1.44166964018
384.0 1.7695333282
386.0 2.15101149308
388.0 2.59523092318
390.0 3.084312
392.0 3.60824448
394.0 4.1542558272
396.0 4.6964698656
398.0 5.2317782496
400.0 5.768064
402.0 6.3036768096
404.0 6.857667312
406.0 7.4781507744
408.0 8.1492009312
410.0 8.76225
412.0 9.2604344832
414.0 9.6310486176
416.0 9.8605374528
418.0 9.952554096
420.0 9.973944
422.0 9.96433056
424.0 9.9457125312
426.0 9.9494137056
428.0 9.9846629856
430.0 10.024014
432.0 10.0540399776
434.0 10.0720812
436.0 10.0710076992
438.0 10.0496658624
440.0 10.014
442.0 9.9686726304
444.0 9.9184103616
446.0 9.8703271392
448.0 9.8286528768
450.0 9.803706
452.0 9.8010142368
454.0 9.8189913696
456.0 9.8521096704
458.0 9.89863872
460.0 9.953916
462.0 10.014
464.0 10.0749492096
466.0 10.132004976
468.0 10.1828600736
470.0 10.224294
472.0 10.2538393056
474.0 10.2744120672
476.0 10.2940555296
478.0 10.3112635872
480.0 10.31442
482.0 10.2976445472
484.0 10.260504624
486.0 10.2028400064
488.0 10.1241059328
490.0 10.034028
492.0 9.9380057568
494.0 9.82894128
496.0 9.6911326176
498.0 9.5260858752
500.0 9.353076
502.0 9.1820849472
504.0 9.0107253792
506.0 8.8328446944
508.0 8.650653984
510.0 8.46183
512.0 8.266116384
514.0 8.0719729632
516.0 7.8950376
518.0 7.7371048032
520.0 7.590612
522.0 7.4529475392
524.0 7.323358368
526.0 7.1981913792
528.0 7.079657664
530.0 6.979758
532.0 6.906215184
534.0 6.8612403072
536.0 6.8456344896
538.0 6.8625381216
540.0 6.919674
542.0 7.0214803296
544.0 7.1652813696
546.0 7.3436106816
548.0 7.5569489376
550.0 7.81092
552.0 8.1087603936
554.0 8.448451296
556.0 8.8252821216
558.0 9.24252144
560.0 9.703566
562.0 10.209313056
564.0 10.7762977248
566.0 11.4392405472
568.0 12.1969558656
570.0 12.978144
572.0 13.7442390336
574.0 14.5304421792
576.0 15.4167052128
578.0 16.396683264
580.0 17.364276
582.0 18.264574656
584.0 19.1375871648
586.0 20.0727986304
588.0 21.0622619424
590.0 22.020786
592.0 22.9070009664
594.0 23.7331159104
596.0 24.5255998368
598.0 25.281985296
600.0 26.026386
602.0 26.769985584
604.0 27.491794704
606.0 28.1490816192
608.0 28.7382893568
610.0 29.270922
612.0 29.7526675008
614.0 30.1844070912
616.0 30.5695054752
618.0 30.9134102688
620.0 31.223652
622.0 31.5067197408
624.0 31.7727556704
626.0 32.036708688
628.0 32.3034496032
630.0 32.565528
632.0 32.8208930112
634.0 33.0758254176
636.0 33.3393778752
638.0 33.6125758176
640.0 33.89739
642.0 34.1937082656
644.0 34.4969962752
646.0 34.799371008
648.0 35.0984611488
650.0 35.379462
652.0 35.6353717728
654.0 35.8768133184
656.0 36.1263621984
658.0 36.3865819968
660.0 36.65124
662.0 36.9181251168
664.0 37.1911788576
666.0 37.4763295104
668.0 37.77360912
670.0 38.073228
672.0 38.371004304
674.0 38.6708955648
676.0 38.9799516384
678.0 39.2980763904
680.0 39.635412
682.0 39.9958519104
684.0 40.3665621792
686.0 40.7228042208
688.0 41.0632001088
690.0 41.387862
692.0 41.7006512928
694.0 42.0106206432
696.0 42.3300912768
698.0 42.6639340032
700.0 43.080228
702.0 43.6140623232
704.0 44.2005462528
706.0 44.6998202592
708.0 45.1086157728
710.0 45.573714
712.0 46.1640112608
714.0 46.818814704
716.0 47.4176679264
718.0 47.9587443744
720.0 48.507816
722.0 49.0965751104
724.0 49.70428872
726.0 50.2897632384
728.0 50.855978832
730.0 51.47196
732.0 52.170616752
734.0 52.9105151616
736.0 53.6064801504
738.0 54.2579028672
740.0 54.916776
742.0 55.6057872672
744.0 56.3255775648
746.0 57.0821072256
748.0 57.8717231424
750.0 58.651998
752.0 59.3992987584
754.0 60.114923232
756.0 60.8084367936
758.0 61.4786217408
760.0 62.116842
762.0 62.7194765088
764.0 63.3064891776
766.0 63.9180481632
768.0 64.5538971072
770.0 65.171112
772.0 65.7503031311
774.0 66.2937749662
776.0 66.8054621162
778.0 67.2965460697
780.0 67.774752
