380.0 0.620868
382.0 0.802169352207
384.0 1.00100488302
386.0 1.23201753278
388.0 1.50847936839
390.0 1.842576
392.0 2.2393867584
394.0 2.692243872
396.0 3.1855575456
398.0 3.7144249248
400.0 4.245936
402.0 4.7608478688
404.0 5.2792045536
406.0 5.8491693888
408.0 6.4651024896
410.0 7.079898
412.0 7.6680642816
414.0 8.2254515328
416.0 8.7491596992
418.0 9.2346384192
420.0 9.683538
422.0 10.0978452192
424.0 10.4817259008
426.0 10.8428547744
428.0 11.1848208576
430.0 11.5161
432.0 11.8414188096
434.0 12.1606971744
436.0 12.4716919584
438.0 12.7740827136
440.0 13.058256
442.0 13.3189244256
444.0 13.5609267552
446.0 13.7954786688
448.0 14.021682912
450.0 14.229894
452.0 14.41495272
454.0 14.5772115648
456.0 14.718256752
458.0 14.8364539968
460.0 14.930874
462.0 15.0006835968
464.0 15.0426142176
466.0 15.0508176864
468.0 15.02420448
470.0 14.97093
472.0 14.894342928
474.0 14.7884989536
476.0 14.642390688
478.0 14.4551529216
480.0 14.229894
482.0 13.9684725216
484.0 13.6710807552
486.0 13.3378949472
488.0 12.9705173376
490.0 12.577584
492.0 12.1661127456
494.0 11.7300471072
496.0 11.2519226688
498.0 10.737731808
500.0 10.234308
502.0 9.765893136
504.0 9.3232102464
506.0 8.8830909408
508.0 8.4478744896
510.0 8.0112
512.0 7.5703276416
514.0 7.1400140448
516.0 6.7499326944
518.0 6.401269248
520.0 6.078498
522.0 5.774392848
524.0 5.4830735712
526.0 5.1914018016
528.0 4.8985123296
530.0 4.626468
532.0 4.3857955296
534.0 4.1696533536
536.0 3.9643743648
538.0 3.7700867424
540.0 3.585012
542.0 3.4079805024
544.0 3.2453210976
546.0 3.1107810048
548.0 3.0044884032
550.0 2.914074
552.0 2.8332089472
554.0 2.7633192384
556.0 2.7077375328
558.0 2.6649577248
560.0 2.633682
562.0 2.6125644768
564.0 2.5989774816
566.0 2.588899392
568.0 2.5805036544
570.0 2.573598
572.0 2.5671249504
574.0 2.5590015936
576.0 2.5469527488
578.0 2.5293441312
580.0 2.5035
582.0 2.4679783392
584.0 2.421465312
586.0 2.3620061856
588.0 2.2903059456
590.0 2.213094
592.0 2.1341676576
594.0 2.0537992992
596.0 1.971476208
598.0 1.8881917728
600.0 1.80252
602.0 1.7141885088
604.0 1.6254244128
606.0 1.5399609312
608.0 1.4586953184
610.0 1.381932
612.0 1.3100875584
614.0 1.2433222176
616.0 1.18125144
618.0 1.12397136
620.0 1.071498
622.0 1.023751248
624.0 0.9808432608
626.0 0.9430944864
628.0 0.9100883424
630.0 0.881232
632.0 0.8561729664
634.0 0.8331487776
636.0 0.8087626848
638.0 0.7831428672
640.0 0.761064
642.0 0.7448493312
644.0 0.7343226144
646.0 0.7290512448
648.0 0.7289711328
650.0 0.731022
652.0 0.7336977408
654.0 0.7377994752
656.0 0.7450896672
658.0 0.7557285408
660.0 0.771078
662.0 0.7919391648
664.0 0.8174468256
666.0 0.8455180704
668.0 0.876345168
670.0 0.911274
672.0 0.951169776
674.0 0.996513168
676.0 1.0478809824
678.0 1.1055295776
680.0 1.171638
682.0 1.2471675936
684.0 1.3297470432
686.0 1.4145536064
688.0 1.5012347904
690.0 1.592226
692.0 1.6908598944
694.0 1.7936756352
696.0 1.8897940128
698.0 1.9818427008
700.0 2.122968
702.0 2.3408245728
704.0 2.5989774816
706.0 2.8177473312
708.0 2.9968777632
710.0 3.224508
712.0 3.5431614912
714.0 3.9125579232
716.0 4.250262048
718.0 4.5577479264
720.0 4.896846
722.0 5.2987839264
724.0 5.7483244032
726.0 6.2119165248
728.0 6.6928288608
730.0 7.240122
732.0 7.8783262368
734.0 8.5760216448
736.0 9.2666191296
738.0 9.952393872
740.0 10.694952
742.0 11.523229968
744.0 12.4301458752
746.0 13.4021127264
748.0 14.4370155648
750.0 15.511686
752.0 16.6110950208
754.0 17.737517808
756.0 18.9029230944
758.0 20.1016389504
760.0 21.309792
762.0 22.5140516064
764.0 23.717878608
766.0 24.933017424
768.0 26.1591476064
770.0 27.378276
772.0 28.5831040566
774.0 29.7925915652
776.0 31.043691393
778.0 32.3400874656
780.0 33.657054
