380.0 0.510714
382.0 0.63778903432
384.0 0.779953183005
386.0 0.950827862584
388.0 1.15813372331
390.0 1.40196
392.0 1.6813586112
394.0 1.9909274016
396.0 2.3192744448
398.0 2.662201872
400.0 3.0042
402.0 3.33506256
404.0 3.663361536
406.0 4.012329408
408.0 4.377479904
410.0 4.726608
412.0 5.04264984
414.0 5.326166208
416.0 5.5819317792
418.0 5.8086327168
420.0 6.0084
422.0 6.1837171008
424.0 6.3380288352
426.0 6.4762060128
428.0 6.6010365312
430.0 6.719394
432.0 6.8353641312
434.0 6.9473286624
436.0 7.049856
438.0 7.1430102336
440.0 7.230108
442.0 7.3126073376
444.0 7.3876722816
446.0 7.4497590816
448.0 7.4988677376
450.0 7.540542
452.0 7.5769769376
454.0 7.6076117664
456.0 7.6320138816
458.0 7.6487092224
460.0 7.650696
462.0 7.6339686144
464.0 7.5970850496
466.0 7.5385392
468.0 7.457786304
470.0 7.36029
472.0 7.248373536
474.0 7.1205788736
476.0 6.9745346976
478.0 6.809760336
480.0 6.619254
482.0 6.399907344
484.0 6.1561745952
486.0 5.8971404544
488.0 5.6246955648
490.0 5.337462
492.0 5.0373143808
494.0 4.7263195968
496.0 4.4040450432
498.0 4.0750731264
500.0 3.765264
502.0 3.4883328384
504.0 3.2371016064
506.0 2.9934970368
508.0 2.75825616
510.0 2.533542
512.0 2.320123632
514.0 2.1223591488
516.0 1.9497017664
518.0 1.8018951264
520.0 1.672338
522.0 1.5573933024
524.0 1.4529753216
526.0 1.3513772832
528.0 1.2513814848
530.0 1.161624
532.0 1.0860303168
534.0 1.0215401568
536.0 0.9625617024
538.0 0.9089988192
540.0 0.861204
542.0 0.8191932672
544.0 0.784456704
546.0 0.760423104
548.0 0.7470924672
550.0 0.741036
552.0 0.7405232832
554.0 0.7458747648
556.0 0.7579075872
558.0 0.7767178848
560.0 0.80112
562.0 0.8303929248
564.0 0.8674687584
566.0 0.9185802144
568.0 0.9832466208
570.0 1.05147
572.0 1.1177546688
574.0 1.1850006816
576.0 1.2603059616
578.0 1.3419080448
580.0 1.421988
582.0 1.4960435328
584.0 1.5624563808
586.0 1.61946408
588.0 1.6659130176
590.0 1.70238
592.0 1.7288810496
594.0 1.7462653536
596.0 1.757016384
598.0 1.7610700512
600.0 1.75245
602.0 1.7288650272
604.0 1.693087008
606.0 1.6499226624
608.0 1.6009101408
610.0 1.55217
612.0 1.5074995488
614.0 1.4648639424
616.0 1.4181746688
618.0 1.3681687584
620.0 1.321848
622.0 1.2826091424
624.0 1.248465408
626.0 1.2151708608
628.0 1.1827575456
630.0 1.15161
632.0 1.1219525376
634.0 1.0942658304
636.0 1.0695432672
638.0 1.0481373408
640.0 1.031442
642.0 1.0200981408
644.0 1.0134648672
646.0 1.0101802752
648.0 1.0100841408
650.0 1.011414
652.0 1.0133687328
654.0 1.0174544448
656.0 1.0267634592
658.0 1.0415521344
660.0 1.061484
662.0 1.0866551904
664.0 1.1161364064
666.0 1.147524288
668.0 1.1813635968
670.0 1.221708
672.0 1.2708487008
674.0 1.329218304
676.0 1.3969610112
678.0 1.4742050016
680.0 1.562184
682.0 1.6610261856
684.0 1.767911616
686.0 1.8777772128
688.0 1.9896936768
690.0 2.10294
692.0 2.2200957888
694.0 2.3381648544
696.0 2.4459635616
698.0 2.5469847936
700.0 2.713794
702.0 2.9834349696
704.0 3.30502056
706.0 3.5686851744
708.0 3.7732431552
710.0 4.025628
712.0 4.3772876352
714.0 4.7848814688
716.0 5.1603664128
718.0 5.5058253792
720.0 5.888232
722.0 6.3406725312
724.0 6.844128384
726.0 7.3583352672
728.0 7.886145168
730.0 8.471844
732.0 9.137895168
734.0 9.8606175648
736.0 10.5890599584
738.0 11.3256897984
740.0 12.126954
742.0 13.0189370304
744.0 13.987475088
746.0 15.0046090848
748.0 16.0658847936
750.0 17.163996
752.0 18.2911558176
754.0 19.4390646432
756.0 20.599519008
758.0 21.7687055808
760.0 22.93206
762.0 24.0826605888
764.0 25.2361452096
766.0 26.4256802304
768.0 27.653380608
770.0 28.900404
772.0 30.1578772166
774.0 31.4301730698
776.0 32.7252113782
778.0 34.0423840572
780.0 35.369448
