380.0 1.992786
382.0 2.55177556786
384.0 3.17306712652
386.0 3.91155978134
388.0 4.80406932774
390.0 5.868204
392.0 7.1073123264
394.0 8.4979444896
396.0 9.9909597888
398.0 11.5638948192
400.0 13.11834
402.0 14.5912471872
404.0 16.0253801664
406.0 17.540041728
408.0 19.1077374336
410.0 20.568756
412.0 21.8382748416
414.0 22.9015853952
416.0 23.7483692352
418.0 24.3760627776
420.0 24.83472
422.0 25.1593979136
424.0 25.3797700032
426.0 25.5393370848
428.0 25.660434384
430.0 25.756008
432.0 25.83852336
434.0 25.9173695904
436.0 25.9959754848
438.0 26.0802052416
440.0 26.166582
442.0 26.2558908576
444.0 26.3533390944
446.0 26.464438416
448.0 26.593899408
450.0 26.757408
452.0 26.964016848
454.0 27.2118192864
456.0 27.49323672
458.0 27.8099354784
460.0 28.159368
462.0 28.5387944544
464.0 28.9579724832
466.0 29.4391411776
468.0 29.97871152
470.0 30.532686
472.0 31.078008384
474.0 31.6234749696
476.0 32.1910684896
478.0 32.778065136
480.0 33.376662
482.0 33.981267264
484.0 34.5910958304
486.0 35.2075096032
488.0 35.8242918912
490.0 36.420918
492.0 36.9836727552
494.0 37.510761648
496.0 38.0065427712
498.0 38.466497808
500.0 38.864334
502.0 39.188467152
504.0 39.4537820736
506.0 39.6902406528
508.0 39.9013357728
510.0 40.096056
512.0 40.2794644128
514.0 40.4417553024
516.0 40.559824368
518.0 40.6302107712
520.0 40.666854
522.0 40.6770762912
524.0 40.6433972064
526.0 40.5301669056
528.0 40.34199984
530.0 40.136112
532.0 39.942401184
534.0 39.7543622976
536.0 39.5541303648
538.0 39.3472811808
540.0 39.124698
542.0 38.8832724768
544.0 38.6455321056
546.0 38.4550578144
548.0 38.315727024
550.0 38.193396
552.0 38.073388224
554.0 37.9658939424
556.0 37.8876245184
558.0 37.83970152
560.0 37.832892
562.0 37.872226992
564.0 37.9483814592
566.0 38.0414555808
568.0 38.1475078464
570.0 38.273508
572.0 38.4186869664
574.0 38.5748412768
576.0 38.7329342976
578.0 38.8857879936
580.0 39.00453
582.0 39.0734102976
584.0 39.0998152128
586.0 39.1041252384
588.0 39.086564688
590.0 39.044586
592.0 38.978413488
594.0 38.8886560032
596.0 38.7737593728
598.0 38.6352297024
600.0 38.483802
602.0 38.3267183904
604.0 38.1580185408
606.0 37.9615678944
608.0 37.7406350208
610.0 37.532472
612.0 37.3556968608
614.0 37.1963701152
616.0 37.0238088672
618.0 36.8376926688
620.0 36.65124
622.0 36.4707797088
624.0 36.2921940384
626.0 36.1077762144
628.0 35.9202500448
630.0 35.739966
632.0 35.5728844128
634.0 35.4240683616
636.0 35.301673248
638.0 35.2065963264
640.0 35.129112
642.0 35.0647179744
644.0 35.0120523456
646.0 34.9678625664
648.0 34.9328215776
650.0 34.918818
652.0 34.9317801216
654.0 34.9707145536
656.0 35.0331538464
658.0 35.1197709408
660.0 35.219238
662.0 35.3261394528
664.0 35.4515948448
666.0 35.6184040512
668.0 35.8269836544
670.0 36.060414
672.0 36.3115010304
674.0 36.5805491712
676.0 36.8658280032
678.0 37.1657352864
680.0 37.512444
682.0 37.9190284224
684.0 38.3554946208
686.0 38.7643221792
688.0 39.140640288
690.0 39.495216
692.0 39.838175472
694.0 40.172723184
696.0 40.4981701728
698.0 40.8219187872
700.0 41.267694
702.0 41.8965411552
704.0 42.6092815968
706.0 43.1959257504
708.0 43.6490071776
710.0 44.141712
712.0 44.7559146816
714.0 45.4259554272
716.0 46.022821872
718.0 46.5505516608
720.0 47.105856
722.0 47.7354882528
724.0 48.4163441184
726.0 49.1004685536
728.0 49.7881499616
730.0 50.52063
732.0 51.3151647936
734.0 52.1369056224
736.0 52.9189269216
738.0 53.6579921664
740.0 54.396048
742.0 55.1537633184
744.0 55.9241203104
746.0 56.6930513088
748.0 57.462575136
750.0 58.261452
752.0 59.09982408
754.0 59.9589291456
756.0 60.805729008
758.0 61.6316677056
760.0 62.407248
762.0 63.1153419456
764.0 63.7695205152
766.0 64.4057700192
768.0 65.0261733696
770.0 65.601714
772.0 66.1226912288
774.0 66.6099153171
776.0 67.0994375849
778.0 67.6048410409
780.0 68.115228
