380.0 1.842576
382.0 2.34967162078
384.0 2.90972242349
386.0 3.56859892942
388.0 4.35674308529
390.0 5.287392
392.0 6.3609889344
394.0 7.5510687168
396.0 8.8052220768
398.0 10.1014983264
400.0 11.355876
402.0 12.5159938944
404.0 13.6160117664
406.0 14.7515352768
408.0 15.904555248
410.0 16.97373
412.0 17.905672896
414.0 18.6835283712
416.0 19.2845766624
418.0 19.7084652768
420.0 19.997958
422.0 20.1827283168
424.0 20.289886128
426.0 20.3604648
428.0 20.4132105408
430.0 20.458602
432.0 20.5067012448
434.0 20.5612895616
436.0 20.6171917152
438.0 20.6792785152
440.0 20.749008
442.0 20.8286873952
444.0 20.927417424
446.0 21.0604514112
448.0 21.23128224
450.0 21.42996
452.0 21.653232144
454.0 21.907908192
456.0 22.2047712192
458.0 22.5471538848
460.0 22.93206
462.0 23.3573265408
464.0 23.8353388224
466.0 24.3916525728
468.0 25.0221981024
470.0 25.675896
472.0 26.3263413504
474.0 26.9813530848
476.0 27.6610393152
478.0 28.363733712
480.0 29.09067
482.0 29.841559776
484.0 30.6163709952
486.0 31.416081024
488.0 32.2354345152
490.0 33.056214
492.0 33.8641114752
494.0 34.6564191552
496.0 35.4380719392
498.0 36.2000972832
500.0 36.891576
502.0 37.4876573472
504.0 38.0071356
506.0 38.4914286624
508.0 38.9423951328
510.0 39.375048
512.0 39.7978310688
514.0 40.1895146592
516.0 40.5028807584
518.0 40.7353337376
520.0 40.927218
522.0 41.0975200896
524.0 41.2290159264
526.0 41.2883148288
528.0 41.2782367392
530.0 41.217624
532.0 41.1173718432
534.0 40.9873500672
536.0 40.8450070656
538.0 40.6968479328
540.0 40.526658
542.0 40.3290537408
544.0 40.121852064
546.0 39.9363447168
548.0 39.776889792
550.0 39.625398
552.0 39.474867552
554.0 39.3350240448
556.0 39.221793744
558.0 39.1369070688
560.0 39.074628
562.0 39.0314796768
564.0 39.0118682592
566.0 39.0251668512
568.0 39.0672096288
570.0 39.114684
572.0 39.1538107008
574.0 39.1829874912
576.0 39.2039928576
578.0 39.2122764384
580.0 39.20481
582.0 39.1792702944
584.0 39.1305782208
586.0 39.0507386016
588.0 38.9391425856
590.0 38.80425
592.0 38.6510598336
594.0 38.4785466528
596.0 38.2831695072
598.0 38.0664665472
600.0 37.842906
602.0 37.6218449472
604.0 37.3914909024
606.0 37.1231637696
608.0 36.82067688
610.0 36.541086
612.0 36.312686688
614.0 36.1146818688
616.0 35.902112688
618.0 35.6757482208
620.0 35.44956
622.0 35.2291238208
624.0 35.0215536288
626.0 34.8439293024
628.0 34.6963149312
630.0 34.5483
632.0 34.3854803712
634.0 34.2171009696
636.0 34.061940048
638.0 33.9216959808
640.0 33.79725
642.0 33.6904126368
644.0 33.603058512
646.0 33.5361169248
648.0 33.49122216
650.0 33.466788
652.0 33.462141504
654.0 33.482890512
656.0 33.5400584352
658.0 33.6334530048
660.0 33.74718
662.0 33.8734685568
664.0 34.0165325664
666.0 34.1852163936
668.0 34.3791675456
670.0 34.59837
672.0 34.8437370336
674.0 35.1111188448
676.0 35.3899246272
678.0 35.6788084992
680.0 36.010344
682.0 36.3979739232
684.0 36.8134187328
686.0 37.2025066944
688.0 37.5612962976
690.0 37.90299
692.0 38.2394443776
694.0 38.5718771328
696.0 38.8941036192
698.0 39.2129493792
700.0 39.665454
702.0 40.3185750912
704.0 41.0602680096
706.0 41.6552598336
708.0 42.0966609312
710.0 42.569514
712.0 43.1613494112
714.0 43.8181236096
716.0 44.434681584
718.0 45.0138432768
720.0 45.623784
722.0 46.2961960608
724.0 47.0020148256
726.0 47.6837999904
728.0 48.342064272
730.0 49.028544
732.0 49.768538544
734.0 50.5402414176
736.0 51.29811696
738.0 52.0417806336
740.0 52.82385
742.0 53.6675735616
744.0 54.5412750336
746.0 55.3837007808
748.0 56.1920949504
750.0 56.989674
752.0 57.7840005024
754.0 58.5827652096
756.0 59.4089602656
758.0 60.2571380544
760.0 61.065372
762.0 61.8024184224
764.0 62.4765128352
766.0 63.1090771872
768.0 63.7039568544
770.0 64.269852
772.0 64.8151620414
774.0 65.3591215248
776.0 65.9327689821
778.0 66.5402299131
780.0 67.163898
