380.0 0.60084
382.0 0.739510652188
384.0 0.884909332456
386.0 1.04141529237
388.0 1.21495114693
390.0 1.411974
392.0 1.6344129792
394.0 1.87341912
396.0 2.1112075584
398.0 2.3432279328
400.0 2.563584
402.0 2.7673408608
404.0 2.954690784
406.0 3.1308250272
408.0 3.2936286336
410.0 3.434802
412.0 3.5506279296
414.0 3.6404655264
416.0 3.7031611776
418.0 3.7407657504
420.0 3.765264
422.0 3.7839461184
424.0 3.79891104
426.0 3.811488624
428.0 3.8242424544
430.0 3.835362
432.0 3.8447511264
434.0 3.8564154336
436.0 3.876779904
438.0 3.90706224
440.0 3.945516
442.0 3.991820736
444.0 4.0460405376
446.0 4.107101904
448.0 4.1755816416
450.0 4.25595
452.0 4.3503059136
454.0 4.457992464
456.0 4.5776637696
458.0 4.70938392
460.0 4.846776
462.0 4.98617088
464.0 5.1343460352
466.0 5.306138208
468.0 5.4996567552
470.0 5.697966
472.0 5.8913243232
474.0 6.077937216
476.0 6.256987536
478.0 6.4251105792
480.0 6.579198
482.0 6.7163978112
484.0 6.8359088928
486.0 6.9390130368
488.0 7.0233068832
490.0 7.079898
492.0 7.1042200032
494.0 7.096000512
496.0 7.0558804224
498.0 6.9849172128
500.0 6.889632
502.0 6.7742226528
504.0 6.6412207104
506.0 6.4939748544
508.0 6.3352088928
510.0 6.15861
512.0 5.9626079808
514.0 5.7574251264
516.0 5.5610385696
518.0 5.3756594016
520.0 5.197266
522.0 5.0248489536
524.0 4.8546429984
526.0 4.6767142464
528.0 4.4921842656
530.0 4.316034
532.0 4.1560343136
534.0 4.0120730496
536.0 3.8828203488
538.0 3.7693657344
540.0 3.665124
542.0 3.5672431584
544.0 3.4805619744
546.0 3.4144215072
548.0 3.3699753696
550.0 3.344676
552.0 3.3376902336
554.0 3.350363952
556.0 3.3844275744
558.0 3.4399772352
560.0 3.514914
562.0 3.6072510912
564.0 3.719359824
566.0 3.857633136
568.0 4.0196676672
570.0 4.185852
572.0 4.3448422752
574.0 4.5023424672
576.0 4.6737501024
578.0 4.855668432
580.0 5.027028
582.0 5.176196544
584.0 5.3061542304
586.0 5.4261780288
588.0 5.5339607136
590.0 5.617854
592.0 5.6720738016
594.0 5.7003853824
596.0 5.711344704
598.0 5.705336304
600.0 5.677938
602.0 5.628508896
604.0 5.5592280384
606.0 5.4719860704
608.0 5.369667024
610.0 5.267364
612.0 5.173472736
614.0 5.0840837664
616.0 4.9885421952
618.0 4.8881618592
620.0 4.786692
622.0 4.6860392832
624.0 4.5899689728
626.0 4.5059635296
628.0 4.4346958944
630.0 4.366104
632.0 4.2954612384
634.0 4.2266930976
636.0 4.167506352
638.0 4.117997136
640.0 4.075698
642.0 4.039727712
644.0 4.0093973088
646.0 3.9827200128
648.0 3.96033672
650.0 3.945516
652.0 3.940228608
654.0 3.946637568
656.0 3.96834792
658.0 4.005680112
660.0 4.05567
662.0 4.116795456
664.0 4.1877266208
666.0 4.2658358208
668.0 4.351123056
670.0 4.446216
672.0 4.552925184
674.0 4.6720997952
676.0 4.8044608416
678.0 4.9502646816
680.0 5.117154
682.0 5.3082852096
684.0 5.5149581472
686.0 5.7200448672
688.0 5.9224238016
690.0 6.128568
692.0 6.3446140416
694.0 6.568302768
696.0 6.7897643808
698.0 7.0117547328
700.0 7.31022
702.0 7.7245913088
704.0 8.1905387232
706.0 8.5692441696
708.0 8.8601628864
710.0 9.222894
712.0 9.7336240224
714.0 10.3267091808
716.0 10.8692276448
718.0 11.3623009824
720.0 11.876604
722.0 12.4462964544
724.0 13.0652898336
726.0 13.7216154048
728.0 14.4168433632
730.0 15.181224
732.0 16.0294178112
734.0 16.9179560256
736.0 17.7570811584
738.0 18.5479468224
740.0 19.387104
742.0 20.3211458304
744.0 21.3351394368
746.0 22.3979052288
748.0 23.5068796224
750.0 24.654468
752.0 25.8310088544
754.0 27.0228030336
756.0 28.2132353088
758.0 29.3960248992
760.0 30.5427
762.0 31.6386802272
764.0 32.7134788416
766.0 33.831217488
768.0 34.9935945408
770.0 36.15054
772.0 37.2798882935
774.0 38.3906756714
776.0 39.4986111389
778.0 40.6133950707
780.0 41.728338
