380.0 0.640896
382.0 0.797549841301
384.0 0.963527646132
386.0 1.14465666171
388.0 1.35176005757
390.0 1.60224
392.0 1.903140672
394.0 2.2447061952
396.0 2.606203584
398.0 2.9804548032
400.0 3.344676
402.0 3.6840784992
404.0 4.0008573696
406.0 4.3078305312
408.0 4.6000951296
410.0 4.866804
412.0 5.1024774816
414.0 5.2992005088
416.0 5.44240872
418.0 5.5343132064
420.0 5.597826
422.0 5.6462296704
424.0 5.6868464544
426.0 5.7305395392
428.0 5.7810261216
430.0 5.828148
432.0 5.8677073056
434.0 5.9020433088
436.0 5.9340240192
438.0 5.9647069152
440.0 5.998386
442.0 6.0377690592
444.0 6.0834489216
446.0 6.1353614976
448.0 6.1947885792
450.0 6.25875
452.0 6.3259319232
454.0 6.4025830848
456.0 6.5009766432
458.0 6.6204076128
460.0 6.749436
462.0 6.8813323968
464.0 7.0139818464
466.0 7.1450130336
468.0 7.2713496576
470.0 7.390332
472.0 7.4991881856
474.0 7.5963640416
476.0 7.6817153664
478.0 7.7522299488
480.0 7.800906
482.0 7.8229688448
484.0 7.8159510336
486.0 7.7778818112
488.0 7.7072230272
490.0 7.600626
492.0 7.4582349312
494.0 7.2814117248
496.0 7.0706370528
498.0 6.8310380832
500.0 6.589212
502.0 6.3597391872
504.0 6.13938312
506.0 5.9172165216
508.0 5.6949057216
510.0 5.467644
512.0 5.2334606016
514.0 4.9991650464
516.0 4.7780078592
518.0 4.5708222048
520.0 4.376118
522.0 4.1936549088
524.0 4.016975904
526.0 3.8317088928
528.0 3.638526816
530.0 3.45483
532.0 3.289879392
534.0 3.1426816032
536.0 3.0097117056
538.0 2.8929885216
540.0 2.793906
542.0 2.7134575296
544.0 2.6540464704
546.0 2.619742512
548.0 2.61125064
550.0 2.623668
552.0 2.654591232
554.0 2.7071286816
556.0 2.7875130624
558.0 2.8951355232
560.0 3.024228
562.0 3.1703202432
564.0 3.33426144
566.0 3.5205058176
568.0 3.7246311936
570.0 3.925488
572.0 4.1102102496
574.0 4.2813775488
576.0 4.449660816
578.0 4.6102212864
580.0 4.746636
582.0 4.8499965024
584.0 4.9175469408
586.0 4.9464673728
588.0 4.9367577984
590.0 4.896846
592.0 4.8318911904
594.0 4.7456426112
596.0 4.64409264
598.0 4.5299971296
600.0 4.396146
602.0 4.2410331456
604.0 4.0717404672
606.0 3.8990189952
608.0 3.7265538816
610.0 3.564984
612.0 3.4206061536
614.0 3.28939872
616.0 3.1599857952
618.0 3.0324955584
620.0 2.914074
622.0 2.8078615104
624.0 2.7108458784
626.0 2.6174513088
628.0 2.527613712
630.0 2.443416
632.0 2.36570736
634.0 2.2951447104
636.0 2.2334584704
638.0 2.180808864
640.0 2.132982
642.0 2.087878944
644.0 2.0483356608
646.0 2.0202483936
648.0 2.0033287392
650.0 1.992786
652.0 1.9863449952
654.0 1.9833968736
656.0 1.9827079104
658.0 1.9846305984
660.0 1.992786
662.0 2.0089045344
664.0 2.0348448
666.0 2.0743560384
668.0 2.127213936
670.0 2.183052
672.0 2.237047488
674.0 2.2925170368
676.0 2.3560778976
678.0 2.4282427872
680.0 2.513514
682.0 2.6142628512
684.0 2.7265798752
686.0 2.8417649088
688.0 2.9592411456
690.0 3.084312
692.0 3.2217681696
694.0 3.3659537472
696.0 3.5013910944
698.0 3.6307719744
700.0 3.815334
702.0 4.0866893664
704.0 4.4037085728
706.0 4.6767943584
708.0 4.9048892448
710.0 5.187252
712.0 5.5717415328
714.0 6.008480112
716.0 6.3956293632
718.0 6.7354003776
720.0 7.10994
722.0 7.5604738656
724.0 8.0695856256
726.0 8.5986773184
728.0 9.1505047968
730.0 9.773664
732.0 10.4914194528
734.0 11.26615056
736.0 12.0202768608
738.0 12.753509952
740.0 13.538928
742.0 14.411027232
744.0 15.3507890592
746.0 16.3207531104
748.0 17.3202464448
750.0 18.355662
752.0 19.4259102528
754.0 20.5309271136
756.0 21.6788199168
758.0 22.8671532576
760.0 24.0336
762.0 25.1467402176
764.0 26.2558427904
766.0 27.465277632
768.0 28.772705472
770.0 30.09207
772.0 31.3825957412
774.0 32.6452258708
776.0 33.8825826959
778.0 35.1072083059
780.0 36.320778
