380.0 1.121568
382.0 1.4620480631
384.0 1.83589994889
386.0 2.26855197281
388.0 2.7891300982
390.0 3.434802
392.0 4.2193067712
394.0 5.1202142784
396.0 6.0907230912
398.0 7.1117985984
400.0 8.101326
402.0 9.0090109824
404.0 9.8606335872
406.0 10.7323322592
408.0 11.6100072864
410.0 12.41736
412.0 13.1154719904
414.0 13.6963801248
416.0 14.1505670976
418.0 14.4796671936
420.0 14.72058
422.0 14.8972910496
424.0 15.0264155712
426.0 15.1313783136
428.0 15.2234910912
430.0 15.301392
432.0 15.3674523552
434.0 15.4255816224
436.0 15.476116272
438.0 15.5224850976
440.0 15.57177
442.0 15.6290340576
444.0 15.695623152
446.0 15.7707521856
448.0 15.856728384
450.0 15.962316
452.0 16.091776992
454.0 16.2421952832
456.0 16.4069055552
458.0 16.585106688
460.0 16.77345
462.0 16.968442608
464.0 17.1736414848
466.0 17.3995092576
468.0 17.6412712512
470.0 17.87499
472.0 18.0861331872
474.0 18.2718968928
476.0 18.4325374752
478.0 18.5631841248
480.0 18.656082
482.0 18.7065846048
484.0 18.7155571488
486.0 18.6873737472
488.0 18.6211691904
490.0 18.515886
492.0 18.3725816544
494.0 18.1874428224
496.0 17.9503273248
498.0 17.665336896
500.0 17.364276
502.0 17.064096336
504.0 16.7607282144
506.0 16.4422029024
508.0 16.111083984
510.0 15.762036
512.0 15.393360576
514.0 15.0156645408
516.0 14.6489758944
518.0 14.2951211904
520.0 13.949502
522.0 13.6114453824
524.0 13.2737412576
526.0 12.91846056
528.0 12.548263008
530.0 12.197052
532.0 11.883493632
534.0 11.601579504
536.0 11.334726432
538.0 11.088221808
540.0 10.875204
542.0 10.703283648
544.0 10.5814172736
546.0 10.524794112
548.0 10.5346318656
550.0 10.594812
552.0 10.6968586656
554.0 10.8394099584
556.0 11.020447056
558.0 11.237951136
560.0 11.496072
562.0 11.79328752
564.0 12.1304468832
566.0 12.515176752
568.0 12.9385366272
570.0 13.348662
572.0 13.7152224672
574.0 14.0465336544
576.0 14.3707629408
578.0 14.6799952608
580.0 14.940888
582.0 15.1360728768
584.0 15.2671521312
586.0 15.341448
588.0 15.359312976
590.0 15.32142
592.0 15.230252544
594.0 15.0968179968
596.0 14.9400548352
598.0 14.7640647936
600.0 14.560356
602.0 14.3281754016
604.0 14.0696539776
606.0 13.782628704
608.0 13.4728035552
610.0 13.178424
612.0 12.9197103072
614.0 12.6856070208
616.0 12.4488119712
618.0 12.2103826368
620.0 11.976744
622.0 11.7502994208
624.0 11.5353749472
626.0 11.34225696
628.0 11.171137728
630.0 11.005386
632.0 10.83755136
634.0 10.672680864
636.0 10.5202117056
638.0 10.3814897664
640.0 10.26435
642.0 10.1727178944
644.0 10.1032768128
646.0 10.0484161152
648.0 10.007270592
650.0 9.973944
652.0 9.94550424
654.0 9.9263895168
656.0 9.9262613376
658.0 9.9457926432
660.0 9.983958
662.0 10.0404049152
664.0 10.1132427456
666.0 10.1981133984
668.0 10.2950489184
670.0 10.404546
672.0 10.5272134944
674.0 10.6666083744
676.0 10.8293639136
678.0 11.0156082912
680.0 11.225694
682.0 11.4591884352
684.0 11.70957048
686.0 11.9642144832
688.0 12.221165712
690.0 12.487458
692.0 12.770173248
694.0 13.0601145984
696.0 13.3319025696
698.0 13.5882289248
700.0 13.939488
702.0 14.4415819488
704.0 15.0094798944
706.0 15.461936448
708.0 15.7978941312
710.0 16.202652
712.0 16.7642050752
714.0 17.4154515456
716.0 18.0218513184
718.0 18.5840773344
720.0 19.166796
722.0 19.8011388384
724.0 20.4754896096
726.0 21.1670965056
728.0 21.8788435584
730.0 22.661682
732.0 23.5410073344
734.0 24.4730623872
736.0 25.3655100672
738.0 26.2180299264
740.0 27.127926
742.0 28.1392759104
744.0 29.2229028672
746.0 30.3238179936
748.0 31.436509584
750.0 32.5455
752.0 33.639108912
754.0 34.723024272
756.0 35.8187641632
758.0 36.9261363168
760.0 38.013144
762.0 39.0625631328
764.0 40.1045318496
766.0 41.2040209824
768.0 42.3572172
770.0 43.470774
772.0 44.5023394261
774.0 45.4745726018
776.0 46.4332661596
778.0 47.4013828817
780.0 48.36762
