380.0 1.512114
382.0 1.95568954427
384.0 2.44733489505
386.0 3.02718892419
388.0 3.72921559322
390.0 4.586412
392.0 5.6087052096
394.0 6.77226792
396.0 8.0287285056
398.0 9.351393648
400.0 10.634868
402.0 11.812033728
404.0 12.904280736
406.0 13.9899265152
408.0 15.0463474368
410.0 15.962316
412.0 16.6816736928
414.0 17.2076730624
416.0 17.5571696736
418.0 17.7365404416
420.0 17.784864
422.0 17.7312530496
424.0 17.6033462304
426.0 17.4389243616
428.0 17.2542982464
430.0 17.053842
432.0 16.8437242464
434.0 16.6227433056
436.0 16.3774243392
438.0 16.1100745728
440.0 15.842148
442.0 15.5852608608
444.0 15.3286621248
446.0 15.0476292288
448.0 14.7442450848
450.0 14.450202
452.0 14.1803367168
454.0 13.9264137216
456.0 13.67151336
458.0 13.4125272864
460.0 13.148382
462.0 12.8773791264
464.0 12.587437776
466.0 12.2566072608
468.0 11.8841185056
470.0 11.506086
472.0 11.1397178016
474.0 10.770818064
476.0 10.3707547584
478.0 9.9396240192
480.0 9.483258
482.0 9.0052777632
484.0 8.51109888
486.0 8.0111038656
488.0 7.5093624096
490.0 7.0098
492.0 6.5180565216
494.0 6.032593824
496.0 5.5430133696
498.0 5.055627984
500.0 4.616454
502.0 4.248179136
504.0 3.9384981888
506.0 3.6594680928
508.0 3.409005936
510.0 3.174438
512.0 2.947480704
514.0 2.7359369568
516.0 2.560459632
518.0 2.4189337728
520.0 2.293206
522.0 2.1741916128
524.0 2.0596634976
526.0 1.94592048
528.0 1.8324177984
530.0 1.732422
532.0 1.6530470304
534.0 1.5905116032
536.0 1.5359553312
538.0 1.4909804544
540.0 1.462044
542.0 1.4530874784
544.0 1.4662578912
546.0 1.5045674496
548.0 1.57099632
550.0 1.662324
552.0 1.77968808
554.0 1.9308273792
556.0 2.1273100704
558.0 2.3783971008
560.0 2.683752
562.0 3.0469317408
564.0 3.497770032
566.0 4.0898938464
568.0 4.8317309664
570.0 5.65791
572.0 6.5357132064
574.0 7.515226608
576.0 8.6995703712
578.0 10.0848670752
580.0 11.536128
582.0 12.9795539712
584.0 14.4701659104
586.0 16.13535792
588.0 17.9532434016
590.0 19.747608
592.0 21.4278610656
594.0 23.0141587776
596.0 24.5611214976
598.0 26.0575335456
600.0 27.5385
602.0 29.0174316096
604.0 30.4481998848
606.0 31.742857872
608.0 32.8920805344
610.0 33.907404
612.0 34.7949007584
614.0 35.5709617248
616.0 36.2722621728
618.0 36.9085757664
620.0 37.482402
622.0 37.9986597504
624.0 38.4620756256
626.0 38.8737551712
628.0 39.2387294208
630.0 39.5553
632.0 39.8253094848
634.0 40.0622006688
636.0 40.2882126432
638.0 40.5080880384
640.0 40.716924
642.0 40.9139354304
644.0 41.0998112928
646.0 41.2721482272
648.0 41.432965056
650.0 41.588142
652.0 41.74155648
654.0 41.8974704544
656.0 42.0626774208
658.0 42.2399973216
660.0 42.419304
662.0 42.5968962816
664.0 42.7845185856
666.0 43.0037050176
668.0 43.2558975936
670.0 43.530858
672.0 43.8239717856
674.0 44.1331880832
676.0 44.4528189408
678.0 44.78020464
680.0 45.133098
682.0 45.518116272
684.0 45.915151344
686.0 46.2867268224
688.0 46.6303752576
690.0 46.955646
692.0 47.2734342816
694.0 47.5855346112
696.0 47.8848811104
698.0 48.1776904704
700.0 48.607956
702.0 49.2451828704
704.0 49.96865832
706.0 50.5269428256
708.0 50.9130506208
710.0 51.311736
712.0 51.8101447968
714.0 52.3691022432
716.0 52.914616896
718.0 53.44912416
720.0 54.005502
722.0 54.598170576
724.0 55.2010454208
726.0 55.7631913248
728.0 56.284448064
730.0 56.82945
732.0 57.430610448
734.0 58.0593935136
736.0 58.6550743008
738.0 59.2197036768
740.0 59.813622
742.0 60.4633623648
744.0 61.1505951456
746.0 61.8415931904
748.0 62.530940928
750.0 63.198354
752.0 63.830597904
754.0 64.4331523008
756.0 65.0256766752
758.0 65.6093887296
760.0 66.152484
762.0 66.6383472576
764.0 67.1063134944
766.0 67.6390903392
768.0 68.2333451328
770.0 68.776152
772.0 69.2165539591
774.0 69.5789771973
776.0 69.912013744
778.0 70.2444087048
780.0 70.568658
