380.0 2.894046
382.0 3.68274603349
384.0 4.57000559904
386.0 5.64198511432
388.0 6.98638813045
390.0 8.71218
392.0 10.875684672
394.0 13.4842435488
396.0 16.5247182624
398.0 19.9769846784
400.0 23.592984
402.0 27.2203111584
404.0 30.9798391392
406.0 35.1762338784
408.0 39.7255059552
410.0 44.231838
412.0 48.4625206752
414.0 52.298795952
416.0 55.5852785952
418.0 58.268101296
420.0 60.404448
422.0 62.037451008
424.0 63.2440819296
426.0 64.1720993376
428.0 64.876940736
430.0 65.411448
432.0 65.821781664
434.0 66.129812304
436.0 66.3313901184
438.0 66.4472801376
440.0 66.502974
442.0 66.5193008256
444.0 66.4964528832
446.0 66.4166453088
448.0 66.296124816
450.0 66.202554
452.0 66.172672224
454.0 66.2063673312
456.0 66.2920070592
458.0 66.429110736
460.0 66.603114
462.0 66.801631536
464.0 67.0111885056
466.0 67.2133110816
468.0 67.398385824
470.0 67.554444
472.0 67.674291552
474.0 67.7566947552
476.0 67.8042011712
478.0 67.818573264
480.0 67.814808
482.0 67.801749744
484.0 67.7799112128
486.0 67.7466006432
488.0 67.7009528256
490.0 67.654584
492.0 67.6121086176
494.0 67.5499417056
496.0 67.421938752
498.0 67.2299583552
500.0 67.003674
502.0 66.7621042752
504.0 66.5224091712
506.0 66.3120350592
508.0 66.1405953792
510.0 66.022302
512.0 65.9637080832
514.0 65.951563104
516.0 65.9555046144
518.0 65.9656948608
520.0 65.99226
522.0 66.0354724128
524.0 66.0599065728
526.0 66.0031071648
528.0 65.8609083648
530.0 65.681826
532.0 65.4906307008
534.0 65.2837654944
536.0 65.0534434944
538.0 64.8070350048
540.0 64.550244
542.0 64.2863070048
544.0 64.0316630016
546.0 63.8178921408
548.0 63.6452828256
550.0 63.458718
552.0 63.2309435616
554.0 62.9829648768
556.0 62.7591159264
558.0 62.558339232
560.0 62.357178
562.0 62.145842544
564.0 61.923451632
566.0 61.685278656
568.0 61.432124736
570.0 61.195554
572.0 60.990226944
574.0 60.8024123712
576.0 60.6039749472
578.0 60.3904284
580.0 60.164112
582.0 59.926660032
584.0 59.6641970976
586.0 59.3489724
588.0 58.9857285696
590.0 58.641984
592.0 58.3511614176
594.0 58.0973345568
596.0 57.844709376
598.0 57.5911709184
600.0 57.33015
602.0 57.0591471264
604.0 56.7725865024
606.0 56.4589800672
608.0 56.1222052416
610.0 55.82805
612.0 55.6092481056
614.0 55.4339950944
616.0 55.2338112288
618.0 55.0079915232
620.0 54.786594
622.0 54.5833178112
624.0 54.3992364576
626.0 54.2389323456
628.0 54.1041679392
630.0 53.985474
632.0 53.8780918752
634.0 53.784633216
636.0 53.7104334816
638.0 53.6549158656
640.0 53.614956
642.0 53.5884229056
644.0 53.5755569184
646.0 53.5781365248
648.0 53.5959374112
650.0 53.614956
652.0 53.6292640032
654.0 53.651647296
656.0 53.7071328672
658.0 53.797290912
660.0 53.915376
662.0 54.058295808
664.0 54.2210994144
666.0 54.3927313632
668.0 54.5725828032
670.0 54.766566
672.0 54.9785103072
674.0 55.2114119136
676.0 55.4695968672
678.0 55.7526485856
680.0 56.0784
682.0 56.4533882496
684.0 56.85108024
686.0 57.2201722464
688.0 57.5561139072
690.0 57.88092
692.0 58.2072642432
694.0 58.53263112
696.0 58.849233744
698.0 59.1591550272
700.0 59.53323
702.0 60.0081018912
704.0 60.5144738208
706.0 60.9042187008
708.0 61.1776569792
710.0 61.505988
712.0 61.9700447712
714.0 62.5113936
716.0 63.012974832
718.0 63.4715839872
720.0 63.919362
722.0 64.3698798432
724.0 64.814853936
726.0 65.243132688
728.0 65.6593625952
730.0 66.0924
732.0 66.5569374432
734.0 67.0500428256
736.0 67.562615424
738.0 68.0909059968
740.0 68.635956
742.0 69.1967720448
744.0 69.7463403648
746.0 70.2328765632
748.0 70.6569574464
750.0 71.079372
752.0 71.5284157824
754.0 72.003544032
756.0 72.5052694656
758.0 73.0310925888
760.0 73.522788
762.0 73.9488556608
764.0 74.3307335424
766.0 74.7195491232
768.0 75.112450416
770.0 75.465504
772.0 75.7605545794
774.0 76.0066895383
776.0 76.2194973685
778.0 76.414327836
780.0 76.597086
