380.0 2.05287
382.0 2.70587165149
384.0 3.43794530356
386.0 4.31856845236
388.0 5.41125097833
390.0 6.789492
392.0 8.4870492576
394.0 10.4994947424
396.0 12.8038042656
398.0 15.3722270304
400.0 18.005172
402.0 20.5767832224
404.0 23.15597304
406.0 25.9389998304
408.0 28.86315192
410.0 31.634226
412.0 34.087415664
414.0 36.1730194272
416.0 37.842265104
418.0 39.0746760672
420.0 39.935832
422.0 40.4727906912
424.0 40.7372884704
426.0 40.8155098272
428.0 40.7457803424
430.0 40.5567
432.0 40.2744814464
434.0 39.9146984544
436.0 39.4782803232
438.0 38.9735907456
440.0 38.423718
442.0 37.8439314336
444.0 37.202650896
446.0 36.4264937952
448.0 35.5244006304
450.0 34.608384
452.0 33.7350189984
454.0 32.8903180704
456.0 32.0387435328
458.0 31.179750624
460.0 30.302364
462.0 29.40070344
464.0 28.4579294016
466.0 27.4415164128
468.0 26.3549573568
470.0 25.275336
472.0 24.2420033568
474.0 23.2340662176
476.0 22.20384192
478.0 21.1535095104
480.0 20.098098
482.0 19.0456826784
484.0 17.9971608
486.0 16.9534135968
488.0 15.9192798336
490.0 14.910846
492.0 13.9407537696
494.0 13.0028665632
496.0 12.0752336928
498.0 11.165930448
500.0 10.344462
502.0 9.644042784
504.0 9.0428342688
506.0 8.494115136
508.0 7.9933670688
510.0 7.520514
512.0 7.0625457408
514.0 6.631831584
516.0 6.2612014272
518.0 5.9477391936
520.0 5.667924
522.0 5.4099473376
524.0 5.1671919552
526.0 4.9272404928
528.0 4.68935592
530.0 4.476258
532.0 4.3000116
534.0 4.157492352
536.0 4.0406409888
538.0 3.9520531392
540.0 3.895446
542.0 3.8741041632
544.0 3.8912481312
546.0 3.9508674816
548.0 4.0575446208
550.0 4.215894
552.0 4.4313472128
554.0 4.7106817344
556.0 5.0621491008
558.0 5.4951384384
560.0 6.0084
562.0 6.6034879584
564.0 7.312142688
566.0 8.1944481888
568.0 9.2554034496
570.0 10.404546
572.0 11.5944335136
574.0 12.88241016
576.0 14.391880464
578.0 16.1156343456
580.0 17.885004
582.0 19.6092385536
584.0 21.3578111328
586.0 23.289840192
588.0 25.3831827744
590.0 27.43836
592.0 29.3544147264
594.0 31.1586331008
596.0 32.9187097632
598.0 34.624486512
600.0 36.310764
602.0 37.991353536
604.0 39.6216167136
606.0 41.115160752
608.0 42.4618274496
610.0 43.671054
612.0 44.7482239296
614.0 45.7038479328
616.0 46.562215968
618.0 47.3343514464
620.0 48.047172
622.0 48.7169243424
624.0 49.344345504
626.0 49.9227220992
628.0 50.4555470112
630.0 50.92119
632.0 51.3117840672
634.0 51.6491356992
636.0 51.9735572544
638.0 52.291265424
640.0 52.603542
642.0 52.912614096
644.0 53.2132103424
646.0 53.4899652576
648.0 53.7436479168
650.0 53.97546
652.0 54.1867473888
654.0 54.3894948384
656.0 54.6073514112
658.0 54.843553632
660.0 55.077
662.0 55.298429568
664.0 55.5194745984
666.0 55.7617012416
668.0 56.0258785728
670.0 56.298708
672.0 56.5757673408
674.0 56.8577615808
676.0 57.1419829344
678.0 57.4286557152
680.0 57.760752
682.0 58.1565533472
684.0 58.5822364704
686.0 58.9715487456
688.0 59.316767376
690.0 59.63337
692.0 59.933149104
694.0 60.2029022304
696.0 60.4102481088
698.0 60.5644156416
700.0 60.825036
702.0 61.2697216896
704.0 61.8059914176
706.0 62.2389807552
708.0 62.56186416
710.0 62.877906
712.0 63.233843616
714.0 63.608287104
716.0 63.96582696
718.0 64.308225648
720.0 64.660398
722.0 65.032998912
724.0 65.4072661536
726.0 65.7471493248
728.0 66.0529368288
730.0 66.34275
732.0 66.6270995328
734.0 66.914188896
736.0 67.218294048
738.0 67.5440614848
740.0 67.89492
742.0 68.2720392288
744.0 68.6713975488
746.0 69.0835577664
748.0 69.5016943392
750.0 69.927762
752.0 70.3584120672
754.0 70.768056768
756.0 71.1135638016
758.0 71.3930745696
760.0 71.610114
762.0 71.7685595136
764.0 71.9047178688
766.0 72.090786
768.0 72.3336214944
770.0 72.581472
772.0 72.8114807582
774.0 73.0317033566
776.0 73.2543396643
778.0 73.4876650593
780.0 73.723068
