380.0 0.560784
382.0 0.673268990882
384.0 0.799589209171
386.0 0.950545515698
388.0 1.13701397691
390.0 1.371918
392.0 1.6591836096
394.0 1.9889566464
396.0 2.3416577376
398.0 2.7070005024
400.0 3.05427
402.0 3.3628774464
404.0 3.6316532064
406.0 3.8707554816
408.0 4.0737432672
410.0 4.215894
412.0 4.2871616352
414.0 4.2934584384
416.0 4.2458719104
418.0 4.1528939232
420.0 4.045656
422.0 3.9434811552
424.0 3.8537717376
426.0 3.78208752
428.0 3.7323700128
430.0 3.695166
432.0 3.6651560448
434.0 3.6427887744
436.0 3.6294421152
438.0 3.623225424
440.0 3.615054
442.0 3.600874176
444.0 3.5832335136
446.0 3.5673713376
448.0 3.554889888
450.0 3.55497
452.0 3.572674752
454.0 3.6055046496
456.0 3.6467302848
458.0 3.6966400608
460.0 3.75525
462.0 3.8217750048
464.0 3.8994676224
466.0 3.996307008
468.0 4.1105947872
470.0 4.225908
472.0 4.3337067072
474.0 4.435641216
476.0 4.5365342688
478.0 4.6356167904
480.0 4.736622
482.0 4.8408637344
484.0 4.9458104544
486.0 5.046975888
488.0 5.1423412128
490.0 5.227308
492.0 5.2989601728
494.0 5.3555352672
496.0 5.3952067296
498.0 5.4179104704
500.0 5.427588
502.0 5.4266426784
504.0 5.4160678944
506.0 5.3971774848
508.0 5.3715096
510.0 5.337462
512.0 5.294922528
514.0 5.2487139264
516.0 5.2073120448
518.0 5.1716141376
520.0 5.137182
522.0 5.1027178176
524.0 5.0669878656
526.0 5.0259384768
528.0 4.9817807424
530.0 4.946916
532.0 4.9291471584
534.0 4.929932256
536.0 4.9487105088
538.0 4.9883979936
540.0 5.05707
542.0 5.1594371136
544.0 5.292519168
546.0 5.4482248512
548.0 5.6279641344
550.0 5.838162
552.0 6.0828400704
554.0 6.3640331904
556.0 6.6843530112
558.0 7.0467156096
560.0 7.450416
562.0 7.8939000096
564.0 8.3877264
566.0 8.9550475392
568.0 9.5932677984
570.0 10.244322
572.0 10.8758609184
574.0 11.5169972544
576.0 12.2355217824
578.0 13.0235835264
580.0 13.789278
582.0 14.4843457344
584.0 15.1329485088
586.0 15.7928470752
588.0 16.457247936
590.0 17.07387
592.0 17.617510032
594.0 18.0991754208
596.0 18.5423389824
598.0 18.9456227904
600.0 19.317006
602.0 19.6613433984
604.0 19.964070624
606.0 20.193511392
608.0 20.3511077184
610.0 20.468616
612.0 20.5631641824
614.0 20.634127392
616.0 20.6772917376
618.0 20.6976882528
620.0 20.698938
622.0 20.6843095488
624.0 20.6605323072
626.0 20.6380368576
628.0 20.6199635904
630.0 20.598798
632.0 20.5719765024
634.0 20.5465489536
636.0 20.5343398848
638.0 20.5356376992
640.0 20.548728
642.0 20.5730500032
644.0 20.6004162624
646.0 20.6134905408
648.0 20.6133303168
650.0 20.618826
652.0 20.6399275008
654.0 20.6799835008
656.0 20.744361504
658.0 20.8347919296
660.0 20.939274
662.0 21.0523761216
664.0 21.1786005888
666.0 21.3262630272
668.0 21.4957800192
670.0 21.690324
672.0 21.9121220832
674.0 22.15577472
676.0 22.4084800128
678.0 22.6693086624
680.0 22.962102
682.0 23.2968259584
684.0 23.65627248
686.0 24.0077718912
688.0 24.3485683392
690.0 24.68451
692.0 25.0239926112
694.0 25.362978528
696.0 25.683746976
698.0 25.9919057952
700.0 26.43696
702.0 27.0928850112
704.0 27.8417078976
706.0 28.43455272
708.0 28.8665486688
710.0 29.351034
712.0 29.9893984608
714.0 30.7157579424
716.0 31.3998343104
718.0 32.0448320448
720.0 32.725752
722.0 33.4783561728
724.0 34.2785468736
726.0 35.0776640736
728.0 35.8763486688
730.0 36.741366
732.0 37.7042641728
734.0 38.7165433824
736.0 39.6794415552
738.0 40.591869168
740.0 41.538072
742.0 42.55589496
744.0 43.6274250048
746.0 44.7215145888
748.0 45.835920576
750.0 46.935618
752.0 47.999665584
754.0 49.0535870112
756.0 50.1577546848
758.0 51.3063044064
760.0 52.433304
762.0 53.5078622784
764.0 54.528312912
766.0 55.4908746144
768.0 56.398687776
770.0 57.320136
772.0 58.2888740693
774.0 59.2874203189
776.0 60.275427279
778.0 61.2396950987
780.0 62.196954
