380.0 0.380532
382.0 0.457879484371
384.0 0.543548037359
386.0 0.64290715618
388.0 0.766466768612
390.0 0.931302
392.0 1.145361264
394.0 1.402600896
396.0 1.6881360864
398.0 1.9962949056
400.0 2.313234
402.0 2.6277376896
404.0 2.9343583584
406.0 3.2309009376
408.0 3.5101233024
410.0 3.75525
412.0 3.9581096064
414.0 4.1156578656
416.0 4.224065424
418.0 4.28839536
420.0 4.336062
422.0 4.384049088
424.0 4.44100872
426.0 4.5169388736
428.0 4.6159092384
430.0 4.736622
432.0 4.8765936864
434.0 5.0295595392
436.0 5.1844961472
438.0 5.3354752224
440.0 5.467644
442.0 5.5723664064
444.0 5.649017568
446.0 5.700529584
448.0 5.7272229024
450.0 5.738022
452.0 5.7377976864
454.0 5.7271908576
456.0 5.7062816256
458.0 5.6750699904
460.0 5.627868
462.0 5.5616313984
464.0 5.4766485888
466.0 5.3741372736
468.0 5.2541294976
470.0 5.117154
472.0 4.9639638336
474.0 4.7957606784
476.0 4.614290976
478.0 4.421221056
480.0 4.215894
482.0 3.999110928
484.0 3.7760310528
486.0 3.5550981792
488.0 3.3384913536
490.0 3.124368
492.0 2.9131767456
494.0 2.7060071136
496.0 2.5023143424
498.0 2.3040531648
500.0 2.122968
502.0 1.9648589568
504.0 1.8266817792
506.0 1.7013866112
508.0 1.5883325568
510.0 1.482072
512.0 1.3794805728
514.0 1.2839069568
516.0 1.2033463296
518.0 1.137350064
520.0 1.081512
522.0 1.0334448
524.0 0.9913379328
526.0 0.9519228288
528.0 0.914558592
530.0 0.881232
532.0 0.852952464
534.0 0.8301525888
536.0 0.8138257632
538.0 0.8043885696
540.0 0.80112
542.0 0.8036675616
544.0 0.8130887328
546.0 0.831482448
548.0 0.8588166624
550.0 0.891246
552.0 0.9269118624
554.0 0.967672848
556.0 1.0173903552
558.0 1.0761925632
560.0 1.141596
562.0 1.2119824032
564.0 1.2891302592
566.0 1.3773015264
568.0 1.475342592
570.0 1.572198
572.0 1.66152288
574.0 1.7472266976
576.0 1.8392593632
578.0 1.9356020544
580.0 2.022828
582.0 2.0938232544
584.0 2.1495491616
586.0 2.1934825824
588.0 2.2248544416
590.0 2.243136
592.0 2.2481670336
594.0 2.240812752
596.0 2.2228997088
598.0 2.1951008448
600.0 2.15301
602.0 2.0953614048
604.0 2.0273623392
606.0 1.9582256832
608.0 1.8898741248
610.0 1.822548
612.0 1.7570484288
614.0 1.6936638144
616.0 1.6312565664
618.0 1.5701471328
620.0 1.512114
622.0 1.4581505568
624.0 1.4071993248
626.0 1.356776832
628.0 1.3070112576
630.0 1.261764
632.0 1.2230538816
634.0 1.1887979904
636.0 1.1543818752
638.0 1.1198375808
640.0 1.091526
642.0 1.0725715008
644.0 1.0591126848
646.0 1.0431223296
648.0 1.024792704
650.0 1.011414
652.0 1.006286832
654.0 1.0083537216
656.0 1.0158361824
658.0 1.0286060352
660.0 1.041456
662.0 1.0519186272
664.0 1.063166352
666.0 1.0817042688
668.0 1.1075644224
670.0 1.141596
672.0 1.1847122784
674.0 1.231481664
676.0 1.2697912224
678.0 1.300377984
680.0 1.341876
682.0 1.40316168
684.0 1.4804216928
686.0 1.5657409728
688.0 1.658158176
690.0 1.75245
692.0 1.847623056
694.0 1.9405049088
696.0 2.022187104
698.0 2.0950409568
700.0 2.213094
702.0 2.4046738368
704.0 2.6340184704
706.0 2.8224739392
708.0 2.970392736
710.0 3.164424
712.0 3.446177904
714.0 3.7784985024
716.0 4.0856158656
718.0 4.3687797408
720.0 4.676538
722.0 5.0332286688
724.0 5.4306963456
726.0 5.8508677632
728.0 6.2963705952
730.0 6.799506
732.0 7.3770814752
734.0 8.00238768
736.0 8.617888176
738.0 9.2258260992
740.0 9.893832
742.0 10.6545435072
744.0 11.491826064
746.0 12.3720806976
748.0 13.2948908256
750.0 14.259936
752.0 15.2619608736
754.0 16.3068616896
756.0 17.416188576
758.0 18.5837889312
760.0 19.72758
762.0 20.8080184992
764.0 21.86336592
766.0 22.9739745984
768.0 24.1420235808
770.0 25.355448
772.0 26.6083121318
774.0 27.8849052079
776.0 29.151229689
778.0 30.4014981919
780.0 31.64424
