380.0 0.670938
382.0 0.896774647946
384.0 1.15797541587
386.0 1.48622885452
388.0 1.90965818568
390.0 2.463444
392.0 3.1630460736
394.0 4.0091409504
396.0 4.9977230304
398.0 6.1121290176
400.0 7.250136
402.0 8.3481350496
404.0 9.4221165216
406.0 10.5327892896
408.0 11.6553186336
410.0 12.687738
412.0 13.5774458496
414.0 14.3174083488
416.0 14.9054464512
418.0 15.3469436832
420.0 15.701952
422.0 16.0083483552
424.0 16.2863209728
426.0 16.560592416
428.0 16.843628112
430.0 17.133954
432.0 17.430929184
434.0 17.7296828544
436.0 18.0169324416
438.0 18.2889607488
440.0 18.535914
442.0 18.7520882208
444.0 18.9401110848
446.0 19.1083302624
448.0 19.2580916352
450.0 19.387104
452.0 19.4953833792
454.0 19.5903160992
456.0 19.6846239456
458.0 19.7785632768
460.0 19.867776
462.0 19.9492018368
464.0 20.0154865056
466.0 20.0528186976
468.0 20.0584746048
470.0 20.038014
472.0 19.9936639968
474.0 19.9234858848
476.0 19.824996192
478.0 19.6983230976
480.0 19.547328
482.0 19.3738694976
484.0 19.176088992
486.0 18.9501411072
488.0 18.6959937984
490.0 18.415746
492.0 18.1120574304
494.0 17.7823324608
496.0 17.4187040928
498.0 17.0254983744
500.0 16.633254
502.0 16.2580254144
504.0 15.8945893152
506.0 15.529070304
508.0 15.1637435616
510.0 14.790678
512.0 14.4067652736
514.0 14.026970304
516.0 13.6806301056
518.0 13.369250784
520.0 13.078284
522.0 12.8018976
524.0 12.5338748928
526.0 12.258898464
528.0 11.9785385088
530.0 11.726394
532.0 11.5201376448
534.0 11.3522549376
536.0 11.2043521632
538.0 11.0782558752
540.0 10.985358
542.0 10.9302890112
544.0 10.9115908704
546.0 10.9274530464
548.0 10.9762732992
550.0 11.045442
552.0 11.1278452032
554.0 11.2267514784
556.0 11.35106928
558.0 11.4994206816
560.0 11.66631
562.0 11.8469465376
564.0 12.0419872128
566.0 12.2563188576
568.0 12.4843656768
570.0 12.697752
572.0 12.8799587328
574.0 13.0351677216
576.0 13.1780394624
578.0 13.304440176
580.0 13.398732
582.0 13.453128048
584.0 13.4670194688
586.0 13.440470352
588.0 13.3740895488
590.0 13.278564
592.0 13.1601905088
594.0 13.0186646496
596.0 12.8512786368
598.0 12.6600833376
600.0 12.447402
602.0 12.2163429696
604.0 11.9679637248
606.0 11.7008542944
608.0 11.419404816
610.0 11.145582
612.0 10.891546848
614.0 10.6529893344
616.0 10.417283808
618.0 10.1859363744
620.0 9.96393
622.0 9.7534917984
624.0 9.5560157184
626.0 9.3744819264
628.0 9.2087301984
630.0 9.052656
632.0 8.9034233664
634.0 8.7609521856
636.0 8.6249540544
638.0 8.4957814656
640.0 8.381718
642.0 8.2873300416
644.0 8.2085318784
646.0 8.1357901824
648.0 8.0697458496
650.0 8.021214
652.0 7.9950814656
654.0 7.9887365952
656.0 7.9973246016
658.0 8.0206211712
660.0 8.051256
662.0 8.0851914432
664.0 8.1295414464
666.0 8.200023984
668.0 8.2967031456
670.0 8.401746
672.0 8.5074778176
674.0 8.6197467744
676.0 8.7487270944
678.0 8.8945790016
680.0 9.072684
682.0 9.2900118336
684.0 9.5289859296
686.0 9.753796224
688.0 9.9622957152
690.0 10.174224
692.0 10.4032321632
694.0 10.6413090048
696.0 10.8651419328
698.0 11.0795376672
700.0 11.395932
702.0 11.8702431072
704.0 12.4196992704
706.0 12.86799
708.0 13.2124555776
710.0 13.61904
712.0 14.1658684896
714.0 14.7923763744
716.0 15.3790045056
718.0 15.9271628544
720.0 16.493058
722.0 17.1040882464
724.0 17.756504352
726.0 18.4426956768
728.0 19.1646169536
730.0 19.957902
732.0 20.8401594336
734.0 21.7662541536
736.0 22.6420866048
738.0 23.4682656384
740.0 24.344034
742.0 25.3159688064
744.0 26.3661089472
746.0 27.4599581952
748.0 28.5960745344
750.0 29.74158
752.0 30.8759018304
754.0 32.020125504
756.0 33.2265000672
758.0 34.4881038432
760.0 35.739966
762.0 36.9500257152
764.0 38.1206382816
766.0 39.25928616
768.0 40.3660654848
770.0 41.477988
772.0 42.6135677805
774.0 43.7619333594
776.0 44.8980690942
778.0 46.0153352714
780.0 47.125884
