380.0 1.231722
382.0 1.52242414608
384.0 1.86621639957
386.0 2.3106870517
388.0 2.90074374651
390.0 3.695166
392.0 4.7218493472
394.0 5.9867056704
396.0 7.4900073504
398.0 9.2086821312
400.0 10.995372
402.0 12.7549199232
404.0 14.5059279072
406.0 16.3318245888
408.0 18.1873306656
410.0 19.887804
412.0 21.3350112576
414.0 22.5216622464
416.0 23.4601743264
418.0 24.1542326496
420.0 24.674496
422.0 25.0686310176
424.0 25.3718068704
426.0 25.6320426912
428.0 25.8711609888
430.0 26.08647
432.0 26.2815747648
434.0 26.4587344416
436.0 26.6092328448
438.0 26.7376844256
440.0 26.857548
442.0 26.9782607616
444.0 27.1034277504
446.0 27.23487552
448.0 27.379237344
450.0 27.548514
452.0 27.750316128
454.0 27.9911648448
456.0 28.2797122464
458.0 28.6168235424
460.0 28.99053
462.0 29.3928684864
464.0 29.824015248
466.0 30.2877515712
468.0 30.7795591392
470.0 31.273722
472.0 31.7571658752
474.0 32.238350592
476.0 32.7370798368
478.0 33.2541867744
480.0 33.787236
482.0 34.3348175424
484.0 34.899110448
486.0 35.4843766752
488.0 36.0881808192
490.0 36.691296
492.0 37.2800070432
494.0 37.863414672
496.0 38.4682122048
498.0 39.0862602624
500.0 39.645426
502.0 40.1118540864
504.0 40.5041785728
506.0 40.8611256
508.0 41.1863482752
510.0 41.528058
512.0 41.9097596352
514.0 42.2983669248
516.0 42.6229967712
518.0 42.8768556768
520.0 43.080228
522.0 43.2404840448
524.0 43.3493562528
526.0 43.3966063104
528.0 43.3840607712
530.0 43.320564
532.0 43.2118199712
534.0 43.0644299136
536.0 42.8894973504
538.0 42.6910599264
540.0 42.45936
542.0 42.1907604864
544.0 41.8969417152
546.0 41.599277568
548.0 41.2992421056
550.0 40.977288
552.0 40.6251797376
554.0 40.2491660544
556.0 39.8596294656
558.0 39.4579799424
560.0 39.0546
562.0 38.6566196064
564.0 38.2545695232
566.0 37.8245763744
568.0 37.3678899072
570.0 36.931632
572.0 36.5383301472
574.0 36.1619319264
576.0 35.7484098048
578.0 35.2944952128
580.0 34.838706
582.0 34.3994038368
584.0 33.9520103616
586.0 33.4476252096
588.0 32.8888119648
590.0 32.335206
592.0 31.8157117248
594.0 31.316421696
596.0 30.8081751456
598.0 30.2916770592
600.0 29.761608
602.0 29.2168143552
604.0 28.6643459808
606.0 28.1167644384
608.0 27.5786200896
610.0 27.077856
612.0 26.6293730016
614.0 26.2153862304
616.0 25.795503216
618.0 25.37026872
620.0 24.964902
622.0 24.591499968
624.0 24.250943856
626.0 23.9453005536
628.0 23.6747943744
630.0 23.43276
632.0 23.2147111584
634.0 23.0162897568
636.0 22.8307663872
638.0 22.656634944
640.0 22.491444
642.0 22.33402392
644.0 22.191344448
646.0 22.0782102816
648.0 21.9954866304
650.0 21.93066
652.0 21.8782827744
654.0 21.8413671648
656.0 21.82491216
658.0 21.8300072832
660.0 21.860562
662.0 21.9180503712
664.0 22.0047155328
666.0 22.1254443168
668.0 22.2784742592
670.0 22.441374
672.0 22.6035687552
674.0 22.771275216
676.0 22.9572792576
678.0 23.1621256416
680.0 23.402718
682.0 23.6862984576
684.0 23.9980623168
686.0 24.308464272
688.0 24.6137871264
690.0 24.914832
692.0 25.2167100384
694.0 25.5147266784
696.0 25.7917699968
698.0 26.05402464
700.0 26.43696
702.0 27.00855912
704.0 27.6708770688
706.0 28.2147093696
708.0 28.6354415712
710.0 29.120712
712.0 29.7590123712
714.0 30.4773926976
716.0 31.1315552448
718.0 31.723230432
720.0 32.34522
722.0 33.040752384
724.0 33.78883824
726.0 34.549742016
728.0 35.324104608
730.0 36.130512
732.0 36.97849752
734.0 37.8511254912
736.0 38.712681984
738.0 39.5643206112
740.0 40.476588
742.0 41.4826825632
744.0 42.5454323328
746.0 43.5889552224
748.0 44.6086688256
750.0 45.643812
752.0 46.7080838976
754.0 47.7879455904
756.0 48.866076864
758.0 49.936132848
760.0 50.961246
762.0 51.922269552
764.0 52.8340883136
766.0 53.7320316768
768.0 54.6192720768
770.0 55.487574
772.0 56.3359338615
774.0 57.1726527212
776.0 58.0090220012
778.0 58.8504601859
780.0 59.693454
