380.0 1.612254
382.0 1.87510200864
384.0 2.19513419286
386.0 2.6244678934
388.0 3.20374220298
390.0 3.975558
392.0 4.9573946496
394.0 6.1480832832
396.0 7.5385552224
398.0 9.1010596704
400.0 10.694952
402.0 12.2279111424
404.0 13.710287568
406.0 15.2108173728
408.0 16.6877141376
410.0 17.965116
412.0 18.9532013856
414.0 19.6625130336
416.0 20.134869408
418.0 20.3833447872
420.0 20.47863
422.0 20.4709072032
424.0 20.4001042176
426.0 20.3172203424
428.0 20.2447189824
430.0 20.17821
432.0 20.1199044864
434.0 20.0679117984
436.0 20.00556864
438.0 19.9350220128
440.0 19.87779
442.0 19.8462579168
444.0 19.833648288
446.0 19.8224806752
448.0 19.8176899776
450.0 19.847748
452.0 19.9278439776
454.0 20.0571447456
456.0 20.2304109792
458.0 20.449309008
460.0 20.708952
462.0 21.005286288
464.0 21.3422694048
466.0 21.7306844256
468.0 22.1676793632
470.0 22.621626
472.0 23.0763897792
474.0 23.5442278368
476.0 24.0526346112
478.0 24.6012255648
480.0 25.175196
482.0 25.7671756128
484.0 26.3803047936
486.0 27.0211046592
488.0 27.6875563872
490.0 28.369662
492.0 29.0586732672
494.0 29.7599416704
496.0 30.4913321856
498.0 31.244961792
500.0 31.954674
502.0 32.588840592
504.0 33.16556688
506.0 33.7235950272
508.0 34.2654565728
510.0 34.828692
512.0 35.4318872928
514.0 36.0446639808
516.0 36.6019070304
518.0 37.0991942592
520.0 37.562514
522.0 38.0027775072
524.0 38.4171167712
526.0 38.804490336
528.0 39.1676540544
530.0 39.495216
532.0 39.7855579104
534.0 40.0530198336
536.0 40.3202734656
538.0 40.5951697824
540.0 40.90719
542.0 41.2720360704
544.0 41.6752878336
546.0 42.08243304
548.0 42.49260648
550.0 42.90999
552.0 43.337147184
554.0 43.7799742752
556.0 44.250904656
558.0 44.7558986592
560.0 45.293322
562.0 45.8622453792
564.0 46.4821199904
566.0 47.1916399296
568.0 47.988209568
570.0 48.798222
572.0 49.580595792
574.0 50.3635944576
576.0 51.2154573984
578.0 52.1270838912
580.0 52.994088
582.0 53.7626504832
584.0 54.4716897504
586.0 55.2088002624
588.0 55.9677332832
590.0 56.67924
592.0 57.3103302912
594.0 57.866660064
596.0 58.3598135136
598.0 58.7893740576
600.0 59.18274
602.0 59.5566867936
604.0 59.898060048
606.0 60.173244768
608.0 60.3860863296
610.0 60.594714
612.0 60.8287852416
614.0 61.0614945792
616.0 61.234568544
618.0 61.3530061248
620.0 61.455918
622.0 61.5641813568
624.0 61.689764928
626.0 61.8533856768
628.0 62.05956192
630.0 62.28708
632.0 62.524371744
634.0 62.7747377664
636.0 63.0459649536
638.0 63.3335349888
640.0 63.618942
642.0 63.8925565248
644.0 64.1536575552
646.0 64.4031743904
648.0 64.6420363296
650.0 64.880706
652.0 65.1235895616
654.0 65.3765672352
656.0 65.6525530752
658.0 65.9501050656
660.0 66.222582
662.0 66.4472801376
664.0 66.646294368
666.0 66.8658493152
668.0 67.1057527104
670.0 67.354164
672.0 67.6070936064
674.0 67.8498489888
676.0 68.0487190176
678.0 68.2048573056
680.0 68.375592
682.0 68.5878727776
684.0 68.8272474336
686.0 69.0644911104
688.0 69.2956302528
690.0 69.507174
692.0 69.6965107008
694.0 69.8526329664
696.0 69.9474855744
698.0 69.9890797248
700.0 70.128042
702.0 70.4385881568
704.0 70.839196224
706.0 71.1560872512
708.0 71.3834611296
710.0 71.620128
712.0 71.9098770816
714.0 72.2237558976
716.0 72.5119668288
718.0 72.7757596224
720.0 73.032102
722.0 73.2879156384
724.0 73.5475586304
726.0 73.8227113056
728.0 74.1143029632
730.0 74.394006
732.0 74.6491306752
734.0 74.8948021344
736.0 75.1603734144
738.0 75.4476069792
740.0 75.75591
742.0 76.0835360352
744.0 76.4248291776
746.0 76.7694549792
748.0 77.1110685696
750.0 77.428248
752.0 77.7095853216
754.0 77.9563623264
756.0 78.1754366016
758.0 78.3712623744
760.0 78.549816
762.0 78.7142218464
764.0 78.8898433728
766.0 79.1265262656
768.0 79.4183742816
770.0 79.691412
772.0 79.9092726359
774.0 80.0598824293
776.0 80.1235756857
778.0 80.117058632
780.0 80.071944
