380.0 1.45203
382.0 1.84459321249
384.0 2.31119524543
386.0 2.92035846059
388.0 3.73926194467
390.0 4.85679
392.0 6.3221506368
394.0 8.1660244512
396.0 10.4231640288
398.0 13.0788928512
400.0 15.932274
402.0 18.8528851392
404.0 21.9044954208
406.0 25.274374656
408.0 28.879815216
410.0 32.355234
412.0 35.496265296
414.0 38.237297376
416.0 40.511596944
418.0 42.301859808
420.0 43.741152
422.0 44.914312128
424.0 45.883426992
426.0 46.7453199552
428.0 47.5409763168
430.0 48.287508
432.0 48.9994152768
434.0 49.6711383744
436.0 50.2701678432
438.0 50.794933488
440.0 51.231624
442.0 51.575224368
444.0 51.8323197984
446.0 52.0153917408
448.0 52.1341497696
450.0 52.22301
452.0 52.3018241856
454.0 52.3764084576
456.0 52.4498230944
458.0 52.5195365568
460.0 52.5735
462.0 52.6029331488
464.0 52.5812388192
466.0 52.459500624
468.0 52.234385904
470.0 51.952632
472.0 51.637952064
474.0 51.2857316448
476.0 50.8855722048
478.0 50.44131912
480.0 49.959846
482.0 49.445607072
484.0 48.89716032
486.0 48.3089619936
488.0 47.6831590944
490.0 47.035758
492.0 46.3771732704
494.0 45.6987207648
496.0 44.9778890112
498.0 44.221503552
500.0 43.470774
502.0 42.747923424
504.0 42.0547303104
506.0 41.3895603744
508.0 40.756258992
510.0 40.136112
512.0 39.52045128
514.0 38.9241295968
516.0 38.3762276064
518.0 37.8758480544
520.0 37.412304
522.0 36.9811572384
524.0 36.5657284512
526.0 36.1304479104
528.0 35.6764051392
530.0 35.259294
532.0 34.9074100512
534.0 34.6084160448
536.0 34.3343368704
538.0 34.0878002016
540.0 33.877362
542.0 33.7058261856
544.0 33.5787525312
546.0 33.5094396288
548.0 33.49522776
550.0 33.506844
552.0 33.5288748
554.0 33.5629544448
556.0 33.6153637152
558.0 33.6850771776
560.0 33.777222
562.0 33.8931280416
564.0 34.0348301472
566.0 34.2080963808
568.0 34.408023888
570.0 34.608384
572.0 34.792881936
574.0 34.9600276128
576.0 35.1139548096
578.0 35.2486070592
580.0 35.34942
582.0 35.4083503872
584.0 35.4254302656
586.0 35.40389616
588.0 35.3436839808
590.0 35.24928
592.0 35.1239367648
594.0 34.9682791488
596.0 34.7816021664
598.0 34.5650914752
600.0 34.327992
602.0 34.0772093952
604.0 33.8026655712
606.0 33.4793976288
608.0 33.1127570496
610.0 32.755794
612.0 32.4361310976
614.0 32.1424244832
616.0 31.846683024
618.0 31.5515023488
620.0 31.263708
622.0 30.9865525248
624.0 30.724634352
626.0 30.4874066976
628.0 30.2762154432
630.0 30.082056
632.0 29.9009708352
634.0 29.7359881824
636.0 29.5921871424
638.0 29.4689268192
640.0 29.371062
642.0 29.3002109472
644.0 29.2471607808
646.0 29.194334928
648.0 29.141060448
650.0 29.09067
652.0 29.045647056
654.0 29.0146917792
656.0 29.0145956448
658.0 29.0476658784
660.0 29.110698
662.0 29.2018013664
664.0 29.3171626464
666.0 29.4489468864
668.0 29.5963529664
670.0 29.751594
672.0 29.9114334624
674.0 30.0882726912
676.0 30.3066740256
678.0 30.565612032
680.0 30.863148
682.0 31.197134928
684.0 31.5436353504
686.0 31.8554632992
688.0 32.1305679072
690.0 32.405304
692.0 32.7027278112
694.0 33.0185293152
696.0 33.3341545728
698.0 33.6538334976
700.0 34.09767
702.0 34.7247707136
704.0 35.4258788928
706.0 35.9719062624
708.0 36.358590864
710.0 36.80145
712.0 37.402610448
714.0 38.0941051872
716.0 38.7413781024
718.0 39.3455187168
720.0 39.965874
722.0 40.6309157568
724.0 41.3238044448
726.0 42.0111974496
728.0 42.696171072
730.0 43.450746
732.0 44.308825632
734.0 45.2224068576
736.0 46.0932563424
738.0 46.9186823232
740.0 47.756766
742.0 48.6345211392
744.0 49.5456349152
746.0 50.479852992
748.0 51.4359256224
750.0 52.42329
752.0 53.4403278624
754.0 54.4645918272
756.0 55.4608326144
758.0 56.4197251872
760.0 57.300108
762.0 58.0816486272
764.0 58.7995803264
766.0 59.5307144832
768.0 60.2821329984
770.0 61.015302
772.0 61.7161531308
774.0 62.4016646919
776.0 63.0978674869
778.0 63.8153018017
780.0 64.54023
