380.0 1.45203
382.0 1.84510646593
384.0 2.30278478869
386.0 2.88297697479
388.0 3.64745282604
390.0 4.686552
392.0 6.0467255808
394.0 7.7471828928
396.0 9.805788912
398.0 12.2005609056
400.0 14.730594
402.0 17.2653216576
404.0 19.8531795936
406.0 22.6533343296
408.0 25.5930441696
410.0 28.33962
412.0 30.7128418656
414.0 32.6875866432
416.0 34.264463184
418.0 35.4394979328
420.0 36.320778
422.0 36.9818141568
424.0 37.4786848032
426.0 37.8909892224
428.0 38.2563480096
430.0 38.593956
432.0 38.9200759296
434.0 39.2329613568
436.0 39.5075212032
438.0 39.7441720512
440.0 39.945846
442.0 40.1151707232
444.0 40.2440068416
446.0 40.3145054016
448.0 40.3340367072
450.0 40.346406
452.0 40.3750540512
454.0 40.42771968
456.0 40.51424064
458.0 40.6341362592
460.0 40.75698
462.0 40.8654196032
464.0 40.9534466688
466.0 41.0134505568
468.0 41.0412654432
470.0 41.047386
472.0 41.0364587232
474.0 41.0041575648
476.0 40.9431122208
478.0 40.8528420192
480.0 40.736952
482.0 40.5968040672
484.0 40.4304915552
486.0 40.2349381632
488.0 40.0099836672
490.0 39.75558
492.0 39.4730730432
494.0 39.1620141696
496.0 38.8194392352
498.0 38.4490974816
500.0 38.073228
502.0 37.7043763296
504.0 37.3384888032
506.0 36.9634204416
508.0 36.5826320832
510.0 36.20061
512.0 35.8206067392
514.0 35.4524760768
516.0 35.1139067424
518.0 34.8057639456
520.0 34.518258
522.0 34.2472230816
524.0 33.9836225568
526.0 33.7077328512
528.0 33.4209318912
530.0 33.156354
532.0 32.9324089152
534.0 32.7433445952
536.0 32.5730745504
538.0 32.42653368
540.0 32.325192
542.0 32.27872704
544.0 32.2883565024
546.0 32.3566279488
548.0 32.4810739296
550.0 32.625612
552.0 32.7716401536
554.0 32.9311271232
556.0 33.1317115488
558.0 33.373617744
560.0 33.64704
562.0 33.94625832
564.0 34.276640208
566.0 34.6500903072
568.0 35.0611289568
570.0 35.479602
572.0 35.8861223328
574.0 36.2820678816
576.0 36.6796477152
578.0 37.0710749472
580.0 37.412304
582.0 37.6803267072
584.0 37.8926395296
586.0 38.0901476544
588.0 38.2719217824
590.0 38.413704
592.0 38.5043266944
594.0 38.5475551296
596.0 38.549974512
598.0 38.51104008
600.0 38.433732
602.0 38.322536544
604.0 38.171044752
606.0 37.9611673344
608.0 37.6995696096
610.0 37.442346
612.0 37.2195385056
614.0 37.017672288
616.0 36.8023152096
618.0 36.576896064
620.0 36.360834
622.0 36.162877248
624.0 35.9830578528
626.0 35.8222730688
628.0 35.681003568
630.0 35.539686
632.0 35.389716336
634.0 35.2429351296
636.0 35.1222864576
638.0 35.029212336
640.0 34.968888
642.0 34.94365272
644.0 34.9411051584
646.0 34.9354172064
648.0 34.92562752
650.0 34.918818
652.0 34.918096992
654.0 34.9349044896
656.0 34.9938188544
658.0 35.0953528032
660.0 35.209224
662.0 35.3209481952
664.0 35.4362934528
666.0 35.5668279456
668.0 35.7130643904
670.0 35.880162
672.0 36.0714854784
674.0 36.286169616
676.0 36.52025688
678.0 36.7723052544
680.0 37.0518
682.0 37.3624102464
684.0 37.6872323616
686.0 37.9934845152
688.0 38.2809103488
690.0 38.573928
692.0 38.8880791968
694.0 39.2228832672
696.0 39.5703290112
698.0 39.9320186688
700.0 40.386462
702.0 40.9729939968
704.0 41.6078335296
706.0 42.114557952
708.0 42.4902191424
710.0 42.930018
712.0 43.5276695424
714.0 44.207884512
716.0 44.8179694368
718.0 45.3603597216
720.0 45.924204
722.0 46.5510643776
724.0 47.2280268
726.0 47.93141016
728.0 48.6599326656
730.0 49.429104
732.0 50.2460701536
734.0 51.0729862176
736.0 51.8331369408
738.0 52.5276118464
740.0 53.264466
742.0 54.0956440224
744.0 54.990158592
746.0 55.8836156832
748.0 56.7708560832
750.0 57.670626
752.0 58.5847519872
754.0 59.4886556832
756.0 60.3466552032
758.0 61.1542642752
760.0 61.876506
762.0 62.4977425152
764.0 63.070655472
766.0 63.703540272
768.0 64.4028058752
770.0 65.101014
772.0 65.7688109196
774.0 66.4109658663
776.0 67.0313987317
778.0 67.6426686241
780.0 68.24541
