380.0 1.331862
382.0 1.65088331644
384.0 2.0316569557
386.0 2.53089301431
388.0 3.19842222954
390.0 4.095726
392.0 5.2526073696
394.0 6.6805557024
396.0 8.3890402368
398.0 10.3544439552
400.0 12.407346
402.0 14.4375122592
404.0 16.4760902784
406.0 18.63925848
408.0 20.8697207616
410.0 22.912032
412.0 24.6309791616
414.0 26.0153625888
416.0 27.0775195296
418.0 27.8214876288
420.0 28.359648
422.0 28.7634445248
424.0 29.0658032352
426.0 29.3035756512
428.0 29.5041600768
430.0 29.671482
432.0 29.8139531808
434.0 29.93825496
436.0 30.0410707008
438.0 30.129962976
440.0 30.222252
442.0 30.329041296
444.0 30.4536795456
446.0 30.5969678688
448.0 30.7638411648
450.0 30.953274
452.0 31.1663238528
454.0 31.412636208
456.0 31.7085378912
458.0 32.0568808896
460.0 32.44536
462.0 32.8666529856
464.0 33.330677712
466.0 33.8592086208
468.0 34.4474710368
470.0 35.049
472.0 35.6402586048
474.0 36.2295624768
476.0 36.8373081312
478.0 37.4642325984
480.0 38.113284
482.0 38.7869618304
484.0 39.4902009888
486.0 40.2305480256
488.0 41.0069134176
490.0 41.80845
492.0 42.6246951456
494.0 43.4560173696
496.0 44.3121582912
498.0 45.18356856
500.0 45.994302
502.0 46.708981152
504.0 47.3563181568
506.0 47.9954677152
508.0 48.6295702176
510.0 49.308936
512.0 50.0562848256
514.0 50.8170444
516.0 51.4789137216
518.0 52.030901424
520.0 52.513416
522.0 52.941935088
524.0 53.3116840128
526.0 53.623447872
528.0 53.8770343968
530.0 54.055572
532.0 54.1513378848
534.0 54.170452608
536.0 54.1252213728
538.0 54.018239808
540.0 53.855292
542.0 53.639950944
544.0 53.374700112
546.0 53.0629202304
548.0 52.7071107936
550.0 52.283094
552.0 51.7819774176
554.0 51.2294129088
556.0 50.6734356288
558.0 50.1207749856
560.0 49.559286
562.0 48.9871901856
564.0 48.4050803712
566.0 47.8050094464
568.0 47.1898293984
570.0 46.605156
572.0 46.0735487904
574.0 45.5678337792
576.0 45.0297214752
578.0 44.4556869504
580.0 43.891362
582.0 43.3585531104
584.0 42.8270901024
586.0 42.2366165952
588.0 41.5898884416
590.0 40.95726
592.0 40.3725866016
594.0 39.8206950336
596.0 39.2699570784
598.0 38.7192832128
600.0 38.163354
602.0 37.6005992448
604.0 37.0265006304
606.0 36.4311082464
608.0 35.8197094848
610.0 35.24928
612.0 34.7492529408
614.0 34.300032912
616.0 33.856372656
618.0 33.4189130688
620.0 33.006144
622.0 32.6258042688
624.0 32.2771087776
626.0 31.9608586464
628.0 31.676765472
630.0 31.413918
632.0 31.166692368
634.0 30.9379886304
636.0 30.734488128
638.0 30.5556140544
640.0 30.402504
642.0 30.2749817184
644.0 30.169217856
646.0 30.0787233408
648.0 30.0028893216
650.0 29.931846
652.0 29.8610910816
654.0 29.804387808
656.0 29.7898554912
658.0 29.8181029824
660.0 29.871762
662.0 29.9433180384
664.0 30.0283969824
666.0 30.1161997344
668.0 30.2076876384
670.0 30.332406
672.0 30.5057843904
674.0 30.7190906016
676.0 30.9515435808
678.0 31.2016692672
680.0 31.49403
682.0 31.8372778752
684.0 32.206866576
686.0 32.5582217856
688.0 32.8870815456
690.0 33.19641
692.0 33.4938498336
694.0 33.7845442368
696.0 34.0691180832
698.0 34.3551980352
700.0 34.788636
702.0 35.4416769792
704.0 36.1929512928
706.0 36.7856519136
708.0 37.2126008064
710.0 37.692696
712.0 38.3299228704
714.0 39.0494568096
716.0 39.7033149312
718.0 40.2950862528
720.0 40.927218
722.0 41.6478574848
724.0 42.4244632128
726.0 43.1924168448
728.0 43.9510774848
730.0 44.752566
732.0 45.6217331328
734.0 46.5217113408
736.0 47.3776279488
738.0 48.1899636288
740.0 49.048572
742.0 49.9954477728
744.0 50.9963831232
746.0 51.983395008
748.0 52.954592784
750.0 53.92539
752.0 54.897709344
754.0 55.8812924352
756.0 56.9069503488
758.0 57.9689791104
760.0 58.972446
762.0 59.8700368704
764.0 60.7019198784
766.0 61.5548242752
768.0 62.4275003136
770.0 63.28848
772.0 64.1247550622
774.0 64.9211335817
776.0 65.6432808587
778.0 66.3001691304
780.0 66.923562
