380.0 0.210294
382.0 0.223023835131
384.0 0.243592073661
386.0 0.281543236272
388.0 0.33658707987
390.0 0.40056
392.0 0.4684629312
394.0 0.545001936
396.0 0.6415208736
398.0 0.7551998016
400.0 0.861204
402.0 0.9457862496
404.0 1.015579824
406.0 1.0878889152
408.0 1.1602781184
410.0 1.211694
412.0 1.2326993664
414.0 1.22891808
416.0 1.211373552
418.0 1.1827895904
420.0 1.15161
422.0 1.1234265984
424.0 1.1005626336
426.0 1.0842998976
428.0 1.0754395104
430.0 1.071498
432.0 1.0711134624
434.0 1.0720908288
436.0 1.070055984
438.0 1.0648166592
440.0 1.061484
442.0 1.0628939712
444.0 1.0682294304
446.0 1.075343376
448.0 1.0855816896
450.0 1.10154
452.0 1.1251570176
454.0 1.1592046176
456.0 1.2080729376
458.0 1.2735244416
460.0 1.35189
462.0 1.4422403136
464.0 1.5494141472
466.0 1.6816950816
468.0 1.8411019392
470.0 2.022828
472.0 2.2258798752
474.0 2.455673136
476.0 2.720763744
478.0 3.0238755072
480.0 3.364704
482.0 3.7443227232
484.0 4.1668173888
486.0 4.6379560608
488.0 5.1598216512
490.0 5.728008
492.0 6.3373078272
494.0 6.9991130592
496.0 7.7411264256
498.0 8.5546317408
500.0 9.36309
502.0 10.1265092928
504.0 10.8583484352
506.0 11.5929113856
508.0 12.3227637504
510.0 13.06827
512.0 13.8349578624
514.0 14.578301088
516.0 15.2143262784
518.0 15.73159344
520.0 16.162596
522.0 16.520055744
524.0 16.7972112192
526.0 16.988710944
528.0 17.0952278592
530.0 17.113926
532.0 17.0441164032
534.0 16.8897886464
536.0 16.6586815488
538.0 16.3564990848
540.0 15.97233
542.0 15.5049085248
544.0 14.9831550912
546.0 14.4589822752
548.0 13.9407217248
550.0 13.398732
552.0 12.8220377568
554.0 12.2249790432
556.0 11.6291540544
558.0 11.0374147776
560.0 10.454616
562.0 9.8859650016
564.0 9.3221207232
566.0 8.7379600416
568.0 8.1364631232
570.0 7.570584
572.0 7.0673684832
574.0 6.6041288544
576.0 6.130650912
578.0 5.6473191936
580.0 5.197266
582.0 4.8011762496
584.0 4.439166144
586.0 4.070811168
588.0 3.6970726656
590.0 3.35469
592.0 3.0605027136
594.0 2.8044968064
596.0 2.5675575552
598.0 2.3484352128
600.0 2.142996
602.0 1.9485161088
604.0 1.766629824
606.0 1.602480336
608.0 1.4557471968
610.0 1.331862
612.0 1.2329557248
614.0 1.1513536416
616.0 1.0719466272
618.0 0.9930363072
620.0 0.921288
622.0 0.8592492672
624.0 0.8054300256
626.0 0.758420304
628.0 0.7178355648
630.0 0.680952
632.0 0.6462154368
634.0 0.6145711968
636.0 0.588502752
638.0 0.5678178336
640.0 0.55077
642.0 0.5362537056
644.0 0.5247656448
646.0 0.5177959008
648.0 0.5148638016
650.0 0.510714
652.0 0.5026867776
654.0 0.4935059424
656.0 0.489163872
658.0 0.48988488
660.0 0.490686
662.0 0.48948432
664.0 0.4889395584
666.0 0.4938424128
668.0 0.5042890176
670.0 0.520728
672.0 0.5433836736
674.0 0.5691476928
676.0 0.5915630304
678.0 0.610693776
680.0 0.630882
682.0 0.654274704
684.0 0.6830188896
686.0 0.7214406048
688.0 0.7695078048
690.0 0.821148
692.0 0.8745346368
694.0 0.927456624
696.0 0.9734088672
698.0 1.0138013376
700.0 1.081512
702.0 1.1934925536
704.0 1.3301636256
706.0 1.4487133632
708.0 1.549205856
710.0 1.672338
712.0 1.83816984
714.0 2.0301021696
716.0 2.2136067168
718.0 2.3908945728
720.0 2.593626
722.0 2.8384803168
724.0 3.1182314208
726.0 3.415254672
728.0 3.7316009376
730.0 4.095726
732.0 4.5226268256
734.0 4.9924356384
736.0 5.4618118464
738.0 5.9334792576
740.0 6.45903
742.0 7.0639396896
744.0 7.737537408
746.0 8.4563984064
748.0 9.2212597152
750.0 10.034028
752.0 10.8916750272
754.0 11.7987992256
756.0 12.7716633312
758.0 13.8039224736
760.0 14.830734
762.0 15.8221039776
764.0 16.797643824
766.0 17.7972332928
768.0 18.8252304768
770.0 19.92786
772.0 21.1253981713
774.0 22.3881507304
776.0 23.6542112634
778.0 24.9025083979
780.0 26.146554
