380.0 2.20308
382.0 2.65164495029
384.0 3.19227997734
386.0 3.91396597784
388.0 4.90544282255
390.0 6.288792
392.0 8.1386742144
394.0 10.5262040832
396.0 13.5483491712
398.0 17.2025458944
400.0 21.22968
402.0 25.4578471584
404.0 29.9914333056
406.0 35.1166465728
408.0 40.6977451872
410.0 46.144512
412.0 51.1147085472
414.0 55.4720803392
416.0 59.0671544064
418.0 61.846544112
420.0 63.949404
422.0 65.472012672
424.0 66.5254534272
426.0 67.3037415072
428.0 67.88330376
430.0 68.315508
432.0 68.647812576
434.0 68.8992200544
436.0 69.0509842272
438.0 69.1210822272
440.0 69.126642
442.0 69.0836699232
444.0 68.9940085728
446.0 68.8457853504
448.0 68.6570094336
450.0 68.49576
452.0 68.4004106976
454.0 68.378636256
456.0 68.4317024448
458.0 68.5596413088
460.0 68.74611
462.0 68.9772651648
464.0 69.2283682176
466.0 69.458626128
468.0 69.6575602464
470.0 69.827622
472.0 69.9683948064
474.0 70.0842047136
476.0 70.1897602848
478.0 70.2874328352
480.0 70.368378
482.0 70.4293111872
484.0 70.480214352
486.0 70.5390646272
488.0 70.605189072
490.0 70.668798
492.0 70.723834944
494.0 70.761808032
496.0 70.7678805216
498.0 70.7417960544
500.0 70.678812
502.0 70.5825333984
504.0 70.4707290912
506.0 70.3704769344
508.0 70.2939219072
510.0 70.29828
512.0 70.4107252032
514.0 70.603827168
516.0 70.8172936032
518.0 71.039235888
520.0 71.259624
522.0 71.468395872
524.0 71.6486959392
526.0 71.778509424
528.0 71.8556252352
530.0 71.910534
532.0 71.9592901632
534.0 71.998336752
536.0 72.0185409984
538.0 72.0224023968
540.0 72.020688
542.0 72.0168746688
544.0 72.0080943936
546.0 71.9911106496
548.0 71.9641609728
550.0 71.890506
552.0 71.7543476448
554.0 71.5815460608
556.0 71.4234209952
558.0 71.2884002304
560.0 71.169498
562.0 71.0682524544
564.0 70.9937643168
566.0 70.9539646752
568.0 70.953916608
570.0 71.009274
572.0 71.125196064
574.0 71.3001766944
576.0 71.533126368
578.0 71.8140150624
580.0 72.090786
582.0 72.3337016064
584.0 72.5437873152
586.0 72.7338770688
588.0 72.9006702528
590.0 73.042116
592.0 73.1583104448
594.0 73.25601504
596.0 73.3472786304
598.0 73.4305951104
600.0 73.512774
602.0 73.5993910944
604.0 73.6588502208
606.0 73.6225434624
608.0 73.4953416288
610.0 73.392606
612.0 73.3729304928
614.0 73.4044785984
616.0 73.4157103008
618.0 73.4110477824
620.0 73.422648
622.0 73.4655239424
624.0 73.541293872
626.0 73.6541236128
628.0 73.8058076736
630.0 73.983432
632.0 74.1797704896
634.0 74.4002226912
636.0 74.656933584
638.0 74.9460898368
640.0 75.25521
642.0 75.5756099328
644.0 75.8984773152
646.0 76.2109141152
648.0 76.5085942848
650.0 76.787352
652.0 77.0443833408
654.0 77.2865619168
656.0 77.5307432928
658.0 77.7782092608
660.0 78.00906
662.0 78.2136179808
664.0 78.4065597216
666.0 78.6175747296
668.0 78.8442596448
670.0 79.06053
672.0 79.2541126368
674.0 79.4170924896
676.0 79.5332228448
678.0 79.6043943456
680.0 79.671384
682.0 79.7550850176
684.0 79.85203656
686.0 79.9526412096
688.0 80.059045968
690.0 80.152056
692.0 80.223435792
694.0 80.2895602368
696.0 80.3820735744
698.0 80.5023216864
700.0 80.652756
702.0 80.8329439104
704.0 81.0252127104
706.0 81.1951462848
708.0 81.338194272
710.0 81.453876
712.0 81.54159864
714.0 81.613779552
716.0 81.6982496448
718.0 81.7977647712
720.0 81.894492
722.0 81.9808206912
724.0 82.062406752
726.0 82.1485111296
728.0 82.2404797056
730.0 82.335108
732.0 82.4303451456
734.0 82.5341382528
736.0 82.6634550432
738.0 82.8177507552
740.0 82.955976
742.0 83.0594486592
744.0 83.1499912416
746.0 83.2704156
748.0 83.4204974208
750.0 83.606886
752.0 83.8303504128
754.0 84.0608967264
756.0 84.2405398752
758.0 84.364505184
760.0 84.438048
762.0 84.462642384
764.0 84.4683463584
766.0 84.5207716512
768.0 84.6220332192
770.0 84.698412
772.0 84.7170824657
774.0 84.6945447753
776.0 84.6616668105
778.0 84.6357789818
780.0 84.608286
