380.0 1.75245
382.0 2.04774382861
384.0 2.40497381599
386.0 2.87820214627
388.0 3.51813994542
390.0 4.386132
392.0 5.509943136
394.0 6.8851777728
396.0 8.49147144
398.0 10.2997915488
400.0 12.16701
402.0 13.9959188928
404.0 15.7953786144
406.0 17.6370733824
408.0 19.4694110688
410.0 21.089484
412.0 22.3902945888
414.0 23.3677731456
416.0 24.0433255968
418.0 24.4273344576
420.0 24.604398
422.0 24.6341035296
424.0 24.5682835104
426.0 24.4788945408
428.0 24.3956741952
430.0 24.313992
432.0 24.2376132192
434.0 24.1693417728
436.0 24.0975934656
438.0 24.0259252704
440.0 23.963502
442.0 23.9171331744
444.0 23.889718848
446.0 23.8827971712
448.0 23.9019439392
450.0 23.963502
452.0 24.0769886592
454.0 24.2428204992
456.0 24.4579212192
458.0 24.7248544032
460.0 25.035
462.0 25.3832949312
464.0 25.7844157152
466.0 26.2694778528
468.0 26.8356614016
470.0 27.43836
472.0 28.0552864896
474.0 28.6911354336
476.0 29.357683296
478.0 30.0555068832
480.0 30.79305
482.0 31.5751514112
484.0 32.4074189568
486.0 33.2996903904
488.0 34.2521900256
490.0 35.239266
492.0 36.2438544576
494.0 37.2834358368
496.0 38.4019595808
498.0 39.5914144896
500.0 40.746966
502.0 41.8202905536
504.0 42.8475346848
506.0 43.9008632832
508.0 44.9838974112
510.0 46.154526
512.0 47.4392500992
514.0 48.7767680064
516.0 50.0401022016
518.0 51.216082272
520.0 52.353192
522.0 53.46795048
524.0 54.550023264
526.0 55.5941389824
528.0 56.5955870496
530.0 57.510402
532.0 58.3182353856
534.0 59.035654368
536.0 59.6968347264
538.0 60.3058781952
540.0 60.895134
542.0 61.4804803392
544.0 62.0378675904
546.0 62.515719648
548.0 62.9116972416
550.0 63.228396
552.0 63.4697574336
554.0 63.6510028224
556.0 63.8009885088
558.0 63.9321478752
560.0 64.059558
562.0 64.1946748992
564.0 64.3497877536
566.0 64.5399255744
568.0 64.7688055584
570.0 65.010888
572.0 65.2519610304
574.0 65.5068453696
576.0 65.8082908032
578.0 66.1513944768
580.0 66.482946
582.0 66.7749061728
584.0 67.0398686016
586.0 67.308580272
588.0 67.5763305984
590.0 67.824822
592.0 68.0455465824
594.0 68.2312141536
596.0 68.366859792
598.0 68.45209896
600.0 68.525802
602.0 68.609679264
604.0 68.6823088032
606.0 68.6945659392
608.0 68.651417616
610.0 68.625942
612.0 68.655503328
614.0 68.715427104
616.0 68.7504520704
618.0 68.7641992896
620.0 68.79618
622.0 68.8651404096
624.0 68.9667544704
626.0 69.092514288
628.0 69.243765744
630.0 69.407034
632.0 69.574948752
634.0 69.7594947552
636.0 69.98664432
638.0 70.2546670272
640.0 70.538616
642.0 70.8246639072
644.0 71.11301904
646.0 71.4072864384
648.0 71.7037168608
650.0 71.990646
652.0 72.2615367168
654.0 72.5212598208
656.0 72.7821205152
658.0 73.0426126944
660.0 73.292466
662.0 73.5267295104
664.0 73.7432081568
666.0 73.9377361152
668.0 74.111050416
670.0 74.273838
672.0 74.432139312
674.0 74.5874444352
676.0 74.7408749376
678.0 74.8922065056
680.0 75.044916
682.0 75.1999968096
684.0 75.3452398656
686.0 75.4569640608
688.0 75.5356180224
690.0 75.595686
692.0 75.6462526944
694.0 75.6960823584
696.0 75.7595791296
698.0 75.8397552192
700.0 75.946176
702.0 76.0828951392
704.0 76.2315990336
706.0 76.3548433344
708.0 76.4516987424
710.0 76.537002
712.0 76.6180112544
714.0 76.7083295232
716.0 76.8360440736
718.0 77.000610144
720.0 77.177898
722.0 77.356307424
724.0 77.5215464352
726.0 77.64414984
728.0 77.7243099072
730.0 77.818794
732.0 77.9541512352
734.0 78.117131088
736.0 78.2819695392
738.0 78.448153872
740.0 78.579858
742.0 78.659729664
744.0 78.7209832992
746.0 78.8324351136
748.0 78.9933801216
750.0 79.180698
752.0 79.3828045536
754.0 79.5683119008
756.0 79.673066352
758.0 79.6962347424
760.0 79.701426
762.0 79.7202683424
764.0 79.7596514016
766.0 79.8325533216
768.0 79.9408967904
770.0 80.041902
772.0 80.1150188808
774.0 80.1677397831
776.0 80.2164563119
778.0 80.2696733719
780.0 80.322294
