380.0 11.176704
382.0 11.2400018163
384.0 11.3123335761
386.0 11.3818234125
388.0 11.3496061197
390.0 11.176704
392.0 10.9444601964
394.0 10.6782864761
396.0 10.5138198851
398.0 10.6432197901
400.0 11.176704
402.0 12.1026633728
404.0 13.4538184704
406.0 15.048061952
408.0 16.5903446016
410.0 17.88864
412.0 18.9682898944
414.0 19.812846592
416.0 20.4554735616
418.0 20.9764380672
420.0 21.426944
422.0 21.7800884224
424.0 22.0222621696
426.0 22.1732087808
428.0 22.2607616
430.0 22.304128
432.0 22.3061622784
434.0 22.2734245888
436.0 22.2023667712
438.0 22.0828962816
440.0 21.909888
442.0 21.68990208
444.0 21.4273697792
446.0 21.1257288704
448.0 20.7891582976
450.0 20.421632
452.0 20.0256415744
454.0 19.6033316864
456.0 19.1607578624
458.0 18.7055683584
460.0 18.243456
462.0 17.7773381632
464.0 17.3116145664
466.0 16.8443140096
468.0 16.3703113728
470.0 15.887872
472.0 15.4006544384
474.0 14.9098571776
476.0 14.4257619968
478.0 13.963271168
480.0 13.532288
482.0 13.1325759488
484.0 12.7653019648
486.0 12.4292517888
488.0 12.1207984128
490.0 11.837056
492.0 11.5792703488
494.0 11.3490341888
496.0 11.1392985088
498.0 10.9394976768
500.0 10.74304
502.0 10.5508401152
504.0 10.3623303168
506.0 10.1812322304
508.0 10.014169088
510.0 9.865856
512.0 9.7358198784
514.0 9.6241711104
516.0 9.5339689984
518.0 9.4690770944
520.0 9.432192
522.0 9.4243072
524.0 9.4470785024
526.0 9.4989447168
528.0 9.5766730752
530.0 9.678592
532.0 9.8069407744
534.0 9.9639902208
536.0 10.1495826432
538.0 10.3630084096
540.0 10.605056
542.0 10.8802828288
544.0 11.1945551872
546.0 11.5488034816
548.0 11.942554624
550.0 12.379136
552.0 12.8664481792
554.0 13.4107201536
556.0 14.03060736
558.0 14.7511834624
560.0 15.592192
562.0 16.5569288192
564.0 17.646340096
566.0 18.8834336768
568.0 20.2987237376
570.0 21.909888
572.0 23.7101928448
574.0 25.6929046528
576.0 27.8475051008
578.0 30.1575149568
580.0 32.603648
582.0 35.1713173504
584.0 37.8468507648
586.0 40.5838067712
588.0 43.3204473856
590.0 46.007808
592.0 48.6312228864
594.0 51.1766413312
596.0 53.602526208
598.0 55.8595186688
600.0 57.913856
602.0 59.757874176
604.0 61.381906432
606.0 62.795572224
608.0 64.02181632
610.0 65.079168
612.0 65.9667126272
614.0 66.685380608
616.0 67.2642510848
618.0 67.7438519296
620.0 68.15424
622.0 68.5021804544
624.0 68.7974504448
626.0 69.0508521472
628.0 69.2708222976
630.0 69.465088
632.0 69.6426221568
634.0 69.8116564992
636.0 69.9739099136
638.0 70.12780544
640.0 70.27328
642.0 70.4146229248
644.0 70.5547042816
646.0 70.6952587264
648.0 70.8377055232
650.0 70.982912
652.0 71.1314931712
654.0 71.2840955904
656.0 71.4387480576
658.0 71.5921389568
660.0 71.741824
662.0 71.8883078144
664.0 72.0323946496
666.0 72.1706467328
668.0 72.29809664
670.0 72.412032
672.0 72.5127839744
674.0 72.5991856128
676.0 72.6774659072
678.0 72.7575597056
680.0 72.845696
682.0 72.9403293696
684.0 73.0410340352
686.0 73.1462330368
688.0 73.2528513024
690.0 73.358208
692.0 73.4628235264
694.0 73.5681486848
696.0 73.6665352192
698.0 73.7466290176
700.0 73.801728
702.0 73.8327783424
704.0 73.8383450112
706.0 73.826722816
708.0 73.8115524608
710.0 73.801728
712.0 73.796050944
714.0 73.795341312
716.0 73.79817984
718.0 73.801018368
720.0 73.801728
722.0 73.801728
724.0 73.801728
726.0 73.801728
728.0 73.801728
730.0 73.801728
732.0 73.801728
734.0 73.801728
736.0 73.801728
738.0 73.801728
740.0 73.801728
742.0 73.801728
744.0 73.801728
746.0 73.801728
748.0 73.801728
750.0 73.801728
