380.0 2.393346
382.0 2.85385952093
384.0 3.41459445713
386.0 4.17734249569
388.0 5.22902339341
390.0 6.679338
392.0 8.5984850496
394.0 11.0780155392
396.0 14.2545845184
398.0 18.1275190464
400.0 22.411332
402.0 26.9210928384
404.0 31.7612996544
406.0 37.2174876384
408.0 43.1480187744
410.0 48.978474
412.0 54.3691463904
414.0 59.1561908832
416.0 63.1428524064
418.0 66.2659706592
420.0 68.655984
422.0 70.4036753472
424.0 71.6286679392
426.0 72.548065296
428.0 73.2428125824
430.0 73.763124
432.0 74.1574512864
434.0 74.4545065824
436.0 74.6515340352
438.0 74.7669914496
440.0 74.794566
442.0 74.7413556096
444.0 74.6120868864
446.0 74.3969060544
448.0 74.1195262656
450.0 73.893306
452.0 73.7783292576
454.0 73.7726413056
456.0 73.8559097184
458.0 74.0235200448
460.0 74.223768
462.0 74.4245607168
464.0 74.611429968
466.0 74.7684975552
468.0 74.8867588896
470.0 74.984832
472.0 75.0718176096
474.0 75.1374613824
476.0 75.1625845056
478.0 75.1498787424
480.0 75.125028
482.0 75.1007700864
484.0 75.0770889792
486.0 75.0525426624
488.0 75.0256570752
490.0 74.984832
492.0 74.9235142752
494.0 74.8343175744
496.0 74.7048245376
498.0 74.538367824
500.0 74.343936
502.0 74.13244032
504.0 73.9247259264
506.0 73.7518602528
508.0 73.6245142176
510.0 73.582872
512.0 73.6450228896
514.0 73.7807967072
516.0 73.925991696
518.0 74.0668606368
520.0 74.213754
522.0 74.3667198528
524.0 74.4922874016
526.0 74.5342180224
528.0 74.49174264
530.0 74.424048
532.0 74.362441872
534.0 74.3047772544
536.0 74.2423860288
538.0 74.1808119456
540.0 74.133642
542.0 74.1048657696
544.0 74.08917984
546.0 74.0787973248
548.0 74.0681424288
550.0 74.013474
552.0 73.8946198368
554.0 73.7294128704
556.0 73.5556178976
558.0 73.3829765376
560.0 73.222368
562.0 73.0840786656
564.0 72.9863420256
566.0 72.9551784576
568.0 72.9942731136
570.0 73.082172
572.0 73.2056085696
574.0 73.365928704
576.0 73.5695253408
578.0 73.8080988768
580.0 74.043516
582.0 74.2542426048
584.0 74.4468158304
586.0 74.6418244608
588.0 74.8347181344
590.0 75.014874
592.0 75.1771168224
594.0 75.313130976
596.0 75.4063332768
598.0 75.4548330816
600.0 75.495546
602.0 75.5485641216
604.0 75.5857841568
606.0 75.5460646272
608.0 75.4349492832
610.0 75.335322
612.0 75.2901868992
614.0 75.2817911616
616.0 75.267547248
618.0 75.2528386848
620.0 75.265224
622.0 75.3182901888
624.0 75.4089609504
626.0 75.5296576896
628.0 75.6813097056
630.0 75.866064
632.0 76.0831514976
634.0 76.3311622272
636.0 76.6098077856
638.0 76.9140571392
640.0 77.227968
642.0 77.5414142112
644.0 77.8491404256
646.0 78.1459233408
648.0 78.430288896
650.0 78.700026
652.0 78.953340144
654.0 79.2045873984
656.0 79.4847711072
658.0 79.7920006272
660.0 80.081958
662.0 80.3332372992
664.0 80.5514784096
666.0 80.7487942656
668.0 80.9259859872
670.0 81.103386
672.0 81.2908961472
674.0 81.4821395136
676.0 81.6632407008
678.0 81.832725648
680.0 81.974604
682.0 82.080912624
684.0 82.1633638944
686.0 82.2474334272
688.0 82.3357168512
690.0 82.41522
692.0 82.4834433792
694.0 82.5455782464
696.0 82.6046688576
698.0 82.663406976
700.0 82.775724
702.0 82.96558944
704.0 83.1910886976
706.0 83.3685688224
708.0 83.4938960352
710.0 83.576844
712.0 83.6209536672
714.0 83.6571322464
716.0 83.7529141536
718.0 83.909869584
720.0 84.06753
722.0 84.198833568
724.0 84.301136592
726.0 84.3646974528
728.0 84.3919515552
730.0 84.458076
732.0 84.6000024192
734.0 84.789098784
736.0 84.9638711232
738.0 85.121082912
740.0 85.26921
742.0 85.409886672
744.0 85.5433372416
746.0 85.6763071392
748.0 85.8112638144
750.0 85.930134
752.0 86.0232401664
754.0 86.1192303648
756.0 86.2776117888
758.0 86.4927765984
760.0 86.691198
762.0 86.8371780864
764.0 86.924243808
766.0 86.9412595968
768.0 86.8930642176
770.0 86.841408
772.0 86.8188716894
774.0 86.8347285758
776.0 86.8998326467
778.0 87.0044821473
780.0 87.131814
