380.0 0.70098
382.0 0.892321264031
384.0 1.11259744922
386.0 1.3875266541
388.0 1.73903902121
390.0 2.193066
392.0 2.7601147584
394.0 3.43760592
396.0 4.217255904
398.0 5.0836832064
400.0 5.95833
402.0 6.7906295904
404.0 7.5885931776
406.0 8.3937348
408.0 9.185802144
410.0 9.873804
412.0 10.4125572
414.0 10.8103293024
416.0 11.0920351392
418.0 11.2665190752
420.0 11.375904
422.0 11.4492545472
424.0 11.5061500896
426.0 11.5692623232
428.0 11.6489096736
430.0 11.746422
432.0 11.8628888256
434.0 11.9887608
436.0 12.1010938464
438.0 12.1980614112
440.0 12.287178
442.0 12.3723851232
444.0 12.4554452448
446.0 12.5402998752
448.0 12.6297689568
450.0 12.727794
452.0 12.8366982528
454.0 12.959638128
456.0 13.1016446592
458.0 13.2623653536
460.0 13.428774
462.0 13.5939489216
464.0 13.761479136
466.0 13.9398404928
468.0 14.1274627968
470.0 14.32002
472.0 14.5143236448
474.0 14.7068648256
476.0 14.8924362624
478.0 15.068506416
480.0 15.231294
482.0 15.378139296
484.0 15.5099716032
486.0 15.6306362976
488.0 15.7386272736
490.0 15.832134
492.0 15.9093459456
494.0 15.9653121888
496.0 15.991797216
498.0 15.9878076384
500.0 15.952302
502.0 15.8855046144
504.0 15.7934078592
506.0 15.6876439968
508.0 15.5711611488
510.0 15.441588
512.0 15.2991809088
514.0 15.1480416096
516.0 14.9934254496
518.0 14.8366142208
520.0 14.680524
522.0 14.5280227968
524.0 14.373454704
526.0 14.2025277408
528.0 14.018478432
530.0 13.849362
532.0 13.710608016
534.0 13.5988677984
536.0 13.5033742944
538.0 13.42717176
540.0 13.378704
542.0 13.362120816
544.0 13.3781752608
546.0 13.4276364096
548.0 13.5098954112
550.0 13.61904
552.0 13.7512728672
554.0 13.90503984
556.0 14.0788668576
558.0 14.2710555456
560.0 14.480244
562.0 14.7036603456
564.0 14.9428267104
566.0 15.204536592
568.0 15.483566688
570.0 15.752022
572.0 15.99315912
574.0 16.2093974304
576.0 16.4124493056
578.0 16.5973157568
580.0 16.743408
582.0 16.8402153408
584.0 16.891454976
586.0 16.9068525024
588.0 16.8863438304
590.0 16.833534
592.0 16.7509545504
594.0 16.6357534944
596.0 16.4807367744
598.0 16.2878270784
600.0 16.062456
602.0 15.8100391104
604.0 15.535479264
606.0 15.2439837408
608.0 14.9415128736
610.0 14.650482
612.0 14.3832924576
614.0 14.1338877792
616.0 13.8855085344
618.0 13.6387635744
620.0 13.398732
622.0 13.1679453504
624.0 12.9459870432
626.0 12.7320719808
628.0 12.5277062688
630.0 12.337248
632.0 12.1631165568
634.0 12.007026336
636.0 11.8714928544
638.0 11.7559713504
640.0 11.656296
642.0 11.5700313984
644.0 11.4933321696
646.0 11.4192606144
648.0 11.3480090016
650.0 11.285778
652.0 11.2360124256
654.0 11.2029902592
656.0 11.1947547456
658.0 11.2122031392
660.0 11.245722
662.0 11.2907930112
664.0 11.3496913536
666.0 11.4266789856
668.0 11.5217559072
670.0 11.636268
672.0 11.7717053472
674.0 11.9255203872
676.0 12.0907914432
678.0 12.2676787392
680.0 12.477444
682.0 12.7291238592
684.0 13.008426336
686.0 13.28777688
688.0 13.5641312352
690.0 13.839348
692.0 14.1183460512
694.0 14.3968794528
696.0 14.6598871488
698.0 14.9128167552
700.0 15.27135
702.0 15.7941288672
704.0 16.3975164288
706.0 16.901789424
708.0 17.303711328
710.0 17.77485
712.0 18.396439008
714.0 19.0982041056
716.0 19.7398531584
718.0 20.3223795552
720.0 20.939274
722.0 21.6360561312
724.0 22.3865293248
726.0 23.1368422944
728.0 23.8899431616
730.0 24.714552
732.0 25.6433545056
734.0 26.6330261088
736.0 27.5946745344
738.0 28.527242304
740.0 29.501244
742.0 30.54910896
744.0 31.653532992
746.0 32.7823431168
748.0 33.9341293632
750.0 35.109084
752.0 36.3026406432
754.0 37.5155523456
756.0 38.7580734432
758.0 40.0240192896
760.0 41.25768
762.0 42.4301832096
764.0 43.5663636384
766.0 44.7227002464
768.0 45.8996737056
770.0 47.055786
772.0 48.1740744677
774.0 49.2702115458
776.0 50.3719142996
778.0 51.4902027673
780.0 52.613556
