380.0 2.877952
382.0 2.88064505533
384.0 2.88371914644
386.0 2.88666609987
388.0 2.88529414467
390.0 2.877952
392.0 2.86807706139
394.0 2.85672649566
396.0 2.84969483857
398.0 2.85520001347
400.0 2.877952
402.0 2.9174075392
404.0 2.9748877312
406.0 3.0426970112
408.0 3.1083773952
410.0 3.163776
412.0 3.2098547712
414.0 3.2458094592
416.0 3.2728543232
418.0 3.2941432832
420.0 3.311616
422.0 3.3240109056
424.0 3.3306499072
426.0 3.3320060928
428.0 3.3287890944
430.0 3.321472
432.0 3.3101021184
434.0 3.2948686848
436.0 3.2755351552
438.0 3.2516284416
440.0 3.222912
442.0 3.1896696832
444.0 3.1521380352
446.0 3.1105062912
448.0 3.0650109952
450.0 3.015936
452.0 2.9635966976
454.0 2.9083400192
456.0 2.8506390528
458.0 2.7910457344
460.0 2.730112
462.0 2.6683424768
464.0 2.6062891008
466.0 2.5445511168
468.0 2.4837593088
470.0 2.424576
472.0 2.3673638912
474.0 2.3121860608
476.0 2.2607929344
478.0 2.2156288
480.0 2.178176
482.0 2.1481822208
484.0 2.1256474624
486.0 2.109499392
488.0 2.0979245056
490.0 2.089472
492.0 2.0842049536
494.0 2.08237568
496.0 2.0814925824
498.0 2.0780075008
500.0 2.06976
502.0 2.0569550848
504.0 2.0392300544
506.0 2.018587648
508.0 1.9984183296
510.0 1.981056
512.0 1.9660591104
514.0 1.953143808
516.0 1.9436978176
518.0 1.9395346432
520.0 1.941632
522.0 1.9500845056
524.0 1.9656175616
526.0 1.9853295616
528.0 2.0045684736
530.0 2.02048
532.0 2.0340891648
534.0 2.0460425216
536.0 2.0568920064
538.0 2.0676626432
540.0 2.079616
542.0 2.0942974976
544.0 2.1138202624
546.0 2.1397297152
548.0 2.173523968
550.0 2.2176
552.0 2.2759159808
554.0 2.3528558592
556.0 2.4526616576
558.0 2.57990656
560.0 2.739968
562.0 2.939611136
564.0 3.1864211456
566.0 3.4870054912
568.0 3.8479874048
570.0 4.277504
572.0 4.78370816
574.0 5.3729708032
576.0 6.0642627584
578.0 6.8822634496
580.0 7.845376
582.0 8.9544046592
584.0 10.2069366784
586.0 11.6221321216
588.0 13.2259319808
590.0 15.0304
592.0 17.0250336256
594.0 19.2015538176
596.0 21.5316699136
598.0 23.9740655616
600.0 26.492928
602.0 29.075673088
604.0 31.7107101696
606.0 34.3477972992
608.0 36.9215694848
610.0 39.384576
612.0 41.7256992768
614.0 43.9305101312
616.0 45.9896887296
618.0 47.901421568
620.0 49.664384
622.0 51.2708173824
624.0 52.7149500416
626.0 54.0092715008
628.0 55.174991872
630.0 56.22848
632.0 57.171817472
634.0 58.0090728448
636.0 58.7541549056
638.0 59.4241736704
640.0 60.032896
642.0 60.5864247296
644.0 61.0910519296
646.0 61.5556243456
648.0 61.9890518016
650.0 62.398336
652.0 62.78823936
654.0 63.1636504576
656.0 63.5244746752
658.0 63.8677946368
660.0 64.192128
662.0 64.5009125376
664.0 64.7973967872
666.0 65.0790576128
668.0 65.3412429824
670.0 65.581824
672.0 65.802519552
674.0 66.0033138688
676.0 66.1912559616
678.0 66.3769903104
680.0 66.567424
682.0 66.7609327616
684.0 66.9561604096
686.0 67.1543842816
688.0 67.3568659456
690.0 67.56288
692.0 67.772536832
694.0 67.9891480576
696.0 68.1951936512
698.0 68.3639441408
700.0 68.479488
702.0 68.5444745216
704.0 68.5560809472
706.0 68.5316538368
708.0 68.4998938624
710.0 68.479488
712.0 68.4677554176
714.0 68.4662888448
716.0 68.472155136
718.0 68.4780214272
720.0 68.479488
722.0 68.479488
724.0 68.479488
726.0 68.479488
728.0 68.479488
730.0 68.479488
732.0 68.479488
734.0 68.479488
736.0 68.479488
738.0 68.479488
740.0 68.479488
742.0 68.479488
744.0 68.479488
746.0 68.479488
748.0 68.479488
750.0 68.479488
