380.0 3.84384
382.0 3.85402006905
384.0 3.86559299368
386.0 3.87659625095
388.0 3.87139228295
390.0 3.84384
392.0 3.80679087158
394.0 3.76428312253
396.0 3.73798259874
398.0 3.75859663495
400.0 3.84384
402.0 3.991916544
404.0 4.207960064
406.0 4.463821824
408.0 4.713769984
410.0 4.928
412.0 5.1102808064
414.0 5.257742336
416.0 5.3756358656
418.0 5.4766559232
420.0 5.56864
422.0 5.647014912
424.0 5.7095571456
426.0 5.7574336512
428.0 5.7922213888
430.0 5.81504
432.0 5.8262837248
434.0 5.8266621952
436.0 5.8156865536
438.0 5.792252928
440.0 5.755904
442.0 5.7074755584
444.0 5.6475826176
446.0 5.5772817408
448.0 5.497992192
450.0 5.410944
452.0 5.3167048704
454.0 5.2158425088
456.0 5.1097761792
458.0 5.0002405376
460.0 4.888576
462.0 4.7756025856
464.0 4.6624714752
466.0 4.5488672768
468.0 4.4337649664
470.0 4.316928
472.0 4.1992237056
474.0 4.0808255488
476.0 3.964713984
478.0 3.8552256512
480.0 3.755136
482.0 3.6641611776
484.0 3.58245888
486.0 3.5091144704
488.0 3.4423144448
490.0 3.380608
492.0 3.3243262976
494.0 3.2740685824
496.0 3.2267282432
498.0 3.177732096
500.0 3.124352
502.0 3.0669664256
504.0 3.0050865152
506.0 2.9417084928
508.0 2.8817997824
510.0 2.828672
512.0 2.7816470528
514.0 2.7404095488
516.0 2.7059529728
518.0 2.6793811968
520.0 2.66112
522.0 2.651106304
524.0 2.6497343488
526.0 2.6538817536
528.0 2.6587387904
530.0 2.66112
532.0 2.661435392
534.0 2.6597165056
536.0 2.6557110272
538.0 2.6494978048
540.0 2.641408
542.0 2.6318516224
544.0 2.6214121472
546.0 2.611603456
548.0 2.6044755968
550.0 2.601984
552.0 2.6050433024
554.0 2.614284288
556.0 2.6334601216
558.0 2.6676170752
560.0 2.720256
562.0 2.7915661312
564.0 2.8818313216
566.0 2.991808512
568.0 3.1219707904
570.0 3.272192
572.0 3.4418413568
574.0 3.63016192
576.0 3.8345674752
578.0 4.0514310144
580.0 4.277504
582.0 4.5112567808
584.0 4.7511754752
586.0 4.9928288256
588.0 5.230618624
590.0 5.460224
592.0 5.6804149248
594.0 5.8901190656
596.0 6.0863401984
598.0 6.2656878592
600.0 6.426112
602.0 6.5676756992
604.0 6.6904735744
606.0 6.7962402816
608.0 6.8878931968
610.0 6.968192
612.0 7.0384613376
614.0 7.1001993216
616.0 7.1579160576
618.0 7.2174462976
620.0 7.283584
622.0 7.3586630656
624.0 7.4453958656
626.0 7.5468732416
628.0 7.6660914176
630.0 7.805952
632.0 7.969876992
634.0 8.1618087936
636.0 8.3825201152
638.0 8.6314590208
640.0 8.909824
642.0 9.2212105216
644.0 9.5679209472
646.0 9.9581554688
648.0 10.4030316544
650.0 10.910592
652.0 11.4819561472
654.0 12.1185118208
656.0 12.8234287104
658.0 13.59970304
660.0 14.448896
662.0 15.3717960704
664.0 16.3699329024
666.0 17.4370617344
668.0 18.5631688704
670.0 19.741568
672.0 20.970966016
674.0 22.2469474304
676.0 23.5751262208
678.0 24.9659891712
680.0 26.423936
682.0 27.93072128
684.0 29.4586062848
686.0 31.0302519296
688.0 32.6865803264
690.0 34.436864
692.0 36.2670995456
694.0 38.1999005696
696.0 40.0645769216
698.0 41.6021129216
700.0 42.656768
702.0 43.2512503808
704.0 43.3567963136
706.0 43.1318902784
708.0 42.8412250112
710.0 42.656768
712.0 42.5515532288
714.0 42.5384013824
716.0 42.591008768
718.0 42.6436161536
720.0 42.656768
722.0 42.656768
724.0 42.656768
726.0 42.656768
728.0 42.656768
730.0 42.656768
732.0 42.656768
734.0 42.656768
736.0 42.656768
738.0 42.656768
740.0 42.656768
742.0 42.656768
744.0 42.656768
746.0 42.656768
748.0 42.656768
750.0 42.656768
