380.0 3.774848
382.0 3.78400825128
384.0 3.79441935629
386.0 3.80431323352
388.0 3.79962966232
390.0 3.774848
392.0 3.74151038653
394.0 3.70322368404
396.0 3.67951442998
398.0 3.69806770392
400.0 3.774848
402.0 3.908179968
404.0 4.1026033664
406.0 4.3328237568
408.0 4.5577613312
410.0 4.750592
412.0 4.9146904576
414.0 5.0475808768
416.0 5.153426432
418.0 5.2427927552
420.0 5.32224
422.0 5.3877311488
424.0 5.437121536
426.0 5.4722404352
428.0 5.4957686784
430.0 5.509504
432.0 5.5137144832
434.0 5.5092201472
436.0 5.4950275072
438.0 5.4691653632
440.0 5.430656
442.0 5.3804455936
444.0 5.3190387712
446.0 5.2480124928
448.0 5.1696533504
450.0 5.085696
452.0 4.9965504512
454.0 4.9028159488
456.0 4.8053755904
458.0 4.705096704
460.0 4.602752
462.0 4.4992088064
464.0 4.3955236864
466.0 4.2915231744
468.0 4.1864976384
470.0 4.080384
472.0 3.9738761216
474.0 3.8670055424
476.0 3.7627369472
478.0 3.665406976
480.0 3.577728
482.0 3.4993846272
484.0 3.4306291712
486.0 3.3699162112
488.0 3.3144860672
490.0 3.262336
492.0 3.2138760192
494.0 3.1695634432
496.0 3.1270643712
498.0 3.0830671872
500.0 3.035648
502.0 2.985027584
504.0 2.9307328512
506.0 2.8755707904
508.0 2.8241145856
510.0 2.779392
512.0 2.7408037888
514.0 2.7080976384
516.0 2.681935872
518.0 2.6629492736
520.0 2.651264
522.0 2.6468169728
524.0 2.649923584
526.0 2.6576822272
528.0 2.6656774144
530.0 2.670976
532.0 2.6739564544
534.0 2.6747133952
536.0 2.672868352
538.0 2.6682636288
540.0 2.66112
542.0 2.6519420928
544.0 2.641329152
546.0 2.6311104512
548.0 2.6238091264
550.0 2.621696
552.0 2.6255280128
554.0 2.6356836352
556.0 2.6563260416
558.0 2.693132288
560.0 2.749824
562.0 2.8261804032
564.0 2.9222014976
566.0 3.037540352
568.0 3.1710930944
570.0 3.321472
572.0 3.4880147456
574.0 3.670216704
576.0 3.8633785344
578.0 4.0608770048
580.0 4.257792
582.0 4.453492736
584.0 4.6472853504
586.0 4.8359528448
588.0 5.0157105152
590.0 5.184256
592.0 5.3413369856
594.0 5.4862911488
596.0 5.622020096
598.0 5.7534124032
600.0 5.884032
602.0 6.0140838912
604.0 6.144388096
606.0 6.2766635008
608.0 6.4127236096
610.0 6.55424
612.0 6.7028527104
614.0 6.8604540928
616.0 7.0276749312
618.0 7.2045940736
620.0 7.392
622.0 7.5926050816
624.0 7.8095316992
626.0 8.0435683328
628.0 8.2947938304
630.0 8.564864
632.0 8.8583677952
634.0 9.1800834048
636.0 9.5350728704
638.0 9.929092096
640.0 10.368512
642.0 10.8579530752
644.0 11.4003800064
646.0 12.0110104576
648.0 12.7103449088
650.0 13.512576
652.0 14.4177352704
654.0 15.4256019456
656.0 16.5410961408
658.0 17.769264128
660.0 19.110784
662.0 20.5625649152
664.0 22.1231403008
666.0 23.7728927744
668.0 25.483042816
670.0 27.232128
672.0 29.014329344
674.0 30.8196962304
676.0 32.6435135488
678.0 34.4849139712
680.0 36.339072
682.0 38.1869694976
684.0 40.0047628288
686.0 41.797088256
688.0 43.5788480512
690.0 45.347456
692.0 47.0932137984
694.0 48.832616448
696.0 50.4461776896
698.0 51.7539663872
700.0 52.650752
702.0 53.1547641856
704.0 53.2455182336
706.0 53.0577811456
708.0 52.8116176896
710.0 52.650752
712.0 52.5572698112
714.0 52.5455845376
716.0 52.592325632
718.0 52.6390667264
720.0 52.650752
722.0 52.650752
724.0 52.650752
726.0 52.650752
728.0 52.650752
730.0 52.650752
732.0 52.650752
734.0 52.650752
736.0 52.650752
738.0 52.650752
740.0 52.650752
742.0 52.650752
744.0 52.650752
746.0 52.650752
748.0 52.650752
750.0 52.650752
