380.0 7.579264
382.0 7.63387963284
384.0 7.69396769415
386.0 7.74724917356
388.0 7.71858004076
390.0 7.579264
392.0 7.39018974046
394.0 7.17065563082
396.0 7.03307213339
398.0 7.13747314796
400.0 7.579264
402.0 8.3493093376
404.0 9.4686355456
406.0 10.8237961216
408.0 12.2267385856
410.0 13.552
412.0 14.8109502464
414.0 15.9871574016
416.0 17.0848319488
418.0 18.132043776
420.0 19.140352
422.0 20.0847775744
424.0 20.9522475008
426.0 21.7164265472
428.0 22.3422273536
430.0 22.806784
432.0 23.1111688192
434.0 23.2552241152
436.0 23.2427661312
438.0 23.0831777792
440.0 22.787072
442.0 22.3582808064
444.0 21.7990592512
446.0 21.142539264
448.0 20.4356354048
450.0 19.712
452.0 18.976505856
454.0 18.237700096
456.0 17.503546368
458.0 16.778144768
460.0 16.06528
462.0 15.3735938048
464.0 14.712327168
466.0 14.0730591232
468.0 13.4395469824
470.0 12.802944
472.0 12.167981056
474.0 11.5347054592
476.0 10.9161744384
478.0 10.3326519296
480.0 9.796864
482.0 9.3065240576
484.0 8.8620263424
486.0 8.4582141952
488.0 8.085547008
490.0 7.73696
492.0 7.4135728128
494.0 7.1164577792
496.0 6.8370835456
498.0 6.563465216
500.0 6.288128
502.0 6.0111665152
504.0 5.7306884096
506.0 5.45312768
508.0 5.1896807424
510.0 4.947712
512.0 4.7250767872
514.0 4.520434688
516.0 4.3363719168
518.0 4.1761212416
520.0 4.04096
522.0 3.9302100992
524.0 3.8443603968
526.0 3.7756995584
528.0 3.712479232
530.0 3.64672
532.0 3.5788791808
534.0 3.5084836864
536.0 3.43422464
538.0 3.3554712576
540.0 3.272192
542.0 3.1840083968
544.0 3.090289664
546.0 2.9955459072
548.0 2.9067157504
550.0 2.828672
552.0 2.7610361856
554.0 2.7035717632
556.0 2.6591172608
558.0 2.6312208384
560.0 2.621696
562.0 2.6299592704
564.0 2.6559633408
566.0 2.6953715712
568.0 2.7414818816
570.0 2.789248
572.0 2.8385753088
574.0 2.8894953472
576.0 2.9368672256
578.0 2.973831168
580.0 2.996224
582.0 3.0045503488
584.0 2.9986840576
586.0 2.9819367424
588.0 2.9599066112
590.0 2.937088
592.0 2.9148055552
594.0 2.8952827904
596.0 2.8818313216
598.0 2.8780781568
600.0 2.887808
602.0 2.9156098048
604.0 2.9670660096
606.0 3.0443055104
608.0 3.1481956352
610.0 3.282048
612.0 3.4528800768
614.0 3.6669681664
616.0 3.935619072
618.0 4.2730254336
620.0 4.691456
622.0 5.196792832
624.0 5.794302976
626.0 6.498100224
628.0 7.325452288
630.0 8.288896
632.0 9.3911279616
634.0 10.634466304
636.0 12.0231215104
638.0 13.5604840448
640.0 15.247232
642.0 17.0783664128
644.0 19.0454820864
646.0 21.147743232
648.0 23.3860171776
650.0 25.753728
652.0 28.2357526528
654.0 30.819396608
656.0 33.4680901632
658.0 36.1327110144
660.0 38.773504
662.0 41.3789257728
664.0 43.9393411072
666.0 46.4128659456
668.0 48.746829824
670.0 50.90624
672.0 52.8843313152
674.0 54.6684092416
676.0 56.279021568
678.0 57.7560653824
680.0 59.126144
682.0 60.380852224
684.0 61.515948032
686.0 62.544125952
688.0 63.48210176
690.0 64.339968
692.0 65.1230705664
694.0 65.84478208
696.0 66.4769222656
698.0 66.9724188672
700.0 67.306624
702.0 67.4914594816
704.0 67.5258372096
706.0 67.4595260416
708.0 67.3694816256
710.0 67.306624
712.0 67.2686508032
714.0 67.2639041536
716.0 67.282890752
718.0 67.3018773504
720.0 67.306624
722.0 67.306624
724.0 67.306624
726.0 67.306624
728.0 67.306624
730.0 67.306624
732.0 67.306624
734.0 67.306624
736.0 67.306624
738.0 67.306624
740.0 67.306624
742.0 67.306624
744.0 67.306624
746.0 67.306624
748.0 67.306624
750.0 67.306624
