380.0 6.022016
382.0 6.05073991141
384.0 6.08318876834
386.0 6.11364567579
388.0 6.09888533019
390.0 6.022016
392.0 5.91842881752
394.0 5.79918740211
396.0 5.72516323975
398.0 5.78273638939
400.0 6.022016
402.0 6.4377657344
404.0 7.0435391488
406.0 7.7637210112
408.0 8.4751507456
410.0 9.097088
412.0 9.6393730048
414.0 10.0944678912
416.0 10.4723705856
418.0 10.801150976
420.0 11.097856
422.0 11.350406144
424.0 11.5525093376
426.0 11.7075402752
428.0 11.8207817728
430.0 11.896192
432.0 11.9347802112
434.0 11.9384860672
436.0 11.9082872832
438.0 11.8444992512
440.0 11.748352
442.0 11.622352896
444.0 11.4683942912
446.0 11.2912543744
448.0 11.0971621376
450.0 10.89088
452.0 10.6739218432
454.0 10.4480538624
456.0 10.2154838016
458.0 9.9781828608
460.0 9.737728
462.0 9.4961534976
464.0 9.2561401856
466.0 9.0153383936
468.0 8.7691749376
470.0 8.515584
472.0 8.2563002368
474.0 7.9911817216
476.0 7.7274824704
478.0 7.4761623552
480.0 7.24416
482.0 7.0306080768
484.0 6.8361058304
486.0 6.657609728
488.0 6.4894427136
490.0 6.327552
492.0 6.1729941504
494.0 6.026825728
496.0 5.8845208576
498.0 5.7396140032
500.0 5.588352
502.0 5.4312394752
504.0 5.2674564096
506.0 5.102332928
508.0 4.9445423104
510.0 4.799872
512.0 4.6671865856
514.0 4.545902592
516.0 4.4377862144
518.0 4.3448086528
520.0 4.267648
522.0 4.2060046336
524.0 4.1603989504
526.0 4.1248858112
528.0 4.090397696
530.0 4.050816
532.0 4.0068030464
534.0 3.9585165312
536.0 3.904474112
538.0 3.8433353728
540.0 3.774848
542.0 3.699390464
544.0 3.616836608
546.0 3.532705792
548.0 3.455277056
550.0 3.390464
552.0 3.338108928
554.0 3.298132992
556.0 3.274320896
558.0 3.27140352
560.0 3.291904
562.0 3.3350496256
564.0 3.400556544
566.0 3.4838042624
568.0 3.5776176128
570.0 3.676288
572.0 3.7793581056
574.0 3.8867963904
576.0 3.9907653632
578.0 4.080541696
580.0 4.149376
582.0 4.1980409856
584.0 4.2265997312
586.0 4.2378119168
588.0 4.2368026624
590.0 4.228224
592.0 4.2135898112
594.0 4.1946820608
596.0 4.1793224704
598.0 4.177918976
600.0 4.198656
602.0 4.2447505408
604.0 4.3202238464
606.0 4.429049856
608.0 4.5746190336
610.0 4.760448
612.0 4.9901637632
614.0 5.26665216
616.0 5.5947071488
618.0 5.9798480896
620.0 6.426112
622.0 6.9352966144
624.0 7.5096096768
626.0 8.1482627072
628.0 8.8487325696
630.0 9.6096
632.0 10.4332619776
634.0 11.3225254912
636.0 12.2745520128
638.0 13.2844529664
640.0 14.350336
642.0 15.4733207552
644.0 16.6514833408
646.0 17.8979282944
648.0 19.232761856
650.0 20.668032
652.0 22.1980616704
654.0 23.8175207424
656.0 25.5252107264
658.0 27.3191604224
660.0 29.193472
662.0 31.1415064576
664.0 33.1596683264
666.0 35.2169388032
668.0 37.2694784
670.0 39.286016
672.0 41.2606380032
674.0 43.1823214592
676.0 45.0495997952
678.0 46.8683077632
680.0 48.63936
682.0 50.3477911552
684.0 51.9774216192
686.0 53.5326195712
688.0 55.0249756672
690.0 56.455168
692.0 57.8194434048
694.0 59.1313795072
696.0 60.3177107456
698.0 61.266788352
700.0 61.915392
702.0 62.2783766528
704.0 62.3444985856
706.0 62.2110562304
708.0 62.0339320832
710.0 61.915392
712.0 61.8455011328
714.0 61.8367647744
716.0 61.871710208
718.0 61.9066556416
720.0 61.915392
722.0 61.915392
724.0 61.915392
726.0 61.915392
728.0 61.915392
730.0 61.915392
732.0 61.915392
734.0 61.915392
736.0 61.915392
738.0 61.915392
740.0 61.915392
742.0 61.915392
744.0 61.915392
746.0 61.915392
748.0 61.915392
750.0 61.915392
