380.0 12.251008
382.0 12.3650706486
384.0 12.4927835837
386.0 12.6104462282
388.0 12.5514048458
390.0 12.251008
392.0 11.8450105937
394.0 11.3756273179
396.0 11.0829480691
398.0 11.3082213322
400.0 12.251008
402.0 13.8898794496
404.0 16.27383296
406.0 19.1238569984
408.0 21.9835793408
410.0 24.551296
412.0 26.8621574144
414.0 28.8897337344
416.0 30.6482018304
418.0 32.2076575744
420.0 33.60896
422.0 34.808947712
424.0 35.7826258944
426.0 36.5453068288
428.0 37.1245084672
430.0 37.541504
432.0 37.798627328
434.0 37.9014135808
436.0 37.8683447296
438.0 37.7222866944
440.0 37.482368
442.0 37.1578138624
444.0 36.7576918016
446.0 36.2986702848
448.0 35.799515136
450.0 35.274624
452.0 34.73096704
454.0 34.1758455808
456.0 33.6119719936
458.0 33.0386366464
460.0 32.455808
462.0 31.869494272
464.0 31.2868233216
466.0 30.6986330112
468.0 30.0889960448
470.0 29.449728
472.0 28.7849762816
474.0 28.0938104832
476.0 27.3949175808
478.0 26.7171559424
480.0 26.078976
482.0 25.4778861568
484.0 24.9151479808
486.0 24.3848951808
488.0 23.8754582528
490.0 23.378432
492.0 22.8966391808
494.0 22.4332494848
496.0 21.9766407168
498.0 21.5097817088
500.0 21.022848
502.0 20.5178107904
504.0 19.9932981248
506.0 19.4624776192
508.0 18.9466382336
510.0 18.460288
512.0 18.000919552
514.0 17.5668928512
516.0 17.1651938304
518.0 16.8045746176
520.0 16.489088
522.0 16.2176301056
524.0 15.9916990464
526.0 15.7948628992
528.0 15.601732608
530.0 15.395072
532.0 15.1772307456
534.0 14.9496123392
536.0 14.7056723968
538.0 14.4378415104
540.0 14.14336
542.0 13.8240413696
544.0 13.4792706048
546.0 13.128428544
548.0 12.8008466432
550.0 12.51712
552.0 12.2761447424
554.0 12.0775424
556.0 11.9321624576
558.0 11.8530936832
560.0 11.846912
562.0 11.9114727424
564.0 12.0464132096
566.0 12.2348914688
568.0 12.450966528
570.0 12.674816
572.0 12.9055094784
574.0 13.1427473408
576.0 13.3650040832
578.0 13.5435001856
580.0 13.660416
582.0 13.7178804224
584.0 13.7161142272
586.0 13.665068032
588.0 13.5822460928
590.0 13.483008
592.0 13.3716588544
594.0 13.253087232
596.0 13.1513102336
598.0 13.0982612992
600.0 13.118336
602.0 13.2188672
604.0 13.4086701056
606.0 13.6995561472
608.0 14.1024851968
610.0 14.626304
612.0 15.2767369216
614.0 16.0578998272
616.0 16.9738139648
618.0 18.0273967104
620.0 19.2192
622.0 20.5468899328
624.0 22.0067606528
626.0 23.5923150848
628.0 25.2947222528
630.0 27.104
632.0 29.0125473792
634.0 31.0137253888
636.0 33.0849204224
638.0 35.196249088
640.0 37.324672
642.0 39.4610427904
644.0 41.5931715584
646.0 43.7143404544
648.0 45.8218686464
650.0 47.910016
652.0 49.966687232
654.0 51.9819474944
656.0 53.9422507008
658.0 55.8319060992
660.0 57.637888
662.0 59.3557020672
664.0 60.9836136448
666.0 62.5047650304
668.0 63.897078784
670.0 65.14816
672.0 66.2590652416
674.0 67.2264198144
676.0 68.0734523392
678.0 68.83745792
680.0 69.543936
682.0 70.1910730752
684.0 70.7807772672
686.0 71.3186783232
688.0 71.8089551872
690.0 72.254336
692.0 72.660639744
694.0 73.0367762432
696.0 73.3674962944
698.0 73.6270166016
700.0 73.801728
702.0 73.8982537216
704.0 73.9161995264
706.0 73.8815537152
708.0 73.834528768
710.0 73.801728
712.0 73.7819213824
714.0 73.7794455552
716.0 73.789348864
718.0 73.7992521728
720.0 73.801728
722.0 73.801728
724.0 73.801728
726.0 73.801728
728.0 73.801728
730.0 73.801728
732.0 73.801728
734.0 73.801728
736.0 73.801728
738.0 73.801728
740.0 73.801728
742.0 73.801728
744.0 73.801728
746.0 73.801728
748.0 73.801728
750.0 73.801728
