380.0 2.917376
382.0 2.92386281364
384.0 2.93112271495
386.0 2.93780502636
388.0 2.93444610156
390.0 2.917376
392.0 2.89432408926
394.0 2.86773103562
396.0 2.85117921819
398.0 2.86395885676
400.0 2.917376
402.0 3.0103220224
404.0 3.1457040384
406.0 3.3077366784
408.0 3.4705577984
410.0 3.617152
412.0 3.7494116352
414.0 3.8654285824
416.0 3.9672528896
418.0 4.0607981568
420.0 4.149376
422.0 4.2297851904
424.0 4.3000702976
426.0 4.3597109248
428.0 4.408233984
430.0 4.445056
432.0 4.4700192768
434.0 4.4835811328
436.0 4.4830291968
438.0 4.4643422208
440.0 4.425344
442.0 4.3669491712
444.0 4.2893785088
446.0 4.1960382464
448.0 4.0922112
450.0 3.981824
452.0 3.8653339648
454.0 3.7436084224
456.0 3.618965504
458.0 3.4940071936
460.0 3.370752
462.0 3.2503984128
464.0 3.134365696
466.0 3.0225907712
468.0 2.9142063104
470.0 2.80896
472.0 2.7077033984
474.0 2.6106888192
476.0 2.519745536
478.0 2.4374755328
480.0 2.36544
482.0 2.3033235456
484.0 2.2511104
486.0 2.2075705344
488.0 2.1706539008
490.0 2.138752
492.0 2.1118806016
494.0 2.0901658624
496.0 2.0712896512
498.0 2.0520192
500.0 2.030336
502.0 2.0062242816
504.0 1.9791163392
506.0 1.9508256768
508.0 1.9245062144
510.0 1.902208
512.0 1.8833475584
514.0 1.8676410368
516.0 1.8554826752
518.0 1.8472667136
520.0 1.843072
522.0 1.8428512256
524.0 1.8468093952
526.0 1.8531330048
528.0 1.8590623744
530.0 1.862784
532.0 1.8644871168
534.0 1.8640928768
536.0 1.8617274368
538.0 1.8578638848
540.0 1.852928
542.0 1.8472036352
544.0 1.8413058048
546.0 1.8353291264
548.0 1.829194752
550.0 1.82336
552.0 1.819338752
554.0 1.8188498944
556.0 1.8232496128
558.0 1.8339571712
560.0 1.852928
562.0 1.882496
564.0 1.9248058368
566.0 1.9844622336
568.0 2.0672999424
570.0 2.178176
572.0 2.3183046656
574.0 2.4879067136
576.0 2.6942519296
578.0 2.9471963136
580.0 3.25248
582.0 3.6076587008
584.0 4.0101462016
586.0 4.4574982144
588.0 4.9459300352
590.0 5.47008
592.0 6.0258953216
594.0 6.6109159424
596.0 7.2061079552
598.0 7.784899584
600.0 8.32832
602.0 8.834681856
604.0 9.3014147072
606.0 9.7214695424
608.0 10.0881442816
610.0 10.39808
612.0 10.6513713152
614.0 10.8479709184
616.0 10.9978136576
618.0 11.1163537408
620.0 11.216128
622.0 11.3007949824
624.0 11.3752590336
626.0 11.4510635008
628.0 11.542006784
630.0 11.659648
632.0 11.8112096256
634.0 12.0049707008
636.0 12.24667136
638.0 12.5404116992
640.0 12.891648
642.0 13.307098112
644.0 13.791145984
646.0 14.357195776
648.0 15.022594048
650.0 15.799168
652.0 16.6867283968
654.0 17.68442368
656.0 18.7956600832
658.0 20.0237492224
660.0 21.367808
662.0 22.82413056
664.0 24.3911084032
666.0 26.0462383104
668.0 27.7567983616
670.0 29.499008
672.0 31.2671113216
674.0 33.0503849984
676.0 34.8476147712
678.0 36.663689216
680.0 38.497536
682.0 40.3294746624
684.0 42.1356931072
686.0 43.92070144
688.0 45.6986923008
690.0 47.466496
692.0 49.2147453952
694.0 50.960329728
696.0 52.5820438528
698.0 53.8973546496
700.0 54.79936
702.0 55.3063841792
704.0 55.3976270848
706.0 55.2086441984
708.0 54.9609984
710.0 54.79936
712.0 54.7054993408
714.0 54.6937667584
716.0 54.740697088
718.0 54.7876274176
720.0 54.79936
722.0 54.79936
724.0 54.79936
726.0 54.79936
728.0 54.79936
730.0 54.79936
732.0 54.79936
734.0 54.79936
736.0 54.79936
738.0 54.79936
740.0 54.79936
742.0 54.79936
744.0 54.79936
746.0 54.79936
748.0 54.79936
750.0 54.79936
