380.0 9.718016
382.0 9.77362458947
384.0 9.83720429676
386.0 9.89835216573
388.0 9.87006150333
390.0 9.718016
392.0 9.51380714981
394.0 9.27978130594
396.0 9.13519399343
398.0 9.24899157693
400.0 9.718016
402.0 10.5320112128
404.0 11.7197774848
406.0 13.1206699008
408.0 14.4744900608
410.0 15.611904
412.0 16.5555884032
414.0 17.2917291008
416.0 17.8486482944
418.0 18.295574528
420.0 18.67712
422.0 18.9708445696
424.0 19.1658829824
426.0 19.2816791552
428.0 19.345514496
430.0 19.376896
432.0 19.3793245184
434.0 19.3590290432
436.0 19.31815424
438.0 19.2550443008
440.0 19.16992
442.0 19.0685372416
444.0 18.955374592
446.0 18.8321193984
448.0 18.6995601408
450.0 18.558848
452.0 18.4120803328
454.0 18.2607867904
456.0 18.106970112
458.0 17.9528380416
460.0 17.799936
462.0 17.6495097856
464.0 17.503546368
466.0 17.3594753024
468.0 17.2126445568
470.0 17.060736
472.0 16.9053423616
474.0 16.7466686464
476.0 16.5899661312
478.0 16.443198464
480.0 16.31168
482.0 16.195063808
484.0 16.0937756672
486.0 16.0077840384
488.0 15.9361427456
490.0 15.878016
492.0 15.834176512
494.0 15.8057754624
496.0 15.7890439168
498.0 15.7781471232
500.0 15.7696
502.0 15.7641752576
504.0 15.7616048128
506.0 15.765026816
508.0 15.7796452352
510.0 15.809024
512.0 15.853415424
514.0 15.914207232
516.0 15.990610944
518.0 16.080576512
520.0 16.183552
522.0 16.3016505344
524.0 16.436338688
526.0 16.5913696256
528.0 16.7718684672
530.0 16.981888
532.0 17.2214755328
534.0 17.4896060416
536.0 17.7929816064
538.0 18.1411428352
540.0 18.539136
542.0 18.984390656
544.0 19.4755190784
546.0 20.0046522368
548.0 20.5598052352
550.0 21.131264
552.0 21.7166788608
554.0 22.3134005248
556.0 22.9109106688
558.0 23.4958839808
560.0 24.058496
562.0 24.5962235904
564.0 25.1062755328
566.0 25.5854979072
568.0 26.0316829696
570.0 26.443648
572.0 26.8202891264
574.0 27.1604867072
576.0 27.46906624
578.0 27.7538336768
580.0 28.020608
582.0 28.2689318912
584.0 28.49803264
586.0 28.7146754048
588.0 28.9282430976
590.0 29.144192
592.0 29.3620647936
594.0 29.5833438208
596.0 29.79981312
598.0 29.9980685312
600.0 30.169216
602.0 30.31587328
604.0 30.440531968
606.0 30.538461184
608.0 30.603195392
610.0 30.632448
612.0 30.6304294912
614.0 30.600751104
616.0 30.5538050048
618.0 30.5042569216
620.0 30.464896
622.0 30.4415885312
624.0 30.4406581248
626.0 30.4770228224
628.0 30.568896512
630.0 30.731008
632.0 30.9704062976
634.0 31.2945977344
636.0 31.7123028992
638.0 32.231721984
640.0 32.859904
642.0 33.5991513088
644.0 34.4477765632
646.0 35.4194046976
648.0 36.533195776
650.0 37.79776
652.0 39.2041086976
654.0 40.7449563136
656.0 42.3991085056
658.0 44.1360510976
660.0 45.92896
662.0 47.769587712
664.0 49.6526514176
666.0 51.5333496832
668.0 53.3512060928
670.0 55.065472
672.0 56.6701549568
674.0 58.1515354112
676.0 59.5254460416
678.0 60.82571264
680.0 62.073088
682.0 63.2548933632
684.0 64.3622977536
686.0 65.400631296
688.0 66.3780153344
690.0 67.296768
692.0 68.1584820224
694.0 68.974338048
696.0 69.7036978176
698.0 70.2830886912
700.0 70.677376
702.0 70.8971884544
704.0 70.9375113216
706.0 70.8573544448
708.0 70.750152704
710.0 70.677376
712.0 70.6341042176
714.0 70.6286952448
716.0 70.650331136
718.0 70.6719670272
720.0 70.677376
722.0 70.677376
724.0 70.677376
726.0 70.677376
728.0 70.677376
730.0 70.677376
732.0 70.677376
734.0 70.677376
736.0 70.677376
738.0 70.677376
740.0 70.677376
742.0 70.677376
744.0 70.677376
746.0 70.677376
748.0 70.677376
750.0 70.677376
