380.0 7.49056
382.0 7.51968441398
384.0 7.55326068413
386.0 7.58608280522
388.0 7.57136976842
390.0 7.49056
392.0 7.38230222417
394.0 7.25870213659
396.0 7.18263720691
398.0 7.24305816522
400.0 7.49056
402.0 7.91988736
404.0 8.5472493568
406.0 9.2833427456
408.0 9.9839545344
410.0 10.555776
412.0 11.0117697536
414.0 11.3441929216
416.0 11.5733252096
418.0 11.7442676736
420.0 11.886336
422.0 11.9870091264
424.0 12.0406573056
426.0 12.0586661888
428.0 12.05625344
430.0 12.044032
432.0 12.0241465344
434.0 12.0003975168
436.0 11.9710502912
438.0 11.9307431936
440.0 11.87648
442.0 11.8113042432
444.0 11.7371082752
446.0 11.6541601792
448.0 11.5625388032
450.0 11.462528
452.0 11.3546797056
454.0 11.2393408512
456.0 11.1176941568
458.0 10.9913165824
460.0 10.861312
462.0 10.7284373504
464.0 10.5941434368
466.0 10.4566956032
468.0 10.3129399296
470.0 10.161536
472.0 10.0039503872
474.0 9.8405773312
476.0 9.6764157952
478.0 9.5188774912
480.0 9.373056
482.0 9.2388882432
484.0 9.1168315392
486.0 9.0078636032
488.0 8.9125363712
490.0 8.830976
492.0 8.7637817344
494.0 8.7120259072
496.0 8.671860736
498.0 8.6372149248
500.0 8.604288
502.0 8.573852672
504.0 8.545861632
506.0 8.521812992
508.0 8.504466432
510.0 8.495872
512.0 8.4967866368
514.0 8.509039616
516.0 8.5319370752
518.0 8.5636655104
520.0 8.604288
522.0 8.656958464
524.0 8.7243261952
526.0 8.8120367104
528.0 8.9275805696
530.0 9.077376
532.0 9.2631891968
534.0 9.4856351744
536.0 9.755153408
538.0 10.0859365376
540.0 10.486784
542.0 10.9557876736
544.0 11.49130752
546.0 12.0909307904
548.0 12.7501631488
550.0 13.463296
552.0 14.226308096
554.0 15.0358247424
556.0 15.8748305408
558.0 16.7199864832
560.0 17.553536
562.0 18.3714105344
564.0 19.1689422848
566.0 19.9350925312
568.0 20.6577186816
570.0 21.328384
572.0 21.944108032
574.0 22.5015949312
576.0 23.0040459264
578.0 23.4587150336
580.0 23.871232
582.0 24.240319488
584.0 24.5646055424
586.0 24.8538830848
588.0 25.1223447552
590.0 25.3792
592.0 25.6245434368
594.0 25.8606143488
596.0 26.0828080128
598.0 26.2822934528
600.0 26.453504
602.0 26.5999089664
604.0 26.7250249728
606.0 26.8247519232
608.0 26.8927031296
610.0 26.926592
612.0 26.9311494144
614.0 26.9104596992
616.0 26.873448448
618.0 26.8324159488
620.0 26.798464
622.0 26.7774431232
624.0 26.775440384
626.0 26.8066326528
628.0 26.8884453376
630.0 27.035008
632.0 27.2530542592
634.0 27.5497750528
636.0 27.9338594304
638.0 28.41366528
640.0 28.996352
642.0 29.6845215744
644.0 30.4772593664
646.0 31.3871652864
648.0 32.4316647424
650.0 33.618816
652.0 34.9406711808
654.0 36.3903074304
656.0 37.950567424
658.0 39.5968505856
660.0 41.306496
662.0 43.0715400192
664.0 44.887456768
666.0 46.7103909888
668.0 48.4804182016
670.0 50.157184
672.0 51.7355159552
674.0 53.2026564608
676.0 54.5728927744
678.0 55.877369856
680.0 57.135232
682.0 58.3332169728
684.0 59.4602860544
686.0 60.526169088
688.0 61.5463202816
690.0 62.526464
692.0 63.4665056256
694.0 64.379076608
696.0 65.2104341504
698.0 65.8769205248
700.0 66.33088
702.0 66.5844867072
704.0 66.6306443264
706.0 66.5373198336
708.0 66.4135600128
710.0 66.33088
712.0 66.2821834752
714.0 66.2760964096
716.0 66.300444672
718.0 66.3247929344
720.0 66.33088
722.0 66.33088
724.0 66.33088
726.0 66.33088
728.0 66.33088
730.0 66.33088
732.0 66.33088
734.0 66.33088
736.0 66.33088
738.0 66.33088
740.0 66.33088
742.0 66.33088
744.0 66.33088
746.0 66.33088
748.0 66.33088
750.0 66.33088
