380.0 5.539072
382.0 5.55416041364
384.0 5.57157020295
386.0 5.58861744236
388.0 5.58100072556
390.0 5.539072
392.0 5.48290966366
394.0 5.41879356362
396.0 5.37934141979
398.0 5.41069477996
400.0 5.539072
402.0 5.7617229824
404.0 6.0870656
406.0 6.4685479936
408.0 6.8310280192
410.0 7.125888
412.0 7.3597827072
414.0 7.5285016576
416.0 7.642894336
418.0 7.7269305344
420.0 7.796096
422.0 7.8436098048
424.0 7.866349568
426.0 7.8697715712
428.0 7.8611298304
430.0 7.845376
432.0 7.823456256
434.0 7.7972314112
436.0 7.7649352704
438.0 7.7226254336
440.0 7.667968
442.0 7.6025556992
444.0 7.5273662464
446.0 7.4424784896
448.0 7.3479712768
450.0 7.24416
452.0 7.1315177472
454.0 7.0103914496
456.0 6.882326528
458.0 6.7494518784
460.0 6.613376
462.0 6.4748716032
464.0 6.335200256
466.0 6.1940307968
468.0 6.0502593536
470.0 5.903744
472.0 5.755667456
474.0 5.6064555008
476.0 5.4598455296
478.0 5.3211992064
480.0 5.194112
482.0 5.078441984
484.0 4.9743783936
486.0 4.8820631552
488.0 4.8011020288
490.0 4.73088
492.0 4.6716966912
494.0 4.6243878912
496.0 4.5846484992
498.0 4.5459341312
500.0 4.504192
502.0 4.46003712
504.0 4.4130752512
506.0 4.3658768384
508.0 4.3229362176
510.0 4.28736
512.0 4.2589274112
514.0 4.2380642304
516.0 4.2255589376
518.0 4.2220423168
520.0 4.228224
522.0 4.245255168
524.0 4.2744446976
526.0 4.3159345152
528.0 4.3694092288
530.0 4.4352
532.0 4.5145368576
534.0 4.6082240512
536.0 4.7191001088
538.0 4.8510285824
540.0 5.006848
542.0 5.1871891456
544.0 5.3929351168
546.0 5.624937472
548.0 5.8837481472
550.0 6.169856
552.0 6.4834660352
554.0 6.824215552
556.0 7.1933503488
558.0 7.5926839296
560.0 8.022784
562.0 8.4818843648
564.0 8.9680611328
566.0 9.4792327168
568.0 10.0127971328
570.0 10.565632
572.0 11.1349618688
574.0 11.7183582208
576.0 12.3085355008
578.0 12.8959531008
580.0 13.473152
582.0 14.0371359744
584.0 14.5841676288
586.0 15.1110930432
588.0 15.6155467776
590.0 16.094848
592.0 16.5461897216
594.0 16.9679634432
596.0 17.3546498048
598.0 17.6991524864
600.0 17.997056
602.0 18.2494642176
604.0 18.4578910208
606.0 18.622557184
608.0 18.7440934912
610.0 18.82496
612.0 18.8692568064
614.0 18.881020928
616.0 18.8704710656
618.0 18.8511690752
620.0 18.834816
622.0 18.8275935232
624.0 18.8364087296
626.0 18.872111104
628.0 18.9468432384
630.0 19.07136
632.0 19.2539404288
634.0 19.503604736
636.0 19.8269919232
638.0 20.2293848064
640.0 20.717312
642.0 21.2966713344
644.0 21.9696074752
646.0 22.75513856
648.0 23.6793632768
650.0 24.758272
652.0 25.9871338496
654.0 27.361123328
656.0 28.8771180544
658.0 30.5293621248
660.0 32.307968
662.0 34.2052716544
664.0 36.2176303104
666.0 38.3018983424
668.0 40.3968897024
670.0 42.459648
672.0 44.4830138368
674.0 46.4521007104
676.0 48.369463296
678.0 50.2497673216
680.0 52.098816
682.0 53.8974650368
684.0 55.626790912
686.0 57.2890959872
688.0 58.8932112384
690.0 60.436992
692.0 61.916022784
694.0 63.3446223872
696.0 64.6405996544
698.0 65.6793747456
700.0 66.390016
702.0 66.7881037824
704.0 66.8604862464
706.0 66.7138289664
708.0 66.5195474944
710.0 66.390016
712.0 66.3138172928
714.0 66.3042924544
716.0 66.342391808
718.0 66.3804911616
720.0 66.390016
722.0 66.390016
724.0 66.390016
726.0 66.390016
728.0 66.390016
730.0 66.390016
732.0 66.390016
734.0 66.390016
736.0 66.390016
738.0 66.390016
740.0 66.390016
742.0 66.390016
744.0 66.390016
746.0 66.390016
748.0 66.390016
750.0 66.390016
