380.0 3.341184
382.0 3.3469528064
384.0 3.3535531008
386.0 3.3599096832
388.0 3.3569765376
390.0 3.341184
392.0 3.3200125952
394.0 3.2958564352
396.0 3.2809900032
398.0 3.2927741952
400.0 3.341184
402.0 3.4253305856
404.0 3.5484280832
406.0 3.6937607168
408.0 3.8342047744
410.0 3.952256
412.0 4.0507213824
414.0 4.1286862848
416.0 4.1894623232
418.0 4.2406189056
420.0 4.28736
422.0 4.3280140288
424.0 4.3619817472
426.0 4.3929532416
428.0 4.425974784
430.0 4.464768
432.0 4.5104367616
434.0 4.5646841856
436.0 4.6279202816
438.0 4.6996719616
440.0 4.78016
442.0 4.8712452096
444.0 4.9745360896
446.0 5.0913888256
448.0 5.2232226816
450.0 5.37152
452.0 5.5379208192
454.0 5.7242228736
456.0 5.931813888
458.0 6.1619554304
460.0 6.416256
462.0 6.6952833024
464.0 6.997996544
466.0 7.3317758976
468.0 7.7075023872
470.0 8.1312
472.0 8.6004402176
474.0 9.1143714816
476.0 9.6652036096
478.0 10.2407940096
480.0 10.831744
482.0 11.4362243072
484.0 12.0514594816
486.0 12.670321664
488.0 13.2844529664
490.0 13.887104
492.0 14.475546624
494.0 15.047667712
496.0 15.59771136
498.0 16.118975488
500.0 16.60736
502.0 17.0618871808
504.0 17.480443904
506.0 17.8694326272
508.0 18.2396555264
510.0 18.598272
512.0 18.9443674112
514.0 19.2786040832
516.0 19.6008558592
518.0 19.9097823232
520.0 20.2048
522.0 20.4875016192
524.0 20.7592906752
526.0 21.0199621632
528.0 21.2688064512
530.0 21.505792
532.0 21.7319122944
534.0 21.9477665792
536.0 22.155736064
538.0 22.3591323648
540.0 22.560384
542.0 22.75986944
544.0 22.958093312
546.0 23.156159488
548.0 23.35517184
550.0 23.55584
552.0 23.7584320512
554.0 23.963247616
556.0 24.1694824448
558.0 24.3757172736
560.0 24.580864
562.0 24.7849857024
564.0 24.9881612288
566.0 25.1889713152
568.0 25.3854447616
570.0 25.57632
572.0 25.7617547264
574.0 25.9418120192
576.0 26.116744192
578.0 26.2871031808
580.0 26.453504
582.0 26.6152685568
584.0 26.770709504
586.0 26.9244157952
588.0 27.0835625984
590.0 27.25184
592.0 27.427592192
594.0 27.6111030272
596.0 27.7939042304
598.0 27.9629070336
600.0 28.109312
602.0 28.234759168
604.0 28.3406362624
606.0 28.4232531968
608.0 28.4780367872
610.0 28.503552
612.0 28.5030631424
614.0 28.4797083648
616.0 28.4416090112
618.0 28.4001191936
620.0 28.365568
622.0 28.343411712
624.0 28.3393431552
626.0 28.3670503424
628.0 28.4434855936
630.0 28.5824
632.0 28.7905902592
634.0 29.0756573184
636.0 29.4452494336
638.0 29.9061475328
640.0 30.464896
642.0 31.1248852992
644.0 31.8855950336
646.0 32.762369024
648.0 33.7766539264
650.0 34.93952
652.0 36.2430666752
654.0 37.680197632
656.0 39.2368621568
658.0 40.8926386176
660.0 42.6272
662.0 44.4323618816
664.0 46.3043237888
666.0 48.19465728
668.0 50.0361050112
670.0 51.783424
672.0 53.4314575872
674.0 54.96612352
676.0 56.4030179328
678.0 57.7762820096
680.0 59.106432
682.0 60.378802176
684.0 61.5821488128
686.0 62.7221805056
688.0 63.8083590144
690.0 64.842624
692.0 65.8252908544
694.0 66.7685810176
696.0 67.6206440448
698.0 68.30129152
700.0 68.765312
702.0 69.0245326848
704.0 69.0718414848
706.0 68.9767507968
708.0 68.8502786048
710.0 68.765312
712.0 68.7151015936
714.0 68.7088252928
716.0 68.733930496
718.0 68.7590356992
720.0 68.765312
722.0 68.765312
724.0 68.765312
726.0 68.765312
728.0 68.765312
730.0 68.765312
732.0 68.765312
734.0 68.765312
736.0 68.765312
738.0 68.765312
740.0 68.765312
742.0 68.765312
744.0 68.765312
746.0 68.765312
748.0 68.765312
750.0 68.765312
