380.0 4.031104
382.0 4.03792159798
384.0 4.04575614653
386.0 4.05336697802
388.0 4.04991343562
390.0 4.031104
392.0 4.00591044177
394.0 3.97718886939
396.0 3.95953167091
398.0 3.97357136842
400.0 4.031104
402.0 4.1310359552
404.0 4.2772359168
406.0 4.4492980224
408.0 4.61418496
410.0 4.750592
412.0 4.86176768
414.0 4.9462769664
416.0 5.0087876608
418.0 5.0595500032
420.0 5.105408
422.0 5.1438542848
424.0 5.1738165248
426.0 5.1989690368
428.0 5.2242792448
430.0 5.253248
432.0 5.286521856
434.0 5.3252046848
436.0 5.3692491776
438.0 5.4177091584
440.0 5.47008
442.0 5.5271028736
444.0 5.5891562496
446.0 5.6562558976
448.0 5.7283229696
450.0 5.805184
452.0 5.8866024448
454.0 5.9722786816
456.0 6.0616607744
458.0 6.1540390912
460.0 6.248704
462.0 6.3451981824
464.0 6.4431273984
466.0 6.5412143104
468.0 6.6378031104
470.0 6.731648
472.0 6.8224178176
474.0 6.9097498624
476.0 6.9930606592
478.0 7.071798272
480.0 7.1456
482.0 7.2141819904
484.0 7.2771500032
486.0 7.33522944
488.0 7.3896818688
490.0 7.44128
492.0 7.4901026816
494.0 7.536764928
496.0 7.5799578624
498.0 7.6174737408
500.0 7.648256
502.0 7.6732823552
504.0 7.6931047424
506.0 7.7099309056
508.0 7.7269936128
510.0 7.746816
512.0 7.7706754048
514.0 7.8006849536
516.0 7.8367657984
518.0 7.8778140672
520.0 7.924224
522.0 7.9788972032
524.0 8.0442148864
526.0 8.1250656256
528.0 8.2278361088
530.0 8.357888
532.0 8.5165459456
534.0 8.7041253376
536.0 8.9289209856
538.0 9.2022081536
540.0 9.530752
542.0 9.9129124864
544.0 10.3476330496
546.0 10.8308451328
548.0 11.355767808
550.0 11.915904
552.0 12.50844672
554.0 13.1306835968
556.0 13.7703458816
558.0 14.4110331904
560.0 15.040256
562.0 15.6548130816
564.0 16.2511405056
566.0 16.8220000256
568.0 17.3597433856
570.0 17.859072
572.0 18.3179042816
574.0 18.7340640256
576.0 19.1100112896
578.0 19.4510288896
580.0 19.76128
582.0 20.0399919104
584.0 20.2861869056
586.0 20.5073870848
588.0 20.714473472
590.0 20.914432
592.0 21.1072311296
594.0 21.2945266688
596.0 21.4722816
598.0 21.6330053632
600.0 21.771904
602.0 21.8916425728
604.0 21.994964992
606.0 22.0782600192
608.0 22.1360082944
610.0 22.166144
612.0 22.172372992
614.0 22.1577388032
616.0 22.1300158464
618.0 22.1000851456
620.0 22.07744
622.0 22.0667324416
624.0 22.0731664384
626.0 22.1070395392
628.0 22.180573184
630.0 22.304128
632.0 22.4844691456
634.0 22.7293079552
636.0 23.0440849408
638.0 23.4328213504
640.0 23.9008
642.0 24.452736
644.0 25.0895597568
646.0 25.8290436096
648.0 26.6960246784
650.0 27.705216
652.0 28.8512243712
654.0 30.1291769856
656.0 31.532734464
658.0 33.0516465664
660.0 34.673408
662.0 36.3910959104
664.0 38.201382912
666.0 40.0634730496
668.0 41.9199649792
670.0 43.731072
672.0 45.4906597376
674.0 47.1851821056
676.0 48.8206473216
678.0 50.4159789056
680.0 51.980544
682.0 53.4978791424
684.0 54.9526562816
686.0 56.3474300928
688.0 57.689769984
690.0 58.978304
692.0 60.2102566912
694.0 61.3981964288
696.0 62.4745662464
698.0 63.3366272
700.0 63.926016
702.0 64.2560106496
704.0 64.3160612864
706.0 64.1946038272
708.0 64.033564672
710.0 63.926016
712.0 63.8626852864
714.0 63.8547689472
716.0 63.886434304
718.0 63.9180996608
720.0 63.926016
722.0 63.926016
724.0 63.926016
726.0 63.926016
728.0 63.926016
730.0 63.926016
732.0 63.926016
734.0 63.926016
736.0 63.926016
738.0 63.926016
740.0 63.926016
742.0 63.926016
744.0 63.926016
746.0 63.926016
748.0 63.926016
750.0 63.926016
