380.0 6.01216
382.0 6.03132406299
384.0 6.05337207646
386.0 6.07483872741
388.0 6.06514042341
390.0 6.01216
392.0 5.94124365608
394.0 5.86049930509
396.0 5.81091990905
398.0 5.85043875301
400.0 6.01216
402.0 6.2931269632
404.0 6.70444544
406.0 7.1883040768
408.0 7.6511102976
410.0 8.03264
412.0 8.3421026304
414.0 8.5751615488
416.0 8.7464824832
418.0 8.8872892416
420.0 9.01824
422.0 9.132254208
424.0 9.2270610432
426.0 9.3105926144
428.0 9.3928626176
430.0 9.481472
432.0 9.5795431424
434.0 9.6911130624
436.0 9.8173487104
438.0 9.9575404544
440.0 10.112256
442.0 10.285248512
444.0 10.4796719104
446.0 10.6979862528
448.0 10.9426358272
450.0 11.216128
452.0 11.5211436032
454.0 11.8604423168
456.0 12.2364841984
458.0 12.651634688
460.0 13.10848
462.0 13.6075247616
464.0 14.1468135424
466.0 14.7368804352
468.0 15.393337344
470.0 16.124416
472.0 16.925748224
474.0 17.7953155072
476.0 18.7199186944
478.0 19.6794515456
480.0 20.658176
482.0 21.6524650496
484.0 22.6572724224
486.0 23.6602662912
488.0 24.647017472
490.0 25.605888
492.0 26.5317685248
494.0 27.4202120192
496.0 28.2626082816
498.0 29.0495744
500.0 29.774976
502.0 30.4368576512
504.0 31.0326173696
506.0 31.567900672
508.0 32.0529577984
510.0 32.495232
512.0 32.8945655808
514.0 33.252093952
516.0 33.5723272192
518.0 33.8606270464
520.0 34.121472
522.0 34.3572590592
524.0 34.5703852032
526.0 34.7641935872
528.0 34.9421535232
530.0 35.107072
532.0 35.2612829184
534.0 35.4075932672
536.0 35.545309184
538.0 35.6720652288
540.0 35.787136
542.0 35.8929973248
544.0 35.99135232
546.0 36.0856860672
548.0 36.1806505984
550.0 36.279936
552.0 36.3842992128
554.0 36.4941187072
556.0 36.6135576576
558.0 36.748056576
560.0 36.900864
562.0 37.071806464
564.0 37.2614516736
566.0 37.4659991552
568.0 37.6791410688
570.0 37.89632
572.0 38.1176305664
574.0 38.3427100672
576.0 38.568656896
578.0 38.7919228928
580.0 39.010048
582.0 39.2217706496
584.0 39.424946176
586.0 39.6221292544
588.0 39.8181296128
590.0 40.01536
592.0 40.2123696128
594.0 40.4094265344
596.0 40.600569856
598.0 40.7766532096
600.0 40.931968
602.0 41.068532736
604.0 41.188145152
606.0 41.290489856
608.0 41.375409152
610.0 41.44448
612.0 41.5008878592
614.0 41.547534336
616.0 41.5934711808
618.0 41.6509986816
620.0 41.730304
622.0 41.8352033792
624.0 41.9695761408
626.0 42.1436094464
628.0 42.369603584
630.0 42.656768
632.0 43.0091239424
634.0 43.4317492224
636.0 43.9246280704
638.0 44.4846854144
640.0 45.110912
642.0 45.8043643904
644.0 46.5620148224
646.0 47.3952016384
648.0 48.3214290944
650.0 49.348992
652.0 50.4695640064
654.0 51.6766480384
656.0 52.9546952704
658.0 54.2814705664
660.0 55.63712
662.0 57.0165815296
664.0 58.4187039744
666.0 59.8044260352
668.0 61.119500288
670.0 62.329344
672.0 63.4320648192
674.0 64.4166397952
676.0 65.3102241792
678.0 66.1614671872
680.0 67.001088
682.0 67.8180163584
684.0 68.6067013632
686.0 69.368341504
688.0 70.1023848448
690.0 70.805504
692.0 71.4804113408
694.0 72.137089024
696.0 72.7362076672
698.0 73.2172120064
700.0 73.545472
702.0 73.7291247616
704.0 73.7624932352
706.0 73.6947785728
708.0 73.6051441664
710.0 73.545472
712.0 73.5104004096
714.0 73.5060164608
716.0 73.523552256
718.0 73.5410880512
720.0 73.545472
722.0 73.545472
724.0 73.545472
726.0 73.545472
728.0 73.545472
730.0 73.545472
732.0 73.545472
734.0 73.545472
736.0 73.545472
738.0 73.545472
740.0 73.545472
742.0 73.545472
744.0 73.545472
746.0 73.545472
748.0 73.545472
750.0 73.545472
