380.0 11.708928
382.0 11.7944617068
384.0 11.8914747769
386.0 11.98328237
388.0 11.9394744212
390.0 11.708928
392.0 11.3985713314
394.0 11.0417689654
396.0 10.8205821413
398.0 10.9932410772
400.0 11.708928
402.0 12.9518563328
404.0 14.7635310592
406.0 16.9114925056
408.0 19.017901056
410.0 20.835584
412.0 22.3966640128
414.0 23.6813029376
416.0 24.7196995584
418.0 25.5963000832
420.0 26.3648
422.0 26.9926193152
424.0 27.4629003264
426.0 27.8016628736
428.0 28.0472270848
430.0 28.227584
432.0 28.3471806464
434.0 28.4140752896
436.0 28.4377612288
438.0 28.425729024
440.0 28.38528
442.0 28.3249139712
444.0 28.2521530368
446.0 28.1717438464
448.0 28.086919168
450.0 28.000896
452.0 27.917790208
454.0 27.8408187904
456.0 27.7722052608
458.0 27.7135265792
460.0 27.665792
462.0 27.6306573312
464.0 27.6103303168
466.0 27.6005689344
468.0 27.594198016
470.0 27.586944
472.0 27.5797846016
474.0 27.5719471104
476.0 27.5678154752
478.0 27.574643712
480.0 27.5968
482.0 27.6328650752
484.0 27.6825393152
486.0 27.7433311232
488.0 27.8110615552
490.0 27.882624
492.0 27.9585073152
494.0 28.0394842112
496.0 28.1214072832
498.0 28.1983629312
500.0 28.267008
502.0 28.3276263424
504.0 28.3789248512
506.0 28.427305984
508.0 28.4830988288
510.0 28.552832
512.0 28.6352596992
514.0 28.73063424
516.0 28.8367321088
518.0 28.9492955136
520.0 29.065344
522.0 29.1853664256
524.0 29.3093470208
526.0 29.43553536
528.0 29.5617236992
530.0 29.686272
532.0 29.8088175616
534.0 29.929044992
536.0 30.0461185024
538.0 30.1591707648
540.0 30.267776
542.0 30.3719026688
544.0 30.4713457664
546.0 30.567713792
548.0 30.6635298816
550.0 30.760576
552.0 30.8587732992
554.0 30.958169088
556.0 31.0596937728
558.0 31.1644512256
560.0 31.273088
562.0 31.3857144832
564.0 31.5026618368
566.0 31.6226842624
568.0 31.743731712
570.0 31.864448
572.0 31.9850696704
574.0 32.1056282624
576.0 32.2259503104
578.0 32.3459569664
580.0 32.465664
582.0 32.5844563968
584.0 32.7010883584
586.0 32.818035712
588.0 32.9393197056
590.0 33.06688
592.0 33.1996442624
594.0 33.337880576
596.0 33.4757226496
598.0 33.6041818112
600.0 33.717376
602.0 33.816961024
604.0 33.9046557696
606.0 33.9780790272
608.0 34.0340768768
610.0 34.072192
612.0 34.0954679296
614.0 34.1062858752
616.0 34.1140287488
618.0 34.1319430144
620.0 34.170752
622.0 34.2342088704
624.0 34.3267606528
626.0 34.4572383232
628.0 34.6357344256
630.0 34.870528
632.0 35.1665707008
634.0 35.5291768832
636.0 35.9620366336
638.0 36.46759424
640.0 37.048704
642.0 37.70669056
644.0 38.4393619456
646.0 39.2586084352
648.0 40.1819342848
650.0 41.217792
652.0 42.3585175552
654.0 43.5979292672
656.0 44.9209198592
658.0 46.3057272832
660.0 47.732608
662.0 49.1957272576
664.0 50.6927511552
666.0 52.1847287808
668.0 53.6178857984
670.0 54.957056
672.0 56.199069696
674.0 57.3326358528
676.0 58.3783653376
678.0 59.3754456064
680.0 60.348288
682.0 61.2854280192
684.0 62.1795485696
686.0 63.034008576
688.0 63.8529081344
690.0 64.635648
692.0 65.3838051328
694.0 66.107661312
696.0 66.7653640192
698.0 67.2922578944
700.0 67.651584
702.0 67.8524571648
704.0 67.8890268672
706.0 67.8151305216
708.0 67.717106688
710.0 67.651584
712.0 67.6129800192
714.0 67.6081545216
716.0 67.627456512
718.0 67.6467585024
720.0 67.651584
722.0 67.651584
724.0 67.651584
726.0 67.651584
728.0 67.651584
730.0 67.651584
732.0 67.651584
734.0 67.651584
736.0 67.651584
738.0 67.651584
740.0 67.651584
742.0 67.651584
744.0 67.651584
746.0 67.651584
748.0 67.651584
750.0 67.651584
