380.0 6.879488
382.0 6.90634672236
384.0 6.93716036985
386.0 6.96699615124
388.0 6.95337121684
390.0 6.879488
392.0 6.78041439394
394.0 6.66720134198
396.0 6.59744900581
398.0 6.65267074964
400.0 6.879488
402.0 7.273254912
404.0 7.8486245376
406.0 8.5261023232
408.0 9.1770083328
410.0 9.718016
412.0 10.1608579072
414.0 10.4988792832
416.0 10.7491428352
418.0 10.9502840832
420.0 11.127424
422.0 11.2697131008
424.0 11.3724362752
426.0 11.4454337536
428.0 11.501873152
430.0 11.551232
432.0 11.595702272
434.0 11.6386113536
436.0 11.6807319552
438.0 11.7207236608
440.0 11.758208
442.0 11.7957869568
444.0 11.8353528832
446.0 11.8770477056
448.0 11.920398336
450.0 11.965184
452.0 12.0118777856
454.0 12.0606058496
456.0 12.1116205056
458.0 12.1652371456
460.0 12.22144
462.0 12.2801344512
464.0 12.3416201216
466.0 12.403657728
468.0 12.4628568064
470.0 12.51712
472.0 12.5666996224
474.0 12.611264512
476.0 12.6523600896
478.0 12.6926671872
480.0 12.733952
482.0 12.775820288
484.0 12.8181774336
486.0 12.8613230592
488.0 12.9054937088
490.0 12.950784
492.0 12.9976354816
494.0 13.0469312512
496.0 13.0967789568
498.0 13.1441035264
500.0 13.187328
502.0 13.2274300928
504.0 13.2647251968
506.0 13.3021779968
508.0 13.3442828288
510.0 13.394304
512.0 13.4529038336
514.0 13.5214542848
516.0 13.600333824
518.0 13.6892270592
520.0 13.788544
522.0 13.8999877632
524.0 14.024851456
526.0 14.1657212928
528.0 14.3259088896
530.0 14.508032
532.0 14.71224832
534.0 14.9379586048
536.0 15.1892944896
538.0 15.4720907264
540.0 15.789312
542.0 16.1391290368
544.0 16.5204064256
546.0 16.9277825024
548.0 17.3532147712
550.0 17.79008
552.0 18.236596224
554.0 18.6909026304
556.0 19.1452878848
558.0 19.5898959872
560.0 20.017536
562.0 20.4264259584
564.0 20.8144211968
566.0 21.1798659072
568.0 21.5221293056
570.0 21.840896
572.0 22.1352986624
574.0 22.4047695872
576.0 22.651689984
578.0 22.8799234048
580.0 23.092608
582.0 23.2895229952
584.0 23.469737984
586.0 23.6394661888
588.0 23.8076962816
590.0 23.979648
592.0 24.1545959424
594.0 24.3337228288
596.0 24.5096169472
598.0 24.6702145536
600.0 24.807552
602.0 24.9239001088
604.0 25.0212616192
606.0 25.0960726016
608.0 25.143602176
610.0 25.162368
612.0 25.1558078464
614.0 25.1269810176
616.0 25.0844346368
618.0 25.0401536
620.0 25.004672
622.0 24.983067648
624.0 24.9808283648
626.0 25.0102859776
628.0 25.0864216064
630.0 25.221504
632.0 25.4221090816
634.0 25.6955539456
636.0 26.0484775936
638.0 26.4864782336
640.0 27.015296
642.0 27.6383213568
644.0 28.3551758336
646.0 29.1809193984
648.0 30.1366833152
650.0 31.233664
652.0 32.4644970496
654.0 33.8224646144
656.0 35.2956291072
658.0 36.86656512
660.0 38.517248
662.0 40.2399348736
664.0 42.0312983552
666.0 43.8447392768
668.0 45.6152080384
670.0 47.298944
672.0 48.8910743552
674.0 50.3779268608
676.0 51.7744984064
678.0 53.113668608
680.0 54.414976
682.0 55.6639125504
684.0 56.8493922304
686.0 57.9755782144
688.0 59.0497245184
690.0 60.07232
692.0 61.0435381248
694.0 61.9750641664
696.0 62.815915008
698.0 63.4875580416
700.0 63.945728
702.0 64.2017789952
704.0 64.24850432
706.0 64.1545648128
708.0 64.0296380416
710.0 63.945728
712.0 63.8961483776
714.0 63.8899509248
716.0 63.914740736
718.0 63.9395305472
720.0 63.945728
722.0 63.945728
724.0 63.945728
726.0 63.945728
728.0 63.945728
730.0 63.945728
732.0 63.945728
734.0 63.945728
736.0 63.945728
738.0 63.945728
740.0 63.945728
742.0 63.945728
744.0 63.945728
746.0 63.945728
748.0 63.945728
750.0 63.945728
