380.0 2.16832
382.0 2.16931265482
384.0 2.17040656707
386.0 2.17138013238
388.0 2.17085973558
390.0 2.16832
392.0 2.16485732783
394.0 2.16078960101
396.0 2.15821583629
398.0 2.16013640758
400.0 2.16832
402.0 2.18251264
404.0 2.2029973504
406.0 2.2276610048
408.0 2.2530342912
410.0 2.276736
412.0 2.298971136
414.0 2.3195977728
416.0 2.3379378176
418.0 2.3533604864
420.0 2.36544
422.0 2.373876736
424.0 2.3783079936
426.0 2.3793487872
428.0 2.3781029888
430.0 2.375296
432.0 2.3708174336
434.0 2.3647619072
436.0 2.3570505728
438.0 2.3474468864
440.0 2.335872
442.0 2.3224993792
444.0 2.3073763328
446.0 2.2909917184
448.0 2.274055168
450.0 2.257024
452.0 2.2399297536
454.0 2.2229458944
456.0 2.2057254912
458.0 2.18763776
460.0 2.16832
462.0 2.148056064
464.0 2.1271140352
466.0 2.1054623744
468.0 2.0830222336
470.0 2.059904
472.0 2.0362653696
474.0 2.0120274944
476.0 1.9885780992
478.0 1.967967232
480.0 1.951488
482.0 1.9389353984
484.0 1.9303094272
486.0 1.925152768
488.0 1.9225980928
490.0 1.92192
492.0 1.923181568
494.0 1.926572032
496.0 1.930514432
498.0 1.932722176
500.0 1.931776
502.0 1.9278178304
504.0 1.920658432
506.0 1.9112912896
508.0 1.9014510592
510.0 1.892352
512.0 1.8837891072
514.0 1.8756519936
516.0 1.868776448
518.0 1.8642663424
520.0 1.862784
522.0 1.8644082688
524.0 1.86948608
526.0 1.8769293312
528.0 1.8849245184
530.0 1.892352
532.0 1.8995744768
534.0 1.9067338752
536.0 1.9141298176
538.0 1.92231424
540.0 1.931776
542.0 1.9427831808
544.0 1.9557615616
546.0 1.9711053824
548.0 1.9892088832
550.0 2.010624
552.0 2.0358711296
554.0 2.0652498944
556.0 2.1005422592
558.0 2.144192512
560.0 2.197888
562.0 2.261676032
564.0 2.3356669952
566.0 2.4202235904
568.0 2.5155823616
570.0 2.621696
572.0 2.7382806528
574.0 2.8650051584
576.0 3.000639488
578.0 3.1434489856
580.0 3.291904
582.0 3.4450583552
584.0 3.601697792
586.0 3.7606238208
588.0 3.9206537216
590.0 4.080384
592.0 4.2385057792
594.0 4.3940886528
596.0 4.5438367744
598.0 4.683413504
600.0 4.809728
602.0 4.9227014144
604.0 5.0225229824
606.0 5.1072845824
608.0 5.1746207744
610.0 5.22368
612.0 5.2557238272
614.0 5.2717615104
616.0 5.2760508416
618.0 5.2747419648
620.0 5.27296
622.0 5.2729284608
624.0 5.2774701056
626.0 5.2907638784
628.0 5.3173829632
630.0 5.361664
632.0 5.4280382464
634.0 5.5217885184
636.0 5.6447913984
638.0 5.7975199744
640.0 5.982592
642.0 6.2053060608
644.0 6.4693837824
646.0 6.786526208
648.0 7.1723452416
650.0 7.6384
652.0 8.1862043648
654.0 8.81678336
656.0 9.5379587072
658.0 10.3591133184
660.0 11.28512
662.0 12.3154110464
664.0 13.4512637952
666.0 14.6795264
668.0 15.9795406848
670.0 17.336704
672.0 18.7480832
674.0 20.206140416
676.0 21.713871872
678.0 23.279950848
680.0 24.906112
682.0 26.572485632
684.0 28.252736512
686.0 29.956641792
688.0 31.706278912
690.0 33.500544
692.0 35.3272313856
694.0 37.20561152
696.0 38.9862201344
698.0 40.4438673408
700.0 41.44448
702.0 42.0081170432
704.0 42.1087586304
706.0 41.8968467456
708.0 41.6213833728
710.0 41.44448
712.0 41.3427976192
714.0 41.3300873216
716.0 41.380928512
718.0 41.4317697024
720.0 41.44448
722.0 41.44448
724.0 41.44448
726.0 41.44448
728.0 41.44448
730.0 41.44448
732.0 41.44448
734.0 41.44448
736.0 41.44448
738.0 41.44448
740.0 41.44448
742.0 41.44448
744.0 41.44448
746.0 41.44448
748.0 41.44448
750.0 41.44448
