380.0 10.614912
382.0 10.6768522725
384.0 10.7475563682
386.0 10.8153362971
388.0 10.7837813275
390.0 10.614912
392.0 10.3880091864
394.0 10.1278292723
396.0 9.96698425667
398.0 10.0933825051
400.0 10.614912
402.0 11.5201816576
404.0 12.8409014272
406.0 14.4002940928
408.0 15.9118260224
410.0 17.188864
412.0 18.2561662976
414.0 19.0982944768
416.0 19.745431552
418.0 20.2724042752
420.0 20.727168
422.0 21.0847279104
424.0 21.332957184
426.0 21.4916151296
428.0 21.5885350912
430.0 21.643776
432.0 21.66112256
434.0 21.6471033856
436.0 21.6049354752
438.0 21.5343822848
440.0 21.4368
442.0 21.3184964608
444.0 21.1846756352
446.0 21.0374506496
448.0 20.877846528
450.0 20.707456
452.0 20.5289914368
454.0 20.3442978816
456.0 20.1570023424
458.0 19.9715203072
460.0 19.790848
462.0 19.6164046848
464.0 19.4506819584
466.0 19.290242048
468.0 19.1287771136
470.0 18.962944
472.0 18.7943985152
474.0 18.622793728
476.0 18.4545794048
478.0 18.2997692416
480.0 18.164608
482.0 18.0479287296
484.0 17.9499522048
486.0 17.86774528
488.0 17.7960251392
490.0 17.730944
492.0 17.6734953472
494.0 17.624972288
496.0 17.5801550848
498.0 17.5314743296
500.0 17.474688
502.0 17.4105530368
504.0 17.3380128768
506.0 17.2646053888
508.0 17.2023943168
510.0 17.159296
512.0 17.1340173312
514.0 17.1264636928
516.0 17.1368873984
518.0 17.164578816
520.0 17.208576
522.0 17.2691154944
524.0 17.3467807744
526.0 17.4363521024
528.0 17.5300235264
530.0 17.622528
532.0 17.7145593856
534.0 17.8066223104
536.0 17.8969505792
538.0 17.983572992
540.0 18.066048
542.0 18.1453375488
544.0 18.2217254912
546.0 18.3018192896
548.0 18.395396096
550.0 18.509568
552.0 18.6444453888
554.0 18.8001386496
556.0 18.9817729024
558.0 19.1958136832
560.0 19.445888
562.0 19.7312073728
564.0 20.0515825664
566.0 20.401841152
568.0 20.7737829376
570.0 21.160832
572.0 21.5617267712
574.0 21.9749376
576.0 22.3932735488
578.0 22.8075094016
580.0 23.21088
582.0 23.6008779776
584.0 23.9738605568
586.0 24.330442752
588.0 24.6736996352
590.0 25.004672
592.0 25.3206790144
594.0 25.620711424
596.0 25.8993760256
598.0 26.1490245632
600.0 26.3648
602.0 26.548358144
604.0 26.7018121216
606.0 26.8235692032
608.0 26.9114216448
610.0 26.966016
612.0 26.9915785216
614.0 26.9917519872
616.0 26.9777328128
618.0 26.9648963584
620.0 26.966016
622.0 26.9866426368
624.0 27.0332418048
626.0 27.1165052928
628.0 27.2483391488
630.0 27.439104
632.0 27.69614848
634.0 28.0271208448
636.0 28.4388335616
638.0 28.9372790784
640.0 29.528576
642.0 30.2160674816
644.0 30.9991858176
646.0 31.8942683136
648.0 32.9243385856
650.0 34.10176
652.0 35.4190104576
654.0 36.8694982656
656.0 38.4404658176
658.0 40.1130684416
660.0 41.868288
662.0 43.6984604672
664.0 45.6001796096
666.0 47.52642048
668.0 49.4116603904
670.0 51.211776
672.0 52.92159488
674.0 54.527019008
676.0 56.043344896
678.0 57.504082944
680.0 58.929024
682.0 60.3024300032
684.0 61.611354112
686.0 62.8615364608
688.0 64.0630695936
690.0 65.217152
692.0 66.3231055872
694.0 67.3942714368
696.0 68.3682177024
698.0 69.148986368
700.0 69.68192
702.0 69.980044288
704.0 70.0342759424
706.0 69.9245037568
708.0 69.7790134272
710.0 69.68192
712.0 69.6247709696
714.0 69.6176273408
716.0 69.646201856
718.0 69.6747763712
720.0 69.68192
722.0 69.68192
724.0 69.68192
726.0 69.68192
728.0 69.68192
730.0 69.68192
732.0 69.68192
734.0 69.68192
736.0 69.68192
738.0 69.68192
740.0 69.68192
742.0 69.68192
744.0 69.68192
746.0 69.68192
748.0 69.68192
750.0 69.68192
