380.0 7.362432
382.0 7.39374514392
384.0 7.42951316211
386.0 7.46384871208
388.0 7.44790564648
390.0 7.362432
392.0 7.24778195267
394.0 7.11685224556
396.0 7.03620115402
398.0 7.09999959848
400.0 7.362432
402.0 7.8186149888
404.0 8.4857163776
406.0 9.2740859904
408.0 10.0381704192
410.0 10.683904
412.0 11.2252428288
414.0 11.6552955904
416.0 11.993726976
418.0 12.2845341696
420.0 12.556544
422.0 12.7984338944
424.0 13.006135296
426.0 13.1904976896
428.0 13.3655560192
430.0 13.542144
432.0 13.7248190464
434.0 13.9195262976
436.0 14.1290569728
438.0 14.354041856
440.0 14.596736
442.0 14.8631318528
444.0 15.1584176128
446.0 15.4879234048
448.0 15.8574051328
450.0 16.272256
452.0 16.7375853568
454.0 17.2591648768
456.0 17.8401169408
458.0 18.4824127488
460.0 19.189632
462.0 19.963288576
464.0 20.7995189248
466.0 21.7210628096
468.0 22.7618248704
470.0 23.940224
472.0 25.247444992
474.0 26.6794192896
476.0 28.2113728512
478.0 29.8052220928
480.0 31.430784
482.0 33.0803156992
484.0 34.7430623232
486.0 36.3943759872
488.0 38.0053983232
490.0 39.552128
492.0 41.0217285632
494.0 42.4016474112
496.0 43.6744118272
498.0 44.8220444672
500.0 45.8304
502.0 46.6927448064
504.0 47.4045530112
506.0 47.957640192
508.0 48.3439638528
510.0 48.560512
512.0 48.6086565888
514.0 48.488287232
516.0 48.2192893952
518.0 47.8317830144
520.0 47.348224
522.0 46.7717189632
524.0 46.1075034112
526.0 45.3686188032
528.0 44.5694943232
530.0 43.721216
532.0 42.8310536192
534.0 41.9081377792
536.0 40.9492672512
538.0 39.9450591232
540.0 38.891776
542.0 37.797523456
544.0 36.6680573952
546.0 35.5121772544
548.0 34.3413948416
550.0 33.16544
552.0 31.9885232128
554.0 30.8147288064
556.0 29.654259712
558.0 28.5194162176
560.0 27.419392
562.0 26.3574198272
564.0 25.33701632
566.0 24.3603734528
568.0 23.4281220096
570.0 22.540672
572.0 21.6995530752
574.0 20.9058060288
576.0 20.1567657984
578.0 19.447938048
580.0 18.77568
582.0 18.14016512
584.0 17.5421661184
586.0 16.9749178368
588.0 16.4287219712
590.0 15.897728
592.0 15.3827086336
594.0 14.8829227008
596.0 14.403873792
598.0 13.9547871232
600.0 13.542144
602.0 13.164935168
604.0 12.822419456
606.0 12.519327744
608.0 12.261967872
610.0 12.053888
612.0 11.894457344
614.0 11.784070144
616.0 11.717049344
618.0 11.684327424
620.0 11.67936
622.0 11.7007751168
624.0 11.745276928
626.0 11.8130388992
628.0 11.9061899264
630.0 12.02432
632.0 12.1621620736
634.0 12.3149852672
636.0 12.4763240448
638.0 12.6382147584
640.0 12.793088
642.0 12.9378213888
644.0 13.0714687488
646.0 13.1777558528
648.0 13.2342110208
650.0 13.226752
652.0 13.158627328
654.0 13.0329120768
656.0 12.8513724416
658.0 12.6179508224
660.0 12.339712
662.0 12.0232318976
664.0 11.6734621696
666.0 11.3188038656
668.0 10.9987598336
670.0 10.74304
672.0 10.5580941312
674.0 10.4521854976
676.0 10.440973312
678.0 10.5405425664
680.0 10.762752
682.0 11.1003949056
684.0 11.532781568
686.0 12.0980271104
688.0 12.8559771648
690.0 13.827968
692.0 14.9992865792
694.0 16.3914584064
696.0 17.8306236416
698.0 19.0513010688
700.0 19.889408
702.0 20.3641833472
704.0 20.4465637376
706.0 20.262516736
708.0 20.0299782144
710.0 19.889408
712.0 19.811821568
714.0 19.802123264
716.0 19.84091648
718.0 19.879709696
720.0 19.889408
722.0 19.889408
724.0 19.889408
726.0 19.889408
728.0 19.889408
730.0 19.889408
732.0 19.889408
734.0 19.889408
736.0 19.889408
738.0 19.889408
740.0 19.889408
742.0 19.889408
744.0 19.889408
746.0 19.889408
748.0 19.889408
750.0 19.889408
