380.0 8.27904
382.0 8.31749035924
384.0 8.36151349895
386.0 8.40396986476
388.0 8.38443133036
390.0 8.27904
392.0 8.13756986206
394.0 7.97559622602
396.0 7.87561749019
398.0 7.95446601836
400.0 8.27904
402.0 8.8423616512
404.0 9.6646989824
406.0 10.6338512896
408.0 11.5681527808
410.0 12.349568
412.0 12.9939769344
414.0 13.4914605056
416.0 13.8637334528
418.0 14.162046976
420.0 14.419328
422.0 14.6196492288
424.0 14.7556620288
426.0 14.8394774528
428.0 14.8876535808
430.0 14.912128
432.0 14.9155657728
434.0 14.9022404608
436.0 14.8733032448
438.0 14.8273348608
440.0 14.764288
442.0 14.687963136
444.0 14.6012776448
446.0 14.5056034816
448.0 14.4018868224
450.0 14.2912
452.0 14.1750253568
454.0 14.0545929216
456.0 13.9311642624
458.0 13.8060009472
460.0 13.680128
462.0 13.5546492928
464.0 13.4310313984
466.0 13.30835968
468.0 13.1846629376
470.0 13.0592
472.0 12.9329170432
474.0 12.80570368
476.0 12.6818807808
478.0 12.5679138816
480.0 12.46784
482.0 12.3809810432
484.0 12.3074316288
486.0 12.2453151744
488.0 12.191241216
490.0 12.142592
492.0 12.0999983104
494.0 12.0645955584
496.0 12.0314005504
498.0 11.9930804224
500.0 11.945472
502.0 11.889332224
504.0 11.8237149184
506.0 11.7553379328
508.0 11.6950034432
510.0 11.649792
512.0 11.6185524224
514.0 11.6012689408
516.0 11.5980204032
518.0 11.6079394816
520.0 11.63008
522.0 11.664694272
524.0 11.7121923072
526.0 11.7686001664
528.0 11.8280042496
530.0 11.886336
532.0 11.9440685056
534.0 12.0016748544
536.0 12.0570734592
538.0 12.107662336
540.0 12.152448
542.0 12.192345088
544.0 12.2276216832
546.0 12.2637656064
548.0 12.3089770496
550.0 12.36928
552.0 12.4448479232
554.0 12.5358700544
556.0 12.6469984256
558.0 12.7841466368
560.0 12.950784
562.0 13.1463901184
564.0 13.3709019136
566.0 13.6206450688
568.0 13.889627136
570.0 14.172928
572.0 14.4695857152
574.0 14.7785279488
576.0 15.0934626304
578.0 15.40611072
580.0 15.710464
582.0 16.0046931968
584.0 16.2860386304
586.0 16.554689536
588.0 16.8126959616
590.0 17.060736
592.0 17.296806912
594.0 17.520104448
596.0 17.727238144
598.0 17.91347712
600.0 18.075904
602.0 18.2157488128
604.0 18.334604288
606.0 18.4317765632
608.0 18.5062406144
610.0 18.558848
612.0 18.5928787968
614.0 18.6113923072
616.0 18.6218633216
618.0 18.634305536
620.0 18.657408
622.0 18.6957438976
624.0 18.7544068096
626.0 18.8418492416
628.0 18.9676906496
630.0 19.140352
632.0 19.3662199808
634.0 19.6524855296
636.0 20.0036429824
638.0 20.4227674112
640.0 20.914432
642.0 21.483399168
644.0 22.1311197184
646.0 22.8740886528
648.0 23.7352507392
650.0 24.728704
652.0 25.8503168
654.0 27.0960836608
656.0 28.4633552896
658.0 29.9471642624
660.0 31.5392
662.0 33.2336592896
664.0 35.0284763136
666.0 36.8865294336
668.0 38.7548327936
670.0 40.596864
672.0 42.4073086976
674.0 44.1732673536
676.0 45.9021674496
678.0 47.6142729216
680.0 49.319424
682.0 50.998807552
684.0 52.6328692736
686.0 54.2269550592
688.0 55.7938382848
690.0 57.332352
692.0 58.8370399232
694.0 60.3237978112
696.0 61.6950433792
698.0 62.8028577792
700.0 63.561344
702.0 63.9869970432
704.0 64.0638738432
706.0 63.9058624512
708.0 63.6980191232
710.0 63.561344
712.0 63.4816129024
714.0 63.4716465152
716.0 63.511512064
718.0 63.5513776128
720.0 63.561344
722.0 63.561344
724.0 63.561344
726.0 63.561344
728.0 63.561344
730.0 63.561344
732.0 63.561344
734.0 63.561344
736.0 63.561344
738.0 63.561344
740.0 63.561344
742.0 63.561344
744.0 63.561344
746.0 63.561344
748.0 63.561344
750.0 63.561344
