380.0 10.910592
382.0 10.9759363934
384.0 11.0504829898
386.0 11.1218635938
388.0 11.0885581986
390.0 10.910592
392.0 10.6715004173
394.0 10.3974926767
396.0 10.2281709352
398.0 10.3613101218
400.0 10.910592
402.0 11.8643689472
404.0 13.2563830784
406.0 14.9010262016
408.0 16.4972566528
410.0 17.849216
412.0 18.9835864064
414.0 19.8848505856
416.0 20.5853677568
418.0 21.164459008
420.0 21.673344
422.0 22.0867282944
424.0 22.3928793088
426.0 22.6138744832
428.0 22.7804645376
430.0 22.9152
432.0 23.0230167552
434.0 23.1114842112
436.0 23.1865475072
438.0 23.2512817152
440.0 23.30944
442.0 23.3675825152
444.0 23.4308186112
446.0 23.5028068352
448.0 23.5864645632
450.0 23.683968
452.0 23.7970833408
454.0 23.9271667712
456.0 24.0731774976
458.0 24.232671232
460.0 24.403456
462.0 24.584964096
464.0 24.7762651136
466.0 24.9737951232
468.0 25.1728232448
470.0 25.369344
472.0 25.561496576
474.0 25.7472940032
476.0 25.9229200384
478.0 26.0839591936
480.0 26.226816
482.0 26.3492511744
484.0 26.4486785024
486.0 26.5240571904
488.0 26.5752295424
490.0 26.601344
492.0 26.6008393728
494.0 26.5733371904
496.0 26.514059264
498.0 26.4163035136
500.0 26.276096
502.0 26.0947456
504.0 25.873261568
506.0 25.6137728
508.0 25.319748608
510.0 24.994816
512.0 24.6406938624
514.0 24.258612224
516.0 23.8574493696
518.0 23.4494267392
520.0 23.043328
522.0 22.6406039552
524.0 22.2435096576
526.0 21.854063616
528.0 21.4732120064
530.0 21.101696
532.0 20.7416129536
534.0 20.395375616
536.0 20.0594673664
538.0 19.7277380608
540.0 19.396608
542.0 19.0676226048
544.0 18.7412076544
546.0 18.42007552
548.0 18.1085628416
550.0 17.809792
552.0 17.5237629952
554.0 17.25075968
556.0 16.9925797888
558.0 16.7513522176
560.0 16.528512
562.0 16.324216832
564.0 16.1385771008
566.0 15.9714666496
568.0 15.8224123904
570.0 15.690752
572.0 15.5761385472
574.0 15.4783512576
576.0 15.394835456
578.0 15.3219641344
580.0 15.257088
582.0 15.1998601216
584.0 15.149775872
586.0 15.1056052224
588.0 15.0660866048
590.0 15.0304
592.0 14.99846656
594.0 14.9703809024
596.0 14.9463164928
598.0 14.9266675712
600.0 14.912128
602.0 14.9034389504
604.0 14.9012942848
606.0 14.9081382912
608.0 14.9272825856
610.0 14.961408
612.0 15.0114449408
614.0 15.0783711232
616.0 15.1645362176
618.0 15.272699904
620.0 15.404928
622.0 15.5622139904
624.0 15.7458036736
626.0 15.9554920448
628.0 16.19025408
630.0 16.449664
632.0 16.7352987648
634.0 17.0490349568
636.0 17.3897371648
638.0 17.7551976448
640.0 18.144896
642.0 18.5606457344
644.0 19.0032826368
646.0 19.4787203072
648.0 19.9954743296
650.0 20.559616
652.0 21.1714134016
654.0 21.8313869312
656.0 22.5422962688
658.0 23.3071376384
660.0 24.127488
662.0 25.0036154368
664.0 25.9364661248
666.0 26.9210411008
668.0 27.9493767168
670.0 29.016064
672.0 30.1204721664
674.0 31.2601253888
676.0 32.4372314112
678.0 33.6565211136
680.0 34.919808
682.0 36.2122213376
684.0 37.5087347712
686.0 38.8371816448
688.0 40.2456592384
690.0 41.750016
692.0 43.3372420096
694.0 45.0284843008
696.0 46.669658112
698.0 48.0256387072
700.0 48.954752
702.0 49.4782869504
704.0 49.571106816
706.0 49.3727410176
708.0 49.1167373312
710.0 48.954752
712.0 48.8625313792
714.0 48.8510038016
716.0 48.897114112
718.0 48.9432244224
720.0 48.954752
722.0 48.954752
724.0 48.954752
726.0 48.954752
728.0 48.954752
730.0 48.954752
732.0 48.954752
734.0 48.954752
736.0 48.954752
738.0 48.954752
740.0 48.954752
742.0 48.954752
744.0 48.954752
746.0 48.954752
748.0 48.954752
750.0 48.954752
