380.0 6.593664
382.0 6.61719767579
384.0 6.64411419486
386.0 6.67001927141
388.0 6.65805014501
390.0 6.593664
392.0 6.50728197928
394.0 6.40854308109
396.0 6.34767838585
398.0 6.39578162661
400.0 6.593664
402.0 6.9374097408
404.0 7.4397503488
406.0 8.0326084608
408.0 8.6055968768
410.0 9.087232
412.0 9.4877167616
414.0 9.8014844928
416.0 10.04286976
418.0 10.2445156352
420.0 10.427648
422.0 10.5831047168
424.0 10.707006464
426.0 10.8075692032
428.0 10.8957528064
430.0 10.979584
432.0 11.0611601408
434.0 11.1434616832
436.0 11.2278921216
438.0 11.314372608
440.0 11.403392
442.0 11.497142272
444.0 11.5970584576
446.0 11.7043863552
448.0 11.8203086848
450.0 11.945472
452.0 12.0796870656
454.0 12.2224965632
456.0 12.3732697088
458.0 12.5310603264
460.0 12.694528
462.0 12.8622219264
464.0 13.0326755328
466.0 13.2024195072
468.0 13.3669595136
470.0 13.522432
472.0 13.6671338496
474.0 13.7995354112
476.0 13.9150635008
478.0 14.0080410624
480.0 14.074368
482.0 14.1127827456
484.0 14.1216452608
486.0 14.101018624
488.0 14.0521644032
490.0 13.975808
492.0 13.8714605568
494.0 13.739500544
496.0 13.5789975552
498.0 13.3884534784
500.0 13.167616
502.0 12.9183459328
504.0 12.6424410112
506.0 12.3429605376
508.0 12.02392576
510.0 11.689216
512.0 11.3409128448
514.0 10.9806247936
516.0 10.6154481664
518.0 10.2547658752
520.0 9.90528
522.0 9.5682994176
524.0 9.2457007104
526.0 8.9383196672
528.0 8.645762048
530.0 8.367744
532.0 8.105653248
534.0 7.8609405952
536.0 7.6305782784
538.0 7.4095988736
540.0 7.19488
542.0 6.9869893632
544.0 6.7856431104
546.0 6.5922605056
548.0 6.4094435328
550.0 6.238848
552.0 6.0798273536
554.0 5.9319873536
556.0 5.7956591616
558.0 5.6712370176
560.0 5.558784
562.0 5.458016256
564.0 5.3687760896
566.0 5.2897073152
568.0 5.2188387328
570.0 5.154688
572.0 5.0969397248
574.0 5.0451208192
576.0 4.9985058816
578.0 4.95638528
580.0 4.918144
582.0 4.883372032
584.0 4.8517697536
586.0 4.8227694592
588.0 4.7957403648
590.0 4.770304
592.0 4.746413056
594.0 4.7239729152
596.0 4.7035039744
598.0 4.6858735616
600.0 4.671744
602.0 4.6612256768
604.0 4.6545393664
606.0 4.652110848
608.0 4.6544132096
610.0 4.661888
612.0 4.6749294592
614.0 4.693979136
616.0 4.7193366528
618.0 4.7512385536
620.0 4.790016
622.0 4.8361736192
624.0 4.8902002688
626.0 4.9526636544
628.0 5.02419456
630.0 5.105408
632.0 5.1970136064
634.0 5.2999102464
636.0 5.4142398464
638.0 5.5398447104
640.0 5.677056
642.0 5.8268987392
644.0 5.9901456384
646.0 6.1689255936
648.0 6.3660771328
650.0 6.583808
652.0 6.822875136
654.0 7.0841931776
656.0 7.3689290752
658.0 7.6781867008
660.0 8.012928
662.0 8.374209536
664.0 8.7632771072
666.0 9.1798626304
668.0 9.6230199296
670.0 10.092544
672.0 10.589759488
674.0 11.1158175744
676.0 11.6720744448
678.0 12.2601859072
680.0 12.881792
682.0 13.5284086784
684.0 14.1818062848
686.0 14.8735240192
688.0 15.6550496256
690.0 16.548224
692.0 17.5423711232
694.0 18.6538125312
696.0 19.7645443072
698.0 20.6929795072
700.0 21.328384
702.0 21.6868112384
704.0 21.7497792512
706.0 21.61263104
708.0 21.4372415488
710.0 21.328384
712.0 21.267197952
714.0 21.259549696
716.0 21.29014272
718.0 21.320735744
720.0 21.328384
722.0 21.328384
724.0 21.328384
726.0 21.328384
728.0 21.328384
730.0 21.328384
732.0 21.328384
734.0 21.328384
736.0 21.328384
738.0 21.328384
740.0 21.328384
742.0 21.328384
744.0 21.328384
746.0 21.328384
748.0 21.328384
750.0 21.328384
