380.0 7.106176
382.0 7.13550383427
384.0 7.16908402796
386.0 7.20147244733
388.0 7.18657017533
390.0 7.106176
392.0 6.99832514021
394.0 6.87502625954
396.0 6.79901807023
398.0 6.85910152893
400.0 7.106176
402.0 7.5352352768
404.0 8.1621241856
406.0 8.9012926464
408.0 9.6141258752
410.0 10.210816
412.0 10.7041048576
414.0 11.0870380544
416.0 11.3772460032
418.0 11.615177728
420.0 11.8272
422.0 12.0019902464
424.0 12.1348175872
426.0 12.236342272
428.0 12.3208357888
430.0 12.398848
432.0 12.4733435904
434.0 12.548501504
436.0 12.6264979456
438.0 12.7076483072
440.0 12.793088
442.0 12.8861444096
444.0 12.9891198976
446.0 13.1047110656
448.0 13.2358352896
450.0 13.384448
452.0 13.5512272896
454.0 13.7369931776
456.0 13.9403421696
458.0 14.1585934336
460.0 14.38976
462.0 14.6332583936
464.0 14.8875431936
466.0 15.1529455616
468.0 15.4306482176
470.0 15.72032
472.0 16.0195639296
474.0 16.3267557376
476.0 16.6358398976
478.0 16.9384585216
480.0 17.228288
482.0 17.5034517504
484.0 17.7613162496
486.0 17.9996264448
488.0 18.216805376
490.0 18.411008
492.0 18.580294656
494.0 18.7237664768
496.0 18.8371183616
498.0 18.9146732544
500.0 18.953088
502.0 18.953009152
504.0 18.9146259456
506.0 18.8410765312
508.0 18.7374860288
510.0 18.608128
512.0 18.4539959296
514.0 18.2762094592
516.0 18.0803667968
518.0 17.8738008064
520.0 17.661952
522.0 17.4461765632
524.0 17.2280987648
526.0 17.0097055744
528.0 16.792573952
530.0 16.577792
532.0 16.366794752
534.0 16.1614587904
536.0 15.9588036608
538.0 15.7536253952
540.0 15.542912
542.0 15.3281773568
544.0 15.1101626368
546.0 14.8907286528
548.0 14.6727927808
550.0 14.458752
552.0 14.2490636288
554.0 14.0441376768
556.0 13.8471753728
558.0 13.6624345088
560.0 13.492864
562.0 13.3387319296
564.0 13.2004640768
566.0 13.078360064
568.0 12.9722621952
570.0 12.881792
572.0 12.8069967872
574.0 12.748065792
576.0 12.7023024128
578.0 12.6656854016
580.0 12.635392
582.0 12.611264512
584.0 12.5927825408
586.0 12.5793468416
588.0 12.5706420224
590.0 12.5664
592.0 12.5664630784
594.0 12.5710678016
596.0 12.5796149248
598.0 12.59123712
600.0 12.605824
602.0 12.624274432
604.0 12.6472665088
606.0 12.6774337536
608.0 12.7184820224
610.0 12.773376
612.0 12.8430460928
614.0 12.9285646336
616.0 13.0323759104
618.0 13.1573184512
620.0 13.3056
622.0 13.4783717376
624.0 13.6769583104
626.0 13.9017224192
628.0 14.15242752
630.0 14.429184
632.0 14.7337107456
634.0 15.0681997312
636.0 15.4311528448
638.0 15.8196527104
640.0 16.232832
642.0 16.6731034624
644.0 17.1419967488
646.0 17.6452677632
648.0 18.1910378496
650.0 18.785536
652.0 19.4299291648
654.0 20.1254316032
656.0 20.8769949696
658.0 21.690611712
660.0 22.57024
662.0 23.5161952256
664.0 24.5288400896
666.0 25.6071653376
668.0 26.7488843776
670.0 27.951616
672.0 29.2133259264
674.0 30.5309075456
676.0 31.9017904128
678.0 33.323372544
680.0 34.79168
682.0 36.2906908672
684.0 37.7939437568
686.0 39.3237684224
688.0 40.921402368
690.0 42.597632
692.0 44.3386273792
694.0 46.1651728384
696.0 47.9199666176
698.0 49.3640992768
700.0 50.354304
702.0 50.9121536
704.0 51.0113601536
706.0 50.8006940672
708.0 50.5279746048
710.0 50.354304
712.0 50.2550185984
714.0 50.2426079232
716.0 50.292250624
718.0 50.3418933248
720.0 50.354304
722.0 50.354304
724.0 50.354304
726.0 50.354304
728.0 50.354304
730.0 50.354304
732.0 50.354304
734.0 50.354304
736.0 50.354304
738.0 50.354304
740.0 50.354304
742.0 50.354304
744.0 50.354304
746.0 50.354304
748.0 50.354304
750.0 50.354304
