380.0 12.32
382.0 12.4193342949
384.0 12.5319253154
386.0 12.6383307291
388.0 12.5874264603
390.0 12.32
392.0 11.9599200472
394.0 11.5458245363
396.0 11.2890387079
398.0 11.4893347355
400.0 12.32
402.0 13.7626660864
404.0 15.8652268544
406.0 18.3591102464
408.0 20.8076560384
410.0 22.925056
412.0 24.7484317696
414.0 26.2551066624
416.0 27.4783229952
418.0 28.513171456
420.0 29.42016
422.0 30.1620566016
424.0 30.7196065792
426.0 31.1233241088
428.0 31.4183102464
430.0 31.63776
432.0 31.7871611904
434.0 31.8760859648
436.0 31.9176230912
438.0 31.9233632256
440.0 31.903872
442.0 31.8690527232
444.0 31.8275786752
446.0 31.7864200192
448.0 31.7511749632
450.0 31.726464
452.0 31.7166553088
454.0 31.7253916672
456.0 31.7526573056
458.0 31.796323328
460.0 31.854592
462.0 31.9284568064
464.0 32.0187693056
466.0 32.1202782208
468.0 32.225098752
470.0 32.32768
472.0 32.4273911808
474.0 32.5225607168
476.0 32.6128416768
478.0 32.6990225408
480.0 32.781056
482.0 32.8563400704
484.0 32.9220835328
486.0 32.9785229312
488.0 33.0269198336
490.0 33.06688
492.0 33.0965741568
494.0 33.1159549952
496.0 33.1157815296
498.0 33.082570752
500.0 33.007744
502.0 32.8922947584
504.0 32.7358130176
506.0 32.5414053888
508.0 32.31506432
510.0 32.061568
512.0 31.7813106688
514.0 31.4752227328
516.0 31.1490285568
518.0 30.8102975488
520.0 30.464896
522.0 30.1142116352
524.0 29.7594114048
526.0 29.4053208064
528.0 29.057774592
530.0 28.720384
532.0 28.3943790592
534.0 28.0824879104
536.0 27.7782450176
538.0 27.4706905088
540.0 27.15328
542.0 26.828505088
544.0 26.4972015616
546.0 26.1629018112
548.0 25.8314405888
550.0 25.507328
552.0 25.1908478976
554.0 24.8824102912
556.0 24.5869037568
558.0 24.3107938304
560.0 24.058496
562.0 23.8303571968
564.0 23.6270082048
566.0 23.4484174848
568.0 23.2936388608
570.0 23.1616
572.0 23.052316672
574.0 22.9659465728
576.0 22.8983422976
578.0 22.8434325504
580.0 22.796928
582.0 22.7585447936
584.0 22.7275575296
586.0 22.7027992576
588.0 22.6834026496
590.0 22.6688
592.0 22.6588493824
594.0 22.6538346496
596.0 22.6537084928
598.0 22.658470912
600.0 22.6688
602.0 22.6859730944
604.0 22.7111098368
606.0 22.7479160832
608.0 22.8014381056
610.0 22.875776
612.0 22.9721440256
614.0 23.0916145152
616.0 23.2385241088
618.0 23.4183133184
620.0 23.634688
622.0 23.8885470208
624.0 24.1813884928
626.0 24.5115250688
628.0 24.8754085888
630.0 25.270784
632.0 25.6999694336
634.0 26.1660715008
636.0 26.664658944
638.0 27.1885565952
640.0 27.734784
642.0 28.3060850688
644.0 28.902601728
646.0 29.5376750592
648.0 30.2313324544
650.0 30.99712
652.0 31.8330507264
654.0 32.7374057472
656.0 33.715641344
658.0 34.7743019008
660.0 35.915264
662.0 37.1366668288
664.0 38.439819264
666.0 39.8028961792
668.0 41.1929391104
670.0 42.587776
672.0 43.9855302656
674.0 45.3783171072
676.0 46.7741001728
678.0 48.1901471744
680.0 49.634816
682.0 51.0911858688
684.0 52.5389139968
686.0 53.9868786688
688.0 55.4532149248
690.0 56.938112
692.0 58.4337166336
694.0 59.9567761408
696.0 61.391289344
698.0 62.5617405952
700.0 63.364224
702.0 63.8156761088
704.0 63.896526848
706.0 63.7273505792
708.0 63.5067654144
710.0 63.364224
712.0 63.2819697664
714.0 63.2716879872
716.0 63.312815104
718.0 63.3539422208
720.0 63.364224
722.0 63.364224
724.0 63.364224
726.0 63.364224
728.0 63.364224
730.0 63.364224
732.0 63.364224
734.0 63.364224
736.0 63.364224
738.0 63.364224
740.0 63.364224
742.0 63.364224
744.0 63.364224
746.0 63.364224
748.0 63.364224
750.0 63.364224
