380.0 2.848384
382.0 2.85272675166
384.0 2.85765426122
386.0 2.86232108194
388.0 2.86009756834
390.0 2.848384
392.0 2.83261281549
394.0 2.81447166383
396.0 2.80322084648
398.0 2.81199742114
400.0 2.848384
402.0 2.9115570176
404.0 3.0036041728
406.0 3.112682496
408.0 3.2195530752
410.0 3.311616
412.0 3.3905270784
414.0 3.455355904
416.0 3.5074113536
418.0 3.5506358272
420.0 3.587584
422.0 3.6166946816
424.0 3.6371163136
426.0 3.6505993216
428.0 3.6597456896
430.0 3.666432
432.0 3.6708790272
434.0 3.6735440896
436.0 3.675026432
438.0 3.6757991424
440.0 3.676288
442.0 3.676997632
444.0 3.678416896
446.0 3.680545792
448.0 3.683147776
450.0 3.686144
452.0 3.6897394688
454.0 3.693949952
456.0 3.6992643072
458.0 3.7063921664
460.0 3.715712
462.0 3.72714496
464.0 3.7408172032
466.0 3.7558298624
468.0 3.7707636736
470.0 3.784704
472.0 3.7976823808
474.0 3.8094465024
476.0 3.820500992
478.0 3.8317920256
480.0 3.84384
482.0 3.8561245184
484.0 3.868125184
486.0 3.8798893056
488.0 3.8915745792
490.0 3.902976
492.0 3.9137939456
494.0 3.9242018816
496.0 3.9315347456
498.0 3.9318501376
500.0 3.922688
502.0 3.904395264
504.0 3.8768142336
506.0 3.8412695552
508.0 3.8001266688
510.0 3.755136
512.0 3.7062029312
514.0 3.6533747712
516.0 3.5982600192
518.0 3.5429875712
520.0 3.489024
522.0 3.4366373888
524.0 3.3863165952
526.0 3.3377304576
528.0 3.290011648
530.0 3.242624
532.0 3.1959775232
534.0 3.1503876096
536.0 3.105507328
538.0 3.0607847424
540.0 3.015936
542.0 2.9711345664
544.0 2.92644352
546.0 2.8823832576
548.0 2.8397422592
550.0 2.799104
552.0 2.7605157888
554.0 2.7240564736
556.0 2.6901202944
558.0 2.6591803392
560.0 2.631552
562.0 2.6072195072
564.0 2.5861197824
566.0 2.5683316736
568.0 2.5539340288
570.0 2.542848
572.0 2.5350105088
574.0 2.5305634816
576.0 2.5282453504
578.0 2.5261637632
580.0 2.523136
582.0 2.5192409088
584.0 2.5142104064
586.0 2.50894336
588.0 2.5050167296
590.0 2.503424
592.0 2.5039443968
594.0 2.506656768
596.0 2.5111826432
598.0 2.5168123904
600.0 2.523136
602.0 2.5305004032
604.0 2.5392525312
606.0 2.5492662272
608.0 2.5603049472
610.0 2.572416
612.0 2.5859620864
614.0 2.6011482112
616.0 2.619251712
618.0 2.6420860928
620.0 2.670976
622.0 2.7062525952
624.0 2.748483584
626.0 2.7978108928
628.0 2.8540768256
630.0 2.917376
632.0 2.9888438272
634.0 3.0699941888
636.0 3.1599755264
638.0 3.257053184
640.0 3.360896
642.0 3.473412096
644.0 3.5960049664
646.0 3.7327904768
648.0 3.8894456832
650.0 4.070528
652.0 4.2776459264
654.0 4.5126760448
656.0 4.7790876672
658.0 5.0807443456
660.0 5.4208
662.0 5.8016516096
664.0 6.2262638592
666.0 6.6944790528
668.0 7.2046413824
670.0 7.756672
672.0 8.3524632576
674.0 8.9921886208
676.0 9.683007488
678.0 10.4353277952
680.0 11.255552
682.0 12.1311748096
684.0 13.039488
686.0 14.0108795904
688.0 15.0957334528
690.0 16.31168
692.0 17.6458354688
694.0 19.1181010944
696.0 20.577829888
698.0 21.7949433856
700.0 22.629376
702.0 23.1003981824
704.0 23.1832832
706.0 23.0033678336
708.0 22.7729108992
710.0 22.629376
712.0 22.5485094912
714.0 22.5384011776
716.0 22.578834432
718.0 22.6192676864
720.0 22.629376
722.0 22.629376
724.0 22.629376
726.0 22.629376
728.0 22.629376
730.0 22.629376
732.0 22.629376
734.0 22.629376
736.0 22.629376
738.0 22.629376
740.0 22.629376
742.0 22.629376
744.0 22.629376
746.0 22.629376
748.0 22.629376
750.0 22.629376
