380.0 9.008384
382.0 9.07127648472
384.0 9.14196413171
386.0 9.20761380648
388.0 9.17515996968
390.0 9.008384
392.0 8.78376679747
394.0 8.52599359596
396.0 8.36632390602
398.0 8.49082240808
400.0 9.008384
402.0 9.909853184
404.0 11.2263940096
406.0 12.7996639232
408.0 14.3703318528
410.0 15.7696
412.0 17.020996608
414.0 18.1105498112
416.0 19.0655094784
418.0 19.9532906496
420.0 20.815872
422.0 21.6279748608
424.0 22.3757850624
426.0 23.07171328
428.0 23.7338945536
430.0 24.373888
432.0 24.9921824768
434.0 25.592956928
436.0 26.1667653632
438.0 26.6967343104
440.0 27.172992
442.0 27.5999381504
444.0 27.9789289472
446.0 28.316603392
448.0 28.6236059648
450.0 28.907648
452.0 29.1682564096
454.0 29.405100032
456.0 29.6245182464
458.0 29.8348689408
460.0 30.041088
462.0 30.2432227328
464.0 30.4429604864
466.0 30.63284224
468.0 30.8005677056
470.0 30.937984
472.0 31.0460372992
474.0 31.123986432
476.0 31.1720521728
478.0 31.1918903296
480.0 31.184384
482.0 31.1474673664
484.0 31.0787749888
486.0 30.9807511552
488.0 30.8576536576
490.0 30.711296
492.0 30.5401800704
494.0 30.3446054912
496.0 30.116545536
498.0 29.8438576128
500.0 29.51872
502.0 29.142772736
504.0 28.716993536
506.0 28.241224704
508.0 27.716097024
510.0 27.143424
512.0 26.52486144
514.0 25.861434368
516.0 25.162998784
518.0 24.443589632
520.0 23.713536
522.0 22.9742729216
524.0 22.227803136
526.0 21.4794409984
528.0 20.7348635648
530.0 19.997824
532.0 19.2709085184
534.0 18.5582802944
536.0 17.8529060864
538.0 17.1424856064
540.0 16.420096
542.0 15.6893169664
544.0 14.9514573824
546.0 14.2131247104
548.0 13.4845691904
550.0 12.773376
552.0 12.0800813056
554.0 11.4057416704
556.0 10.7555295232
558.0 10.135673856
560.0 9.550464
562.0 9.0009407488
564.0 8.4884918272
566.0 8.0119187456
568.0 7.568304128
570.0 7.155456
572.0 6.7736582144
574.0 6.4227373056
576.0 6.1003593728
578.0 5.803370496
580.0 5.529216
582.0 5.277060096
584.0 5.0460827648
586.0 4.8338712576
588.0 4.6375081984
590.0 4.454912
592.0 4.2853414912
594.0 4.1277874176
596.0 3.982770176
598.0 3.8517090304
600.0 3.735424
602.0 3.6330477568
604.0 3.54382336
606.0 3.4682396672
608.0 3.4071640064
610.0 3.360896
612.0 3.3288521728
614.0 3.3107013632
616.0 3.3048508416
618.0 3.309014016
620.0 3.321472
622.0 3.34157824
624.0 3.3682446336
626.0 3.4014554112
628.0 3.4417625088
630.0 3.489024
632.0 3.541773312
634.0 3.5987331072
636.0 3.6580583424
638.0 3.7174624256
640.0 3.774848
642.0 3.829331968
644.0 3.8804885504
646.0 3.9244699648
648.0 3.9560722432
650.0 3.971968
652.0 3.9729614848
654.0 3.9601092608
656.0 3.9328278528
658.0 3.8904864768
660.0 3.833984
662.0 3.7657331712
664.0 3.6877682688
666.0 3.6075167744
668.0 3.535228928
670.0 3.479168
672.0 3.4420936704
674.0 3.4270337024
676.0 3.4410686464
678.0 3.4924775424
680.0 3.587584
682.0 3.7230921728
684.0 3.8898714624
686.0 4.10758656
688.0 4.4067516416
690.0 4.799872
692.0 5.280765952
694.0 5.85919488
696.0 6.461041664
698.0 6.972449792
700.0 7.323008
702.0 7.5214526464
704.0 7.555846144
706.0 7.4788274176
708.0 7.3816236032
710.0 7.323008
712.0 7.2907118592
714.0 7.2866748416
716.0 7.302822912
718.0 7.3189709824
720.0 7.323008
722.0 7.323008
724.0 7.323008
726.0 7.323008
728.0 7.323008
730.0 7.323008
732.0 7.323008
734.0 7.323008
736.0 7.323008
738.0 7.323008
740.0 7.323008
742.0 7.323008
744.0 7.323008
746.0 7.323008
748.0 7.323008
750.0 7.323008
