380.0 25.328879
382.0 25.376856156
384.0 25.4238725269
386.0 25.4692611119
388.0 25.5137748047
390.0 25.557246
392.0 25.5977068365
394.0 25.6341976693
396.0 25.6636201942
398.0 25.6818428072
400.0 25.686323
402.0 25.6771565472
404.0 25.6539306304
406.0 25.6188693456
408.0 25.5757854288
410.0 25.527459
412.0 25.4735882176
414.0 25.4139347856
416.0 25.3511835056
418.0 25.2889882496
420.0 25.229589
422.0 25.173510008
424.0 25.1224193456
426.0 25.0723612992
428.0 25.0166635808
430.0 24.951577
432.0 24.8781024
434.0 24.7952230512
436.0 24.7092458544
438.0 24.6302586736
440.0 24.564346
442.0 24.5095220336
444.0 24.4650718864
446.0 24.4279294832
448.0 24.392931744
450.0 24.355837
452.0 24.3168517744
454.0 24.2770086832
456.0 24.227872048
458.0 24.1572887728
460.0 24.057967
462.0 23.9307645952
464.0 23.77439476
466.0 23.5965782848
468.0 23.4101831536
470.0 23.223931
472.0 23.036233184
474.0 22.8463430448
476.0 22.6578826816
478.0 22.4752208544
480.0 22.300534
482.0 22.1348547344
484.0 21.9815986336
486.0 21.8296928768
488.0 21.661424128
490.0 21.466498
492.0 21.2489496384
494.0 21.0102723648
496.0 20.7585682432
498.0 20.5067846896
500.0 20.265089
502.0 20.0332587648
504.0 19.8098324352
506.0 19.6103151376
508.0 19.456550672
510.0 19.36155
512.0 19.323343208
514.0 19.3431853216
516.0 19.4078270832
518.0 19.4953452608
520.0 19.589917
522.0 19.6942271024
524.0 19.8117388032
526.0 19.925437768
528.0 20.0114149648
530.0 20.05658
532.0 20.0671285696
534.0 20.047286456
536.0 20.0122728304
538.0 19.9853612688
540.0 19.987077
542.0 20.025522088
544.0 20.1093387344
546.0 20.2668682768
548.0 20.5344111392
550.0 20.940261
552.0 21.4929647424
554.0 22.2004814528
556.0 23.0831457232
558.0 24.1639928336
560.0 25.457956
562.0 26.9624457392
564.0 28.6703131712
566.0 30.5874839232
568.0 32.7219806272
570.0 35.069228
572.0 37.6105277488
574.0 40.3306924752
576.0 43.1742945296
578.0 46.0646026
580.0 48.940041
582.0 51.785612968
584.0 54.5891495216
586.0 57.2840230992
588.0 59.7850825968
590.0 62.036392
592.0 64.0302781776
594.0 65.7500445232
596.0 67.2275432688
598.0 68.5239370544
600.0 69.681722
602.0 70.6941781584
604.0 71.5629418288
606.0 72.3085858992
608.0 72.9557342896
610.0 73.524245
612.0 74.0245712816
614.0 74.4683419792
616.0 74.8644534768
618.0 75.2192603344
620.0 75.539832
622.0 75.8357320864
624.0 76.1151103168
626.0 76.3857510272
628.0 76.6552002576
630.0 76.929892
632.0 77.214179128
634.0 77.5113818992
636.0 77.8264568704
638.0 78.1644876896
640.0 78.528461
642.0 78.9189169392
644.0 79.3366180544
646.0 79.7766395616
648.0 80.2308793968
650.0 80.692983
652.0 81.1621242784
654.0 81.6370958656
656.0 82.1113525648
658.0 82.576474584
660.0 83.026298
662.0 83.4593930368
664.0 83.8741075088
666.0 84.2685668208
668.0 84.6415000608
670.0 84.99224
672.0 85.3197063632
674.0 85.6224058288
676.0 85.9045324064
678.0 86.172917248
680.0 86.431945
682.0 86.6809960928
684.0 86.9205471184
686.0 87.14921596
688.0 87.3642224976
690.0 87.563851
692.0 87.7487369232
694.0 87.91891204
696.0 88.0749482608
698.0 88.2178782016
700.0 88.348242
702.0 88.466675112
704.0 88.5750521328
706.0 88.6695285536
708.0 88.7438292464
710.0 88.795047
712.0 88.8244050672
714.0 88.8302989216
716.0 88.824595704
718.0 88.8256442064
720.0 88.844692
722.0 88.880515832
724.0 88.935721072
726.0 89.000060992
728.0 89.056060552
730.0 89.092917
732.0 89.1138368804
734.0 89.1193553141
736.0 89.1133561078
738.0 89.1028418194
740.0 89.092917
742.0 89.0852413604
744.0 89.0840498804
746.0 89.0873734825
748.0 89.0904253436
750.0 89.092917
