380.0 13.443866
382.0 13.4042665256
384.0 13.3644049636
386.0 13.3246361356
388.0 13.2878591196
390.0 13.255215
392.0 13.2243369312
394.0 13.1945128376
396.0 13.161696932
398.0 13.1201435064
400.0 13.066564
402.0 13.0013821008
404.0 12.923745264
406.0 12.8389595472
408.0 12.7556036064
410.0 12.679333
412.0 12.6095758176
414.0 12.5469675152
416.0 12.4908726368
418.0 12.4393848144
420.0 12.391392
422.0 12.3480856736
424.0 12.3104825648
426.0 12.27780424
428.0 12.2487003552
430.0 12.222599
432.0 12.19996088
434.0 12.180658904
436.0 12.167314328
438.0 12.163898752
440.0 12.172954
442.0 12.1937492976
444.0 12.225617416
446.0 12.2690031744
448.0 12.3243831648
450.0 12.391392
452.0 12.4694895424
454.0 12.5590094064
456.0 12.6540100784
458.0 12.7456746064
460.0 12.828268
462.0 12.9020126688
464.0 12.9659395424
466.0 13.02208208
468.0 13.0745707456
470.0 13.126138
472.0 13.1754493856
474.0 13.221297536
476.0 13.2660336384
478.0 13.3131527008
480.0 13.364434
482.0 13.4197027856
484.0 13.4802617424
486.0 13.5400263792
488.0 13.589385424
490.0 13.622588
492.0 13.64165168
494.0 13.6474978752
496.0 13.6430973424
498.0 13.6333748656
500.0 13.622588
502.0 13.610593768
504.0 13.5959941664
506.0 13.5890994688
508.0 13.6049223232
510.0 13.652375
512.0 13.7297576544
514.0 13.8377216288
516.0 13.9674499712
518.0 14.1044066256
520.0 14.238186
522.0 14.3707421216
524.0 14.5045691552
526.0 14.6287849168
528.0 14.7280590304
530.0 14.79421
532.0 14.8313365168
534.0 14.8419009728
536.0 14.8376910768
538.0 14.8366584608
540.0 14.853784
542.0 14.8924038384
544.0 14.9551710048
546.0 15.0632144112
548.0 15.2447324176
550.0 15.519027
552.0 15.8853514976
554.0 16.3420696112
556.0 16.8960919248
558.0 17.5549644784
560.0 18.319005
562.0 19.1820019072
564.0 20.1406508288
566.0 21.1620510304
568.0 22.198384448
570.0 23.214002
572.0 24.2041536528
574.0 25.1624848464
576.0 26.066166824
578.0 26.8887487296
580.0 27.612549
582.0 28.2328017152
584.0 28.742786928
586.0 29.1535615728
588.0 29.4865722896
590.0 29.757213
592.0 29.9633231536
594.0 30.1049186368
596.0 30.194009568
598.0 30.2464029152
600.0 30.273521
602.0 30.2793036496
604.0 30.270025992
606.0 30.2434321584
608.0 30.1925321328
610.0 30.114657
612.0 30.0164631616
614.0 29.9030660384
616.0 29.7806136672
618.0 29.656810952
620.0 29.538775
622.0 29.430906344
624.0 29.3374625392
626.0 29.2676100384
628.0 29.2324693216
630.0 29.240905
632.0 29.2968886736
634.0 29.4045508064
636.0 29.5688479552
638.0 29.794387176
640.0 30.08487
642.0 30.4428541376
644.0 30.8704207072
646.0 31.3686023248
648.0 31.9375578544
650.0 32.577049
652.0 33.287250512
654.0 34.0681782768
656.0 34.9165438096
658.0 35.8274223264
660.0 36.796874
662.0 37.8231989856
664.0 38.9037919136
666.0 40.0370482576
668.0 41.2219354016
670.0 42.456404
672.0 43.7365618848
674.0 45.0585804336
676.0 46.4179320224
678.0 47.8094535712
680.0 49.227982
682.0 50.669116776
684.0 52.1284573664
686.0 53.5993155968
688.0 55.0739865632
690.0 56.545655
692.0 58.0092849184
694.0 59.4593319648
696.0 60.8912685152
698.0 62.3012024016
700.0 63.684606
702.0 65.037174096
704.0 66.3563489792
706.0 67.6315979664
708.0 68.8490204576
710.0 69.99945
712.0 71.0781524464
714.0 72.0751034784
716.0 73.0059670864
718.0 73.8982267424
720.0 74.76537
722.0 75.6038859648
724.0 76.4242437744
726.0 77.175972336
728.0 77.7799573776
730.0 78.190875
732.0 78.4236133444
734.0 78.47835233
736.0 78.4067944355
738.0 78.2915360191
740.0 78.190875
742.0 78.1165841127
744.0 78.1001416887
746.0 78.1273997866
748.0 78.1602116636
750.0 78.190875
