380.0 21.675007
382.0 21.4798814179
384.0 21.2851397697
386.0 21.0926001743
388.0 20.9101925295
390.0 20.741681
392.0 20.5822361963
394.0 20.4307681896
396.0 20.2794943923
398.0 20.1171001149
400.0 19.937432
402.0 19.7412826192
404.0 19.5259583536
406.0 19.305868168
408.0 19.1039679104
410.0 18.934603
412.0 18.7955652272
414.0 18.688681528
416.0 18.6057068608
418.0 18.5319463056
420.0 18.458011
422.0 18.3864268816
424.0 18.3175275648
426.0 18.252123256
428.0 18.1925174832
430.0 18.140283
432.0 18.0943077584
434.0 18.053463824
436.0 18.0203247936
438.0 17.9988622672
440.0 17.991348
442.0 17.9967970352
444.0 18.0146851216
446.0 18.043137664
448.0 18.0792156784
450.0 18.120425
452.0 18.1663684688
454.0 18.21693488
456.0 18.2678190192
458.0 18.3130634864
460.0 18.348792
462.0 18.374925128
464.0 18.3907003232
466.0 18.3978174304
468.0 18.3996125936
470.0 18.398437
472.0 18.3939252624
474.0 18.3861409264
476.0 18.3765296544
478.0 18.3669183824
480.0 18.358721
482.0 18.3529383504
484.0 18.3511114144
486.0 18.3524617584
488.0 18.3551624464
490.0 18.358721
492.0 18.3648054912
494.0 18.3743849904
496.0 18.3913516656
498.0 18.4211863248
500.0 18.46794
502.0 18.531723896
504.0 18.6123314896
506.0 18.7134325392
508.0 18.8398723968
510.0 18.994177
512.0 19.1763463488
514.0 19.3880485152
516.0 19.6212767536
518.0 19.863321944
520.0 20.106225
522.0 20.3531473152
524.0 20.6070278736
526.0 20.86638924
528.0 21.1293250464
530.0 21.396995
532.0 21.6752929552
534.0 21.970652904
536.0 22.2926225728
538.0 22.6532756256
540.0 23.065067
542.0 23.5375603088
544.0 24.0800014368
546.0 24.7132333408
548.0 25.4633097168
550.0 26.351566
552.0 27.384023136
554.0 28.5633023808
556.0 29.9164582736
558.0 31.4790763504
560.0 33.272079
562.0 35.2863315424
564.0 37.5104752016
566.0 39.9397917168
568.0 42.567132208
570.0 45.37553
572.0 48.3449841152
574.0 51.4613238848
576.0 54.6489141584
578.0 57.802825264
580.0 60.844912
582.0 63.763005384
584.0 66.5436178624
586.0 69.1386771888
588.0 71.4933752832
590.0 73.57389
592.0 75.3728977088
594.0 76.8763071728
596.0 78.1299824288
598.0 79.2119257008
600.0 80.176675
602.0 81.0212436832
604.0 81.7518433328
606.0 82.3880777664
608.0 82.949725552
610.0 83.453245
612.0 83.9109480704
614.0 84.3351943824
616.0 84.7307657424
618.0 85.0979798784
620.0 85.439045
622.0 85.7613959424
624.0 86.0700686944
626.0 86.3705599504
628.0 86.6686682464
630.0 86.968111
632.0 87.2705721696
634.0 87.5785618064
636.0 87.8865514432
638.0 88.184929808
640.0 88.46739
642.0 88.7349805216
644.0 88.9872406672
646.0 89.2244881648
648.0 89.4481527904
650.0 89.65887
652.0 89.8558772464
654.0 90.0393016208
656.0 90.2069190272
658.0 90.3553933216
660.0 90.482977
662.0 90.5907026784
664.0 90.6791422672
666.0 90.750980568
668.0 90.8102686128
670.0 90.860279
672.0 90.901504208
674.0 90.934230192
676.0 90.962825712
678.0 90.993168736
680.0 91.029072
682.0 91.0708691184
684.0 91.119703912
686.0 91.1731457616
688.0 91.2266670432
690.0 91.277297
692.0 91.3254645648
694.0 91.3706137136
696.0 91.4133004704
698.0 91.4548751792
700.0 91.495735
702.0 91.5356575232
704.0 91.5758977744
706.0 91.6108955136
708.0 91.6320720848
710.0 91.634741
712.0 91.6199031024
714.0 91.5859538656
716.0 91.5427905168
718.0 91.506140592
720.0 91.485806
722.0 91.4803569648
724.0 91.4912391488
726.0 91.5122886288
728.0 91.5326232208
730.0 91.54538
732.0 91.5526132527
734.0 91.5548094525
736.0 91.5529546203
738.0 91.5492481484
740.0 91.54538
742.0 91.5422322125
744.0 91.5419462573
746.0 91.5435119418
748.0 91.5446283985
750.0 91.54538
