380.0 32.080599
382.0 31.9324494267
384.0 31.7822927701
386.0 31.6277848362
388.0 31.469190905
390.0 31.306137
392.0 31.1359218251
394.0 30.9574152417
396.0 30.7694912155
398.0 30.5711615973
400.0 30.362882
402.0 30.1452065472
404.0 29.9172208208
406.0 29.6893145264
408.0 29.477056336
410.0 29.29055
412.0 29.1294142448
414.0 28.9955554384
416.0 28.884970208
418.0 28.7897153536
420.0 28.704739
422.0 28.6326465168
424.0 28.575503136
426.0 28.5308305792
428.0 28.4949749744
430.0 28.466443
432.0 28.4465373408
434.0 28.4353533152
436.0 28.4399762576
438.0 28.471050056
440.0 28.535946
442.0 28.6343463616
444.0 28.7664417776
446.0 28.9348376176
448.0 29.1422345696
450.0 29.38984
452.0 29.6778445456
454.0 30.0073284816
456.0 30.3716830656
458.0 30.7605821376
460.0 31.167131
462.0 31.5923622688
464.0 32.0366572176
466.0 32.4985066384
468.0 32.9765601872
470.0 33.470659
472.0 33.9811525776
474.0 34.5076596464
476.0 35.0568842672
478.0 35.638914304
480.0 36.260708
482.0 36.9227419472
484.0 37.6268271952
486.0 38.3727731072
488.0 39.1587527472
490.0 39.984083
492.0 40.850050664
494.0 41.7565763072
496.0 42.7072661424
498.0 43.7074421136
500.0 44.759932
502.0 45.862209864
504.0 47.0114479264
506.0 48.2065182528
508.0 49.4461499312
510.0 50.727261
512.0 52.0454191536
514.0 53.3968434288
516.0 54.769634912
518.0 56.1478277712
520.0 57.518697
522.0 58.8785410672
524.0 60.223912624
526.0 61.5432304848
528.0 62.8224351856
530.0 64.051979
532.0 65.2285416704
534.0 66.3466423888
536.0 67.4135094672
538.0 68.4430435056
540.0 69.443426
542.0 70.4123057632
544.0 71.3516685952
546.0 72.2521097472
548.0 73.0982194112
550.0 73.881689
552.0 74.6043931088
554.0 75.2626619792
556.0 75.8759723376
558.0 76.475223232
560.0 77.078827
562.0 77.6841623856
564.0 78.2962653776
566.0 78.8930379936
568.0 79.4378620816
570.0 79.908592
572.0 80.3108197616
574.0 80.6430838176
576.0 80.9216518416
578.0 81.1739278736
580.0 81.4178
582.0 81.6513459664
584.0 81.8776159616
586.0 82.0920505888
588.0 82.284641416
590.0 82.450416
592.0 82.593949624
594.0 82.7167832688
596.0 82.8280992736
598.0 82.9414805104
600.0 83.066014
602.0 83.2020492432
604.0 83.3518738816
606.0 83.513136728
608.0 83.6803569744
610.0 83.850405
612.0 84.0257273104
614.0 84.207769568
616.0 84.3973578656
618.0 84.5956042512
620.0 84.803589
622.0 85.020914952
624.0 85.2460887856
626.0 85.4840511712
628.0 85.7423481488
630.0 86.024856
632.0 86.3297477888
634.0 86.6570235152
636.0 86.9981204096
638.0 87.33985276
640.0 87.67307
642.0 87.9974385152
644.0 88.3110519376
646.0 88.612909424
648.0 88.9034081344
650.0 89.182278
652.0 89.4474379024
654.0 89.697473952
656.0 89.9310675776
658.0 90.1468684352
660.0 90.343971
662.0 90.5225976816
664.0 90.6835269136
666.0 90.8257101936
668.0 90.9475588816
670.0 91.04893
672.0 91.1310944608
674.0 91.1943541056
676.0 91.2453812224
678.0 91.2939459472
680.0 91.3468
682.0 91.4040863584
684.0 91.4666787744
686.0 91.5357051824
688.0 91.6115627424
690.0 91.694315
692.0 91.784232024
694.0 91.8813138144
696.0 91.9834792528
698.0 92.0875510592
700.0 92.190765
702.0 92.2933752576
704.0 92.3968433808
706.0 92.493639216
708.0 92.5726422832
710.0 92.627641
712.0 92.6591278448
714.0 92.664100288
716.0 92.6558870192
718.0 92.6559346784
720.0 92.677286
722.0 92.717716888
724.0 92.7795626432
726.0 92.8514168304
728.0 92.9139774736
730.0 92.955298
732.0 92.9787983183
734.0 92.9849636857
736.0 92.9781816371
738.0 92.9663737092
740.0 92.955298
742.0 92.9467540052
744.0 92.9454195476
746.0 92.9491109693
748.0 92.9525135473
750.0 92.955298
