380.0 3.852452
382.0 3.81274033265
384.0 3.77312253949
386.0 3.73403188596
388.0 3.69730252916
390.0 3.663801
392.0 3.63242247156
394.0 3.60293298051
396.0 3.57346515273
398.0 3.54129663695
400.0 3.504937
402.0 3.4646173168
404.0 3.419785896
406.0 3.3736835632
408.0 3.3314733984
410.0 3.296428
412.0 3.2680548896
414.0 3.2466717952
416.0 3.2309283728
418.0 3.2182827984
420.0 3.207067
422.0 3.1978846608
424.0 3.1911329408
426.0 3.1860492928
428.0 3.1816011008
430.0 3.17728
432.0 3.1732130816
434.0 3.1692097088
436.0 3.16695384
438.0 3.1690667312
440.0 3.17728
442.0 3.1914506688
444.0 3.211753488
446.0 3.2380137072
448.0 3.2696753024
450.0 3.306357
452.0 3.3483129824
454.0 3.3957656592
456.0 3.44814312
458.0 3.5045716128
460.0 3.564511
462.0 3.6281519184
464.0 3.695653232
466.0 3.7670467136
468.0 3.8424117952
470.0 3.921955
472.0 4.0059463968
474.0 4.0946242816
476.0 4.1888624064
478.0 4.2898522512
480.0 4.398547
482.0 4.51531204
484.0 4.6405921904
486.0 4.7750070208
488.0 4.9191919872
490.0 5.073719
492.0 5.2392076288
494.0 5.4164204208
496.0 5.6053097168
498.0 5.8054783568
500.0 6.016974
502.0 6.239701328
504.0 6.4724688608
506.0 6.7193752896
508.0 6.9867751744
510.0 7.277957
512.0 7.5907919888
514.0 7.9241204336
516.0 8.2726998224
518.0 8.6286663872
520.0 8.985745
522.0 9.3433955232
524.0 9.7017609344
526.0 10.0519448496
528.0 10.3817147408
530.0 10.683604
532.0 10.9586929024
534.0 11.2068861296
536.0 11.4333944208
538.0 11.64711416
540.0 11.855226
542.0 12.0578252592
544.0 12.2544035728
546.0 12.4566215584
548.0 12.680842208
550.0 12.937487
552.0 13.2247448848
554.0 13.5413449504
556.0 13.885984512
558.0 14.2554862896
560.0 14.645275
562.0 15.0536507984
564.0 15.481217368
566.0 15.9069570016
568.0 16.3002883792
570.0 16.641004
572.0 16.9295645696
574.0 17.1631740816
576.0 17.3457882496
578.0 17.4870977776
580.0 17.594188
582.0 17.6650095712
584.0 17.6983868976
586.0 17.703168704
588.0 17.6919846784
590.0 17.67362
592.0 17.6488848752
594.0 17.619765104
596.0 17.5867531648
598.0 17.5486575776
600.0 17.504827
602.0 17.457803256
604.0 17.4106524208
606.0 17.3590533936
608.0 17.2956984304
610.0 17.216886
612.0 17.1257457232
614.0 17.0243269456
616.0 16.917983384
618.0 16.8144993744
620.0 16.720436
622.0 16.6384304032
624.0 16.571580432
626.0 16.5264948288
628.0 16.5110373616
630.0 16.531785
632.0 16.592391616
634.0 16.6966381728
636.0 16.8490999536
638.0 17.0543045824
640.0 17.316176
642.0 17.63747844
644.0 18.0204836576
646.0 18.4683053872
648.0 18.9841209088
650.0 19.570059
652.0 20.2272952544
654.0 20.9573865392
656.0 21.757695712
658.0 22.6234568528
660.0 23.551588
662.0 24.5422003584
664.0 25.594023016
666.0 26.7090735456
668.0 27.8910852512
670.0 29.141615
672.0 30.4579938768
674.0 31.8379977856
676.0 33.2781317184
678.0 34.7737091872
680.0 36.320282
682.0 37.9139421024
684.0 39.5496058464
686.0 41.2243501344
688.0 42.9360303024
690.0 44.6805
692.0 46.4507850976
694.0 48.2404198304
696.0 50.0383949232
698.0 51.831127504
700.0 53.606671
702.0 55.3591474432
704.0 57.0836955952
706.0 58.7650327392
708.0 60.3840157632
710.0 61.927173
712.0 63.3861164304
714.0 64.7461034752
716.0 66.0238784
718.0 67.2506579808
720.0 68.440597
722.0 69.5882940816
724.0 70.706633096
726.0 71.7282239344
728.0 72.5483752208
730.0 73.107227
732.0 73.4239546889
734.0 73.4982098508
736.0 73.4005741647
738.0 73.2437589782
740.0 73.107227
742.0 73.0066218493
744.0 72.9842220253
746.0 73.0210017017
748.0 73.0655246679
750.0 73.107227
