380.0 3.852452
382.0 3.8249122795
384.0 3.79720875426
386.0 3.76920574377
388.0 3.74124567977
390.0 3.713446
392.0 3.68537989998
394.0 3.65692006048
396.0 3.62762295449
398.0 3.5968960725
400.0 3.564511
402.0 3.530593536
404.0 3.495008
406.0 3.4592636
408.0 3.425663864
410.0 3.395718
412.0 3.3693148032
414.0 3.346629024
416.0 3.3273588208
418.0 3.3107893056
420.0 3.296428
422.0 3.284592632
424.0 3.2756485888
426.0 3.2687697776
428.0 3.2626852864
430.0 3.256712
432.0 3.2511358736
434.0 3.2459727936
436.0 3.2423983536
438.0 3.2422394896
440.0 3.246783
442.0 3.2558859072
444.0 3.2694052336
446.0 3.288246504
448.0 3.3136011984
450.0 3.346073
452.0 3.3855824768
454.0 3.432415584
456.0 3.4846500672
458.0 3.5392675104
460.0 3.594298
462.0 3.6500116048
464.0 3.7063447792
466.0 3.7634722736
468.0 3.821950112
470.0 3.882239
472.0 3.944116528
474.0 4.0072490816
476.0 4.0730028912
478.0 4.1434431888
480.0 4.219825
482.0 4.3020530064
484.0 4.3904925952
486.0 4.483777536
488.0 4.5796043008
490.0 4.676559
492.0 4.7751817712
494.0 4.875774456
496.0 4.9785912368
498.0 5.0841087056
500.0 5.192867
502.0 5.3045801648
504.0 5.4183267888
506.0 5.5373159248
508.0 5.6664723568
510.0 5.808465
512.0 5.9619593968
514.0 6.1263836368
516.0 6.2981156208
518.0 6.4715951088
520.0 6.642501
522.0 6.8110398176
524.0 6.9781329728
526.0 7.137124064
528.0 7.2785606832
530.0 7.397105
532.0 7.4946633824
534.0 7.572093696
536.0 7.6353056816
538.0 7.6935928832
540.0 7.754549
542.0 7.8190636704
544.0 7.8874228496
546.0 7.9710329728
548.0 8.085542144
550.0 8.24107
552.0 8.4362503104
554.0 8.6699551408
556.0 8.9418667632
558.0 9.2502376736
560.0 9.591414
562.0 9.963076328
564.0 10.3648116112
566.0 10.7769524864
568.0 11.1710622976
570.0 11.527569
572.0 11.8459483424
574.0 12.1235631824
576.0 12.3580464464
578.0 12.5496364304
580.0 12.699191
582.0 12.8048673328
584.0 12.8645048784
586.0 12.888398024
588.0 12.8925126016
590.0 12.887842
592.0 12.874259128
594.0 12.85328908
596.0 12.82667936
598.0 12.794985992
600.0 12.758765
602.0 12.720478776
604.0 12.683066304
606.0 12.64279428
608.0 12.593069848
610.0 12.530398
612.0 12.4576541744
614.0 12.376935376
616.0 12.2913712256
618.0 12.2054099152
620.0 12.123309
622.0 12.0475149856
624.0 11.9804743776
626.0 11.9289230096
628.0 11.9014395376
630.0 11.904871
632.0 11.9423152448
634.0 12.0174102576
636.0 12.1335716144
638.0 12.2936588672
640.0 12.500611
642.0 12.7574782016
644.0 13.0666593184
646.0 13.4319988592
648.0 13.857865584
650.0 14.347405
652.0 14.9020945424
654.0 15.5238405792
656.0 16.211356312
658.0 16.9616233248
660.0 17.77291
662.0 18.6458041344
664.0 19.57959084
666.0 20.5769231456
668.0 21.6420903792
670.0 22.777126
672.0 23.9797900256
674.0 25.2482396336
676.0 26.5791227936
678.0 27.9677530176
680.0 29.409698
682.0 30.9017328016
684.0 32.4399334816
686.0 34.0196770976
688.0 35.6359594336
690.0 37.283395
692.0 38.9559310784
694.0 40.6468477216
696.0 42.3504734848
698.0 44.06132756
700.0 45.77269
702.0 47.4784763136
704.0 49.1749531968
706.0 50.844343768
708.0 52.4627389952
710.0 54.01376
712.0 55.4887963536
714.0 56.870611312
716.0 58.1810963344
718.0 59.4601262848
720.0 60.725764
722.0 61.97046344
724.0 63.2088242064
726.0 64.3571090848
728.0 65.2855261872
730.0 65.918631
732.0 66.278239807
734.0 66.362947232
736.0 66.252093073
738.0 66.0738592947
740.0 65.918631
742.0 65.8040856473
744.0 65.7791598857
746.0 65.8216137433
748.0 65.8719207274
750.0 65.918631
