380.0 41.463504
382.0 41.5623323823
384.0 41.6542805851
386.0 41.7296252196
388.0 41.7775703748
390.0 41.791161
392.0 41.7685937227
394.0 41.70732079
396.0 41.6138733367
398.0 41.4999324273
400.0 41.374143
402.0 41.2361219568
404.0 41.086281432
406.0 40.9323104432
408.0 40.7842968544
410.0 40.649326
412.0 40.5284463824
414.0 40.4231513232
416.0 40.334139824
418.0 40.2608558608
420.0 40.202521
422.0 40.1612322464
424.0 40.140722904
426.0 40.1314929056
428.0 40.1184501712
430.0 40.093302
432.0 40.0588126256
434.0 40.0139335456
436.0 39.9728672016
438.0 39.9580134176
440.0 39.984083
442.0 40.0490424896
444.0 40.1531778416
446.0 40.2962348736
448.0 40.4756717616
450.0 40.689042
452.0 40.9369810448
454.0 41.2203467616
456.0 41.5308782224
458.0 41.8563428992
460.0 42.188321
462.0 42.5268760704
464.0 42.8712137904
466.0 43.2196819744
468.0 43.5713274384
470.0 43.925896
472.0 44.2819419968
474.0 44.6368282864
476.0 44.998069136
478.0 45.3776587776
480.0 45.782619
482.0 46.211313504
484.0 46.664790792
486.0 47.134869368
488.0 47.608204656
490.0 48.076218
492.0 48.5409587456
494.0 49.00318944
496.0 49.4629577424
498.0 49.9212962688
500.0 50.379746
502.0 50.8365117728
504.0 51.2870341904
506.0 51.745340944
508.0 52.2332758336
510.0 52.762706
512.0 53.3290720464
514.0 53.93273936
516.0 54.5536434176
518.0 55.1604085792
520.0 55.731477
522.0 56.2694540496
524.0 56.7757536176
526.0 57.2405896816
528.0 57.6522063056
530.0 58.005218
532.0 58.3032309776
534.0 58.5488347216
536.0 58.7578997456
538.0 58.9540967856
540.0 59.156982
542.0 59.3696055776
544.0 59.5928094976
546.0 59.8566826016
548.0 60.2024500976
550.0 60.656261
552.0 61.2149221424
554.0 61.8773532496
556.0 62.6358176448
558.0 63.475064384
560.0 64.379636
562.0 65.3458786208
564.0 66.3731726768
566.0 67.4181800688
568.0 68.4191821328
570.0 69.334207
572.0 70.1609988016
574.0 70.8912648368
576.0 71.52811884
578.0 72.0849848192
580.0 72.571061
582.0 72.981088984
584.0 73.312797016
586.0 73.575955232
588.0 73.784940824
590.0 73.951192
592.0 74.0772346976
594.0 74.165737832
596.0 74.2281872704
598.0 74.2790396368
600.0 74.328494
602.0 74.379965936
604.0 74.4387615024
606.0 74.5012109408
608.0 74.5586561632
610.0 74.606506
612.0 74.6500029632
614.0 74.6933569488
616.0 74.7377435504
618.0 74.784115952
620.0 74.834873
622.0 74.892381768
624.0 74.9569758704
626.0 75.0418251328
628.0 75.1658343712
630.0 75.341252
632.0 75.567950928
634.0 75.8482982288
636.0 76.1768607536
638.0 76.5430740464
640.0 76.939821
642.0 77.367482888
644.0 77.8236449776
646.0 78.3096734992
648.0 78.8291428928
650.0 79.382355
652.0 79.9649728336
654.0 80.5745975472
656.0 81.1992349088
658.0 81.8219659024
660.0 82.430558
662.0 83.0236608576
664.0 83.5992727888
666.0 84.152167168
668.0 84.6771014832
670.0 85.170962
672.0 85.6320329872
674.0 86.05742312
676.0 86.4551709168
678.0 86.8386209536
680.0 87.216336
682.0 87.5868386208
684.0 87.9507166128
686.0 88.3058570848
688.0 88.6478118448
690.0 88.973769
692.0 89.2846023024
694.0 89.5801052288
696.0 89.8609926672
698.0 90.1286943936
700.0 90.383687
702.0 90.6260499184
704.0 90.8574671072
706.0 91.071885848
708.0 91.2598537328
710.0 91.416303
712.0 91.5422980384
714.0 91.635694184
716.0 91.7086763056
718.0 91.7805463792
720.0 91.863108
722.0 91.9549790512
724.0 92.0591302896
726.0 92.164393576
728.0 92.2517846624
730.0 92.309913
732.0 92.3427070903
734.0 92.3509227154
736.0 92.3412661406
738.0 92.3249144743
740.0 92.309913
742.0 92.2985313445
744.0 92.2963866805
746.0 92.300937108
748.0 92.3057144297
750.0 92.309913
