380.0 20.711894
382.0 20.6196590818
384.0 20.5251070296
386.0 20.425792858
388.0 20.3226583492
390.0 20.215444
392.0 20.1004619614
394.0 19.9761017019
396.0 19.8396753797
398.0 19.6880775454
400.0 19.520414
402.0 19.3371326032
404.0 19.1368686448
406.0 18.9311238784
408.0 18.737452776
410.0 18.56723
412.0 18.4197565488
414.0 18.2969387904
416.0 18.194614488
418.0 18.1044432816
420.0 18.021135
422.0 17.9473585584
424.0 17.885067984
426.0 17.8320709536
428.0 17.7851901872
430.0 17.743123
432.0 17.7069337808
434.0 17.6766225296
436.0 17.6584643744
438.0 17.6619117232
440.0 17.693478
442.0 17.7527978176
444.0 17.8399664944
446.0 17.9571604672
448.0 18.106603832
450.0 18.289218
452.0 18.505193608
454.0 18.7556109312
456.0 19.0341471824
458.0 19.3309527936
460.0 19.639562
462.0 19.9608326672
464.0 20.2946535904
466.0 20.6411836336
468.0 21.0016142768
470.0 21.377137
472.0 21.7676088256
474.0 22.1727914576
476.0 22.5966406096
478.0 23.0449548176
480.0 23.521801
482.0 24.0276557488
484.0 24.5636946576
486.0 25.1300765904
488.0 25.7260866592
490.0 26.351566
492.0 27.0069276592
494.0 27.6914408624
496.0 28.4082828896
498.0 29.1622990928
500.0 29.955793
502.0 30.7853649216
504.0 31.6469638256
506.0 32.5397000736
508.0 33.4630970736
510.0 34.413914
512.0 35.386956
514.0 36.3788869296
516.0 37.3719299072
518.0 38.3413815808
520.0 39.269195
522.0 40.1518910432
524.0 40.9842589712
526.0 41.7607862032
528.0 42.4776600032
530.0 43.131576
532.0 43.7184037296
534.0 44.2346164112
536.0 44.6810083648
538.0 45.0605980064
540.0 45.37553
542.0 45.6251212304
544.0 45.8095782208
546.0 45.9305690432
548.0 45.9903177936
550.0 45.991128
552.0 45.9350966672
554.0 45.8246861872
556.0 45.6627243392
558.0 45.4523089712
560.0 45.196808
562.0 44.9004630944
564.0 44.5683896752
566.0 44.202954816
568.0 43.8055882928
570.0 43.379801
572.0 42.9305653808
574.0 42.460693328
576.0 41.9854198992
578.0 41.5257151424
580.0 41.096131
582.0 40.6980495888
584.0 40.3342669152
586.0 40.0057520496
588.0 39.71083692
590.0 39.447917
592.0 39.2182155424
594.0 39.0225427536
596.0 38.8544328688
598.0 38.704115752
600.0 38.564236
602.0 38.4347777264
604.0 38.3162016368
606.0 38.2004850992
608.0 38.0767459296
610.0 37.938709
612.0 37.788344224
614.0 37.6269066272
616.0 37.4599882224
618.0 37.2964853936
620.0 37.144389
622.0 37.0067968896
624.0 36.8869657744
626.0 36.7970805232
628.0 36.753027536
630.0 36.767087
632.0 36.8433893792
634.0 36.9866847072
636.0 37.2032957712
638.0 37.4991799712
640.0 37.879135
642.0 38.3458456592
644.0 38.9008370432
646.0 39.5473340912
648.0 40.2886729472
650.0 41.125918
652.0 42.0580366336
654.0 43.0847587792
656.0 44.1969497568
658.0 45.3809472624
660.0 46.626584
662.0 47.9309686448
664.0 49.2888586848
666.0 50.6988561168
668.0 52.1619141248
670.0 53.676174
672.0 55.234391544
674.0 56.8301327648
676.0 58.4546283696
678.0 60.0973139024
680.0 61.748451
682.0 63.4011608512
684.0 65.0482786896
686.0 66.67958956
688.0 68.2837346864
690.0 69.850515
692.0 71.3735123952
694.0 72.847325496
696.0 74.2601348208
698.0 75.5978809056
700.0 76.85046
702.0 78.0155368032
704.0 79.0911096288
706.0 80.0749384944
708.0 80.966070216
710.0 81.765315
712.0 82.4719579584
714.0 83.0831871984
716.0 83.6155404624
718.0 84.0942771264
720.0 84.535506
722.0 84.9404662224
724.0 85.3169739024
726.0 85.6493968224
728.0 85.9100926464
730.0 86.08443
732.0 86.1816073368
734.0 86.2046276426
736.0 86.1754611243
738.0 86.1274680819
740.0 86.08443
742.0 86.0524249089
744.0 86.0449900737
746.0 86.0563817627
748.0 86.0707515816
750.0 86.08443
