380.0 15.767252
382.0 15.6218222696
384.0 15.4749066666
386.0 15.3245614256
388.0 15.1705904368
390.0 15.012648
392.0 14.8491425108
394.0 14.6795131564
396.0 14.5039777098
398.0 14.3232791832
400.0 14.138896
402.0 13.9515000256
404.0 13.7607043616
406.0 13.5750717776
408.0 13.4071525296
410.0 13.265144
412.0 13.1492209392
414.0 13.0615438976
416.0 12.99825248
418.0 12.9518006464
420.0 12.917629
422.0 12.89816816
424.0 12.894832016
426.0 12.908017728
428.0 12.938440184
430.0 12.987132
432.0 13.0552369968
434.0 13.1440102
436.0 13.2560569792
438.0 13.3947134784
440.0 13.563014
442.0 13.7624042064
444.0 13.9939802592
446.0 14.262492192
448.0 14.5741357008
450.0 14.933216
452.0 15.3416871168
454.0 15.803155264
456.0 16.3136329552
458.0 16.8654947184
460.0 17.455182
462.0 18.0880802896
464.0 18.7692732352
466.0 19.5020175488
468.0 20.2900465344
470.0 21.138841
472.0 22.0519436128
474.0 23.0294338048
476.0 24.0946169248
478.0 25.2809338448
480.0 26.60972
482.0 28.0766542896
484.0 29.6784482288
486.0 31.414085088
488.0 33.2797521312
490.0 35.267808
492.0 37.3699123344
494.0 39.578264912
496.0 41.8631105056
498.0 44.1837799312
500.0 46.507436
502.0 48.8229264592
504.0 51.1182888496
506.0 53.365118288
508.0 55.5301327664
510.0 57.5882
512.0 59.5295339664
514.0 61.344062688
516.0 63.0251456496
518.0 64.5703204592
520.0 65.978205
522.0 67.2440015792
524.0 68.3632143456
526.0 69.347472144
528.0 70.2159975184
530.0 70.982421
532.0 71.6467425888
534.0 72.211154608
536.0 72.6808042512
538.0 73.0607751664
540.0 73.355452
542.0 73.570236128
544.0 73.7123082032
546.0 73.7780461264
548.0 73.7591889696
550.0 73.653322
552.0 73.466418504
554.0 73.2002577584
556.0 72.8749201728
558.0 72.5196367232
560.0 72.154043
562.0 71.7787585728
564.0 71.3978821328
566.0 71.0080298768
568.0 70.6000671248
570.0 70.168243
572.0 69.7137648688
574.0 69.2338367248
576.0 68.7330973968
578.0 68.2197283808
580.0 67.695922
582.0 67.1628697344
584.0 66.6322004288
586.0 66.0617356912
588.0 65.3857058256
590.0 64.568287
592.0 63.6231891776
594.0 62.5494115152
596.0 61.4064485808
598.0 60.2873946784
600.0 59.256272
602.0 58.3083781712
604.0 57.4454924688
606.0 56.6881718944
608.0 56.057068768
610.0 55.562684
612.0 55.2092274864
614.0 55.0069141824
616.0 54.9119135104
618.0 54.8543253104
620.0 54.788222
622.0 54.715065128
624.0 54.6236547824
626.0 54.5297820448
628.0 54.4664111952
630.0 54.450636
632.0 54.46374228
634.0 54.4908603648
636.0 54.5216323216
638.0 54.5432695984
640.0 54.539997
642.0 54.5061113088
644.0 54.4466485136
646.0 54.2970303984
648.0 53.9631300432
650.0 53.388233
652.0 52.5886546016
654.0 51.5733865504
656.0 50.3714532992
658.0 49.031626096
660.0 47.599626
662.0 46.0893536112
664.0 44.5102454512
666.0 42.9578264432
668.0 41.5638742752
670.0 40.420959
672.0 39.5453482912
674.0 38.9675599232
676.0 38.6832727952
678.0 38.6627793392
680.0 38.891893
682.0 39.3828780784
684.0 40.1253607552
686.0 41.16801696
688.0 42.5859099328
690.0 44.412417
692.0 46.6184660496
694.0 49.1942234
696.0 52.0286113424
698.0 54.9559347248
700.0 57.856283
702.0 60.7198066
704.0 63.5262344784
706.0 66.2206632368
708.0 68.7457429712
710.0 71.061853
712.0 73.145195496
714.0 74.9635846128
716.0 76.5605173136
718.0 78.0171731024
720.0 79.382355
722.0 80.6446565712
724.0 81.8165327536
726.0 82.849085208
728.0 83.6606578384
730.0 84.207849
732.0 84.5144556079
734.0 84.5862584873
736.0 84.4930016708
738.0 84.3416051909
740.0 84.207849
742.0 84.1090115724
744.0 84.0858492012
746.0 84.1208264933
748.0 84.1653379057
750.0 84.207849
