380.0 3.991458
382.0 4.19319186846
384.0 4.39452523242
386.0 4.59492631554
388.0 4.79202888034
390.0 4.984358
392.0 5.17283090509
394.0 5.35748605743
396.0 5.53829084808
398.0 5.71528290274
400.0 5.887897
402.0 6.0561975216
404.0 6.2216861504
406.0 6.3774840752
408.0 6.513106272
410.0 6.622643
412.0 6.7078417632
414.0 6.7682895152
416.0 6.8123742752
418.0 6.8534406192
420.0 6.900655
422.0 6.9538903264
424.0 7.0146875792
426.0 7.084063488
428.0 7.1617797568
430.0 7.24817
432.0 7.3456489504
434.0 7.456520136
436.0 7.5804976016
438.0 7.7163104352
440.0 7.863768
442.0 8.0245701408
444.0 8.1998289056
446.0 8.3926421424
448.0 8.6072197472
450.0 8.846739
452.0 9.1119942208
454.0 9.4039703664
456.0 9.724224304
458.0 10.0742652416
460.0 10.455237
462.0 10.8681721952
464.0 11.314373512
466.0 11.7927447888
468.0 12.3010619296
470.0 12.838197
472.0 13.403037952
474.0 13.9918197088
476.0 14.6126125616
478.0 15.2785227904
480.0 15.995619
482.0 16.757213016
484.0 17.5583482816
486.0 18.3866492912
488.0 19.2244821408
490.0 20.05658
492.0 20.8773826288
494.0 21.6818858112
496.0 22.4490559536
498.0 23.15164788
500.0 23.770026
502.0 24.2997897808
504.0 24.7351883456
506.0 25.0731238464
508.0 25.3139140112
510.0 25.457956
512.0 25.5031369216
514.0 25.4488372064
516.0 25.2994573872
518.0 25.06198748
520.0 24.743068
522.0 24.3452248848
524.0 23.8703962752
526.0 23.3319426336
528.0 22.748053888
530.0 22.131741
532.0 21.4868802512
534.0 20.8202233616
536.0 20.129101416
538.0 19.4055712144
540.0 18.646662
542.0 17.8595544256
544.0 17.04928448
546.0 16.2245579104
548.0 15.3968923568
550.0 14.575772
552.0 13.76437412
554.0 12.9653835184
556.0 12.1891899008
558.0 11.4488201152
560.0 10.753107
562.0 10.1037980592
564.0 9.5037528448
566.0 8.9496987584
568.0 8.43448692
570.0 7.953129
572.0 7.5065781824
574.0 7.0944849664
576.0 6.7142439824
578.0 6.3626779504
580.0 6.036832
582.0 5.7356417424
584.0 5.4589800864
586.0 5.2005083584
588.0 4.9514096064
590.0 4.706346
592.0 4.4651586752
594.0 4.2257188544
596.0 3.9951754176
598.0 3.7855225968
600.0 3.604227
602.0 3.4492075088
604.0 3.3200828496
606.0 3.2145494944
608.0 3.1283181152
610.0 3.058132
612.0 3.0040864672
614.0 2.9660067664
616.0 2.9403978896
618.0 2.9225733488
620.0 2.909197
622.0 2.8993315456
624.0 2.8913883456
626.0 2.8859869696
628.0 2.8850337856
630.0 2.889339
632.0 2.897202768
634.0 2.9072747456
636.0 2.9184587712
638.0 2.9294839328
640.0 2.938984
642.0 2.946609472
644.0 2.9529322592
646.0 2.9530593504
648.0 2.9398418656
650.0 2.909197
652.0 2.8622844608
654.0 2.7991201344
656.0 2.724676464
658.0 2.6468966496
660.0 2.571611
662.0 2.499089584
664.0 2.430142608
666.0 2.368503376
668.0 2.31862008
670.0 2.28367
672.0 2.2656865952
674.0 2.267942464
676.0 2.2870379168
678.0 2.3164595296
680.0 2.353173
682.0 2.4005303584
684.0 2.4603585408
686.0 2.5392504032
688.0 2.6467377856
690.0 2.790049
692.0 2.9699783664
694.0 3.1871772272
696.0 3.448063688
698.0 3.7608192448
700.0 4.130464
702.0 4.5572362496
704.0 5.042502224
706.0 5.5807493424
708.0 6.1626046288
710.0 6.781507
712.0 7.4298468704
714.0 8.0909594064
716.0 8.7863071344
718.0 9.5532230944
720.0 10.405592
722.0 11.3330559184
724.0 12.3481968784
726.0 13.3497549664
728.0 14.1831555104
730.0 14.754494
732.0 15.0822737585
734.0 15.1606240391
736.0 15.0592197037
738.0 14.8961183676
740.0 14.754494
742.0 14.6496090988
744.0 14.6287343692
746.0 14.6695566403
748.0 14.7143216271
750.0 14.754494
