380.0 9.184325
382.0 9.09074125806
384.0 8.99530336801
386.0 8.8955043191
388.0 8.7900503959
390.0 8.677946
392.0 8.55777283313
394.0 8.42878811107
396.0 8.2919548233
398.0 8.14924356754
400.0 8.002774
402.0 7.852885816
404.0 7.6991690096
406.0 7.5489472112
408.0 7.4128643088
410.0 7.297815
412.0 7.203926376
414.0 7.1330412592
416.0 7.0813786864
418.0 7.0417897776
420.0 7.009874
422.0 6.987553608
424.0 6.9757341264
426.0 6.9748762608
428.0 6.9859331952
430.0 7.009874
432.0 7.0472705856
434.0 7.0988696128
436.0 7.16635504
438.0 7.2518715312
440.0 7.357389
442.0 7.483765312
444.0 7.631508832
446.0 7.804114568
448.0 8.006269008
450.0 8.24107
452.0 8.5088193856
454.0 8.810359144
456.0 9.1443071584
458.0 9.5078833088
460.0 9.899213
462.0 10.3189475744
464.0 10.7675000784
466.0 11.2436154864
468.0 11.7455462944
470.0 12.272244
472.0 12.8224059184
474.0 13.3930454064
476.0 13.9895002944
478.0 14.6206669664
480.0 15.29066
482.0 15.9953171584
484.0 16.7322078224
486.0 17.4915777424
488.0 18.2592085904
490.0 19.023964
492.0 19.7831432832
494.0 20.5334261824
496.0 21.2659163136
498.0 21.9701286528
500.0 22.63812
502.0 23.26642712
504.0 23.8511101856
506.0 24.3909936032
508.0 24.8868716928
510.0 25.338808
512.0 25.7449120432
514.0 26.1045801392
516.0 26.4161124432
518.0 26.6773642912
520.0 26.887732
522.0 27.0480734352
524.0 27.1583250512
526.0 27.2251273632
528.0 27.2584093712
530.0 27.265034
532.0 27.2451918864
534.0 27.2000268512
536.0 27.13039676
538.0 27.0362221808
540.0 26.917519
542.0 26.7759235168
544.0 26.613453304
546.0 26.4270740592
548.0 26.2116227024
550.0 25.964335
552.0 25.6871014336
554.0 25.3810340512
556.0 25.0492307008
558.0 24.6962984384
560.0 24.32605
562.0 23.9403123216
564.0 23.5416907728
566.0 23.132425336
568.0 22.7145018112
570.0 22.290605
572.0 21.8632926128
574.0 21.433851448
576.0 21.0106854112
578.0 20.6053121424
580.0 20.225373
582.0 19.87150344
584.0 19.5457210352
586.0 19.2450391424
588.0 18.9632620656
590.0 18.696307
592.0 18.4455560624
594.0 18.2114699584
596.0 17.9926347984
598.0 17.7873030784
600.0 17.594188
602.0 17.4128606304
604.0 17.2427967184
606.0 17.0838532864
608.0 16.9361891984
610.0 16.799868
612.0 16.6754616016
614.0 16.5645268704
616.0 16.4645537552
618.0 16.371411792
620.0 16.28356
622.0 16.203095384
624.0 16.1307010592
626.0 16.0745108624
628.0 16.0465190256
630.0 16.055193
632.0 16.0997066928
634.0 16.1788050784
636.0 16.298810944
638.0 16.4681440816
640.0 16.690649
642.0 16.96349792
644.0 17.28519752
646.0 17.644150728
648.0 18.023041368
650.0 18.408366
652.0 18.8011890128
654.0 19.205704416
656.0 19.5990199072
658.0 19.9481712064
660.0 20.235302
662.0 20.468276056
664.0 20.6504612912
666.0 20.8077048784
668.0 20.9798816816
670.0 21.198415
672.0 21.4689286192
674.0 21.7982219184
676.0 22.2174322416
678.0 22.7659578608
680.0 23.472156
682.0 24.3380918912
684.0 25.3627011456
686.0 26.563808304
688.0 27.9632571664
690.0 29.568562
692.0 31.3716048544
694.0 33.370654112
696.0 35.5121249456
698.0 37.7160293312
700.0 39.924509
702.0 42.1319560528
704.0 44.3267734176
706.0 46.4853697904
708.0 48.5848687552
710.0 50.608113
712.0 52.534577296
714.0 54.3343634384
716.0 56.0407375488
718.0 57.7148622672
720.0 59.385349
722.0 61.0397269232
724.0 62.6969802848
726.0 64.2411224784
728.0 65.492319456
730.0 66.345578
732.0 66.8305175811
734.0 66.9449444319
736.0 66.7954981786
738.0 66.5550661799
740.0 66.345578
742.0 66.1909022327
744.0 66.1574931335
746.0 66.2150697798
748.0 66.2828353853
750.0 66.345578
