380.0 48.324443
382.0 49.6933787247
384.0 51.0507640485
386.0 52.376983904
388.0 53.630500296
390.0 54.788222
392.0 55.8624232744
394.0 56.8523002217
396.0 57.7877894325
398.0 58.7157326033
400.0 59.663361
402.0 60.6276495936
404.0 61.619135704
406.0 62.5943382544
408.0 63.4822450368
410.0 64.24063
412.0 64.8798034176
414.0 65.3950311424
416.0 65.8267758352
418.0 66.241839808
420.0 66.683164
422.0 67.1439649184
424.0 67.6279758672
426.0 68.123901616
428.0 68.6081508608
430.0 69.066124
432.0 69.5049381408
434.0 69.927881768
436.0 70.3347006992
438.0 70.7257126624
440.0 71.101569
442.0 71.4619678704
444.0 71.8059402032
446.0 72.138712624
448.0 72.4682283328
450.0 72.799428
452.0 73.1316285104
454.0 73.465385888
456.0 73.7976340576
458.0 74.1229716432
460.0 74.437713
462.0 74.7427159936
464.0 75.0385207616
466.0 75.3229667536
468.0 75.5931944176
470.0 75.847631
472.0 76.0857840224
474.0 76.3058583216
476.0 76.5131440688
478.0 76.71621992
480.0 76.919963
482.0 77.1228641008
484.0 77.3254157008
486.0 77.5210567168
488.0 77.6993021248
490.0 77.853289
492.0 77.9837798896
494.0 78.0901075648
496.0 78.173320528
498.0 78.2361194672
500.0 78.280236
502.0 78.3042085776
504.0 78.306527992
506.0 78.2895454304
508.0 78.2569941968
510.0 78.210733
512.0 78.1500946112
514.0 78.0757939184
516.0 77.9821118176
518.0 77.8601519248
520.0 77.704354
522.0 77.5146544976
524.0 77.2886704576
526.0 77.0321845296
528.0 76.7552051456
530.0 76.463229
532.0 76.1539684512
534.0 75.8278365456
536.0 75.476127536
538.0 75.0851791184
540.0 74.646222
542.0 74.1618138912
544.0 73.634020024
546.0 73.0612676448
548.0 72.4418886816
550.0 71.776741
552.0 71.0672861488
554.0 70.3124438528
556.0 69.5295620608
558.0 68.7444561728
560.0 67.973934
562.0 67.2173918592
564.0 66.4777846208
566.0 65.7491389984
568.0 65.019301896
570.0 64.280346
572.0 63.5331132896
574.0 62.7747283264
576.0 62.0087973232
578.0 61.242389728
580.0 60.477539
582.0 59.7158337792
584.0 58.9686169552
586.0 58.1988414432
588.0 57.3484424512
590.0 56.386791
592.0 55.325817776
594.0 54.1618689072
596.0 52.9593955184
598.0 51.8187996576
600.0 50.806693
602.0 49.916101416
604.0 49.1501545264
606.0 48.5097896288
608.0 47.9859514752
610.0 47.569839
612.0 47.2673778304
614.0 47.0869242128
616.0 46.9893181712
618.0 46.9149062736
620.0 46.825164
622.0 46.7190587344
624.0 46.5831029232
626.0 46.443016648
628.0 46.3462208128
630.0 46.318785
632.0 46.3413754608
634.0 46.400917688
636.0 46.4799207552
638.0 46.5532047184
640.0 46.596797
642.0 46.6085370496
644.0 46.5974006832
646.0 46.4918991008
648.0 46.1876586544
650.0 45.623755
652.0 44.8175837456
654.0 43.7732594688
656.0 42.547194776
658.0 41.2305776032
660.0 39.894722
662.0 38.5505419232
664.0 37.214130296
666.0 35.9531790688
668.0 34.8528393456
670.0 33.977038
672.0 33.3468721712
674.0 32.9870293248
676.0 32.9161600944
678.0 33.143955184
680.0 33.679168
682.0 34.5239114336
684.0 35.6640307024
686.0 37.1322041312
688.0 38.977997288
690.0 41.215279
692.0 43.8166611136
694.0 46.7765992752
696.0 49.9554520288
698.0 53.1469344704
700.0 56.208069
702.0 59.1324533984
704.0 61.8943199248
706.0 64.4767495632
708.0 66.8835550496
710.0 69.115769
712.0 71.1440333472
714.0 72.9368135872
716.0 74.5414194192
718.0 76.0387920512
720.0 77.475987
722.0 78.8455217712
724.0 80.1663964992
726.0 81.3649459472
728.0 82.3209100672
730.0 82.966724
732.0 83.3304015497
734.0 83.4163871838
736.0 83.3056991859
738.0 83.1257160793
740.0 82.966724
742.0 82.8489223154
744.0 82.8225667778
746.0 82.8655063488
748.0 82.9177242615
750.0 82.966724
