380.0 40.023799
382.0 40.5605055177
384.0 41.0885306878
386.0 41.5945144281
388.0 42.0550611641
390.0 42.456404
392.0 42.8026291611
394.0 43.0920789891
396.0 43.3387963013
398.0 43.5657350455
400.0 43.78689
402.0 44.0014993776
404.0 44.2154891856
406.0 44.4119245216
408.0 44.5622098656
410.0 44.650713
412.0 44.683200688
414.0 44.6572899696
416.0 44.6004802032
418.0 44.5560618288
420.0 44.551423
422.0 44.5841807568
424.0 44.6602130672
426.0 44.7627756656
428.0 44.86160496
430.0 44.938654
432.0 45.0008174832
434.0 45.0490485936
436.0 45.094658448
438.0 45.1563135664
440.0 45.246453
442.0 45.362900312
444.0 45.505163024
446.0 45.675862392
448.0 45.877301944
450.0 46.110276
452.0 46.3748163328
454.0 46.671621944
456.0 46.9932897712
458.0 47.3284610384
460.0 47.669129
462.0 48.0155954976
464.0 48.3677016672
466.0 48.7213964768
468.0 49.0719140064
470.0 49.416633
472.0 49.7544414096
474.0 50.0823049328
476.0 50.409374136
478.0 50.7505028032
480.0 51.114492
482.0 51.4987681296
484.0 51.903490056
486.0 52.3211593984
488.0 52.7394641968
490.0 53.149937
492.0 53.5525936944
494.0 53.9455437984
496.0 54.3283266064
498.0 54.7019747344
500.0 55.066234
502.0 55.4174981904
504.0 55.7521452064
506.0 56.0689200224
508.0 56.3671871824
510.0 56.644945
512.0 56.9003347664
514.0 57.1340237104
516.0 57.3330008704
518.0 57.4782819984
520.0 57.558413
522.0 57.5744264912
524.0 57.5236376704
526.0 57.4185173616
528.0 57.2799561808
530.0 57.121537
532.0 56.9410198368
534.0 56.7392148976
536.0 56.5144541104
538.0 56.2622098512
540.0 55.979702
542.0 55.6694882672
544.0 55.3339357264
546.0 54.9702642576
548.0 54.5739462368
550.0 54.142837
552.0 53.6787475968
554.0 53.1824882336
556.0 52.6593014224
558.0 52.1169714992
560.0 51.561297
562.0 50.9939618832
564.0 50.4179686784
566.0 49.8341117056
568.0 49.2418349408
570.0 48.642171
572.0 48.0373280928
574.0 47.4271632416
576.0 46.8222409024
578.0 46.2378914512
580.0 45.683329
582.0 45.1592843232
584.0 44.6710634784
586.0 44.2035743856
588.0 43.7316371008
590.0 43.240795
592.0 42.7357345712
594.0 42.2153119936
596.0 41.696954648
598.0 41.2086225984
600.0 40.768474
602.0 40.3738717104
604.0 40.0257848
606.0 39.7215443536
608.0 39.4543986512
610.0 39.21955
612.0 39.0199691568
614.0 38.8591511296
616.0 38.7279612384
618.0 38.6124194512
620.0 38.504662
622.0 38.4055785232
624.0 38.3116581264
626.0 38.2386283456
628.0 38.2118279888
630.0 38.246508
632.0 38.3343121328
634.0 38.4669159136
636.0 38.6462257104
638.0 38.8753393712
640.0 39.150047
642.0 39.4648995616
644.0 39.8234079504
646.0 40.1710341552
648.0 40.426995832
650.0 40.540107
652.0 40.5205031824
654.0 40.3726325712
656.0 40.105931688
658.0 39.7406556928
660.0 39.298982
662.0 38.792126408
664.0 38.23101876
666.0 37.671579184
668.0 37.190300696
670.0 36.846519
672.0 36.6551355392
674.0 36.631893736
676.0 36.8212119648
678.0 37.2747210256
680.0 38.02807
682.0 39.0806393184
684.0 40.4233737328
686.0 42.0770049952
688.0 44.0683016896
690.0 46.398217
692.0 49.0447164896
694.0 52.0010007792
696.0 55.1438708368
698.0 58.2931748864
700.0 61.321504
702.0 64.2204066128
704.0 66.9687538128
706.0 69.5303563808
708.0 71.8770953888
710.0 73.990908
712.0 75.8498392096
714.0 77.4256588848
716.0 78.7747002
718.0 79.9928375792
720.0 81.139788
722.0 82.2080530816
724.0 83.21375752
726.0 84.1104812544
728.0 84.8172036448
730.0 85.29011
732.0 85.5541599067
734.0 85.616919396
736.0 85.5376544692
738.0 85.4071456409
740.0 85.29011
742.0 85.2029953674
744.0 85.1830738218
746.0 85.2143961777
748.0 85.2532991589
750.0 85.29011
