380.0 17.931774
382.0 18.6112892201
384.0 19.2843797977
386.0 19.9412023976
388.0 20.5630437528
390.0 21.138841
392.0 21.6724153125
394.0 22.1626474971
396.0 22.6195494065
398.0 23.0595322999
400.0 23.492014
402.0 23.916419176
404.0 24.3382507552
406.0 24.7388739904
408.0 25.0879458576
410.0 25.368595
412.0 25.5868582496
414.0 25.7414646944
416.0 25.8578643472
418.0 25.9762498
420.0 26.123199
422.0 26.2971233072
424.0 26.5022961632
426.0 26.7340787392
428.0 26.9806356672
430.0 27.235247
432.0 27.5043943888
434.0 27.7929867312
436.0 28.1001661616
438.0 28.423867448
440.0 28.764313
442.0 29.1237269136
444.0 29.5021409616
446.0 29.9116923536
448.0 30.3701738576
450.0 30.889119
452.0 31.4687184176
454.0 32.1121176176
456.0 32.8130255856
458.0 33.5595275216
460.0 34.344411
462.0 35.170742096
464.0 36.0394739936
466.0 36.9531644032
468.0 37.9161820848
470.0 38.931609
472.0 39.9939643408
474.0 41.0929219472
476.0 42.2458138816
478.0 43.480759072
480.0 44.809577
482.0 46.218462384
484.0 47.7004887536
486.0 49.2140496272
488.0 50.6982206608
490.0 52.107392
492.0 53.4357174496
494.0 54.6755556512
496.0 55.7954515328
498.0 56.7580720544
500.0 57.538555
502.0 58.1311653792
504.0 58.5272768768
506.0 58.7414890944
508.0 58.802238688
510.0 58.730035
512.0 58.5235753456
514.0 58.1858622544
516.0 57.7291600272
518.0 57.168163584
520.0 56.515868
522.0 55.7790408816
524.0 54.9631789232
526.0 54.0848039808
528.0 53.1644889424
530.0 52.216611
532.0 51.246428552
534.0 50.2623772768
536.0 49.2567204976
538.0 48.2131746544
540.0 47.123034
542.0 45.9945912352
544.0 44.8337878736
546.0 43.645739336
548.0 42.4371973424
550.0 41.215279
552.0 39.9834793168
554.0 38.743196296
556.0 37.5130805712
558.0 36.3191064064
560.0 35.178447
562.0 34.0918490128
564.0 33.0629822032
566.0 32.0861433536
568.0 31.149179368
570.0 30.243734
572.0 29.3709828432
574.0 28.5293372576
576.0 27.716922648
578.0 26.9323886704
580.0 26.172844
582.0 25.4379709088
584.0 24.732503544
586.0 24.0341056272
588.0 23.3090185584
590.0 22.53883
592.0 21.7288936688
594.0 20.8762070352
596.0 20.0152594736
598.0 19.200461904
600.0 18.46794
602.0 17.8131343648
604.0 17.2366486816
606.0 16.7411042064
608.0 16.3250711632
610.0 15.98569
612.0 15.7251212672
614.0 15.5474001104
616.0 15.4291735216
618.0 15.3348559648
620.0 15.241015
622.0 15.1469833984
624.0 15.0455963936
626.0 14.9473072368
628.0 14.873006544
630.0 14.833926
632.0 14.8198824224
634.0 14.8233933168
636.0 14.8378658272
638.0 14.8544830016
640.0 14.863713
642.0 14.8635700224
644.0 14.8578032592
646.0 14.811764472
648.0 14.6747760448
650.0 14.416908
652.0 14.0462147424
654.0 13.56460264
656.0 12.9968068176
658.0 12.3832581632
660.0 11.755936
662.0 11.1193044064
664.0 10.4792890096
666.0 9.8707286848
668.0 9.33882024
670.0 8.916242
672.0 8.6137808304
674.0 8.4477838368
676.0 8.4140411232
678.0 8.4962691296
680.0 8.687875
682.0 8.997500936
684.0 9.4229069552
686.0 9.9960564944
688.0 10.7649264816
690.0 11.755936
692.0 12.9591401632
694.0 14.3733157184
696.0 15.9595409856
698.0 17.6568916208
700.0 19.421124
702.0 21.2493626848
704.0 23.1336803616
706.0 25.0522332304
708.0 26.9814299872
710.0 28.903319
712.0 30.794833216
714.0 32.6189255504
716.0 34.4156932768
718.0 36.2582932672
720.0 38.177005
722.0 40.1531778416
724.0 42.2103554368
726.0 44.177218848
728.0 45.7909275872
730.0 46.894667
732.0 47.5249286793
734.0 47.6744536044
736.0 47.4797202415
738.0 47.1667099702
740.0 46.894667
742.0 46.6935962557
744.0 46.6517514781
746.0 46.7281836089
748.0 46.8152185815
750.0 46.894667
