380.0 12.80841
382.0 13.4320783672
384.0 14.0524663068
386.0 14.6643949285
388.0 15.2550353941
390.0 15.816897
392.0 16.3537931663
394.0 16.8652557383
396.0 17.3574961463
398.0 17.8405224424
400.0 18.319005
402.0 18.7918478096
404.0 19.2631496384
406.0 19.7118927792
408.0 20.105271816
410.0 20.423953
412.0 20.6723209776
414.0 20.8481675392
416.0 20.9721450048
418.0 21.0780914064
420.0 21.188486
422.0 21.3011364624
424.0 21.4186322768
426.0 21.5398613952
428.0 21.6593430096
430.0 21.774297
432.0 21.8892033312
434.0 22.0073187152
436.0 22.1287702432
438.0 22.2529224592
440.0 22.379966
442.0 22.5108063904
444.0 22.6451576752
446.0 22.787928752
448.0 22.9463479328
450.0 23.124641
452.0 23.3219977472
454.0 23.538958312
456.0 23.7704549328
458.0 24.0082266816
460.0 24.246618
462.0 24.4860578208
464.0 24.7261013248
466.0 24.9654299408
468.0 25.2030110528
470.0 25.438098
472.0 25.6695787344
474.0 25.8959758208
476.0 26.1193544912
478.0 26.3433686176
480.0 26.570004
482.0 26.7978785216
484.0 27.0261502032
486.0 27.2529921088
488.0 27.4757035504
490.0 27.691981
492.0 27.9005376592
494.0 28.0995783648
496.0 28.2876574544
498.0 28.463504016
500.0 28.625307
502.0 28.7707787648
504.0 28.8980129424
506.0 29.002529568
508.0 29.0786095376
510.0 29.121757
512.0 29.1310187712
514.0 29.106029464
516.0 29.0419596128
518.0 28.9325340896
520.0 28.774242
522.0 28.5672263216
524.0 28.3102320288
526.0 28.010423888
528.0 27.6793195392
530.0 27.324608
532.0 26.9459715424
534.0 26.544903488
536.0 26.1203235616
538.0 25.6691339152
540.0 25.189873
542.0 24.6855115728
544.0 24.1590680496
546.0 23.6099864064
548.0 23.0366780032
550.0 22.43954
552.0 21.8212730848
554.0 21.1832593744
556.0 20.534522344
558.0 19.8878505456
560.0 19.252331
562.0 18.629266392
564.0 18.021135
566.0 17.429207736
568.0 16.853246304
570.0 16.293489
572.0 15.7514291456
574.0 15.227432128
576.0 14.7232136784
578.0 14.2409978928
580.0 13.781452
582.0 13.3450684784
584.0 12.9346433344
586.0 12.5395485664
588.0 12.1431828864
590.0 11.736078
592.0 11.3206645264
594.0 10.8955444624
596.0 10.4740782704
598.0 10.0777125904
600.0 9.720491
602.0 9.4002370624
604.0 9.1171414144
606.0 8.8709022144
608.0 8.6590570704
610.0 8.479366
612.0 8.3328457328
614.0 8.2209101584
616.0 8.135743168
618.0 8.0655888256
620.0 8.002774
622.0 7.94677444
624.0 7.894587616
626.0 7.851217744
628.0 7.8260378
630.0 7.824052
632.0 7.8405420832
634.0 7.871552336
636.0 7.9145568208
638.0 7.9663782576
640.0 8.022632
642.0 8.081649976
644.0 8.1451479168
646.0 8.1926800256
648.0 8.1943004384
650.0 8.131851
652.0 8.0094780608
654.0 7.8280871456
656.0 7.5988781664
658.0 7.3408353712
660.0 7.069448
662.0 6.787702696
664.0 6.4996187184
666.0 6.2236878368
668.0 5.9838985152
670.0 5.798536
672.0 5.6750827856
674.0 5.6236585088
676.0 5.647297472
678.0 5.7445698992
680.0 5.917684
682.0 6.1723747648
684.0 6.508181488
686.0 6.9482824272
688.0 7.5261978864
690.0 8.260928
692.0 9.1468013232
694.0 10.1833094912
696.0 11.3465116992
698.0 12.5983600192
700.0 13.910529
702.0 15.2814300016
704.0 16.7076156752
706.0 18.1674805168
708.0 19.6341765104
710.0 21.089196
712.0 22.5159853568
714.0 23.8836455328
716.0 25.2341483968
718.0 26.6414451408
720.0 28.138786
722.0 29.7094425952
724.0 31.3739242688
726.0 32.9839950224
728.0 34.311128992
730.0 35.218163
732.0 35.7364886488
734.0 35.8600692585
736.0 35.7002364921
738.0 35.4426225537
740.0 35.218163
742.0 35.0519350075
744.0 35.0179539979
746.0 35.0817541604
748.0 35.1532987528
750.0 35.218163
