380.0 12.431108
382.0 12.5573287925
384.0 12.6825060994
386.0 12.8053882395
388.0 12.9239643291
390.0 13.036777
392.0 13.1436498296
394.0 13.2441120787
396.0 13.3377598983
398.0 13.4243382699
400.0 13.50344
402.0 13.5750558912
404.0 13.6399359488
406.0 13.6952047344
408.0 13.736493488
410.0 13.761594
412.0 13.771284704
414.0 13.7649460304
416.0 13.7487577888
418.0 13.7323312512
420.0 13.721878
422.0 13.7172868304
424.0 13.7203211328
426.0 13.7275653312
428.0 13.7325854336
430.0 13.731807
432.0 13.7271840576
434.0 13.7191455392
436.0 13.7117424768
438.0 13.7112499984
440.0 13.721878
442.0 13.7429592528
444.0 13.7740965968
446.0 13.8165927168
448.0 13.8718773888
450.0 13.940316
452.0 14.0215431632
454.0 14.1158924928
456.0 14.2181055904
458.0 14.320239256
460.0 14.416908
462.0 14.5082071408
464.0 14.5934217904
466.0 14.672361312
468.0 14.7457405936
470.0 14.814068
472.0 14.8763268016
474.0 14.931309632
476.0 14.9815265424
478.0 15.0310285648
480.0 15.082151
482.0 15.1342266192
484.0 15.1874937184
486.0 15.2390927456
488.0 15.2844166448
490.0 15.320447
492.0 15.3475650848
494.0 15.3655484896
496.0 15.3747149424
498.0 15.3760176272
500.0 15.370092
502.0 15.3561596272
504.0 15.3331720064
506.0 15.3029560736
508.0 15.2684508128
510.0 15.231086
512.0 15.1904009296
514.0 15.1471899216
516.0 15.0963534416
518.0 15.0299482896
520.0 14.943145
522.0 14.8370715072
524.0 14.7116642656
526.0 14.570052896
528.0 14.4175593424
530.0 14.258044
532.0 14.0914433232
534.0 13.918154472
536.0 13.7406557248
538.0 13.5619654976
540.0 13.384292
542.0 13.2081594832
544.0 13.0340286528
546.0 12.8626779424
548.0 12.694742808
550.0 12.530398
552.0 12.3697547232
554.0 12.2132419104
556.0 12.0580794416
558.0 11.8999779888
560.0 11.736078
562.0 11.5670784768
564.0 11.3937101936
566.0 11.2145433744
568.0 11.0276716512
570.0 10.832539
572.0 10.6299556272
574.0 10.4199056464
576.0 10.2080287296
578.0 10.0027446688
580.0 9.809852
582.0 9.6292077456
584.0 9.4612090656
586.0 9.3072698496
588.0 9.1685021456
590.0 9.045319
592.0 8.9379745952
594.0 8.8470408416
596.0 8.768736776
598.0 8.6971844304
600.0 8.628301
602.0 8.5624200992
604.0 8.49962116
606.0 8.4380137008
608.0 8.3753736256
610.0 8.310573
612.0 8.2441996208
614.0 8.1768412848
616.0 8.1105155648
618.0 8.0482408768
620.0 7.992845
622.0 7.9458371424
624.0 7.9088377168
626.0 7.8860566192
628.0 7.8828157936
630.0 7.903484
632.0 7.9503012208
634.0 8.0258569392
636.0 8.1327088656
638.0 8.273160528
640.0 8.449579
642.0 8.6644107872
644.0 8.9198005536
646.0 9.218639624
648.0 9.5641052784
650.0 9.958787
652.0 10.404321088
654.0 10.90243916
656.0 11.454014968
658.0 12.05936624
660.0 12.719049
662.0 13.4340799776
664.0 14.204983424
666.0 15.0333162064
668.0 15.9210641248
670.0 16.869371
672.0 17.8776966944
674.0 18.9453422064
676.0 20.0719262624
678.0 21.2568928384
680.0 22.499114
682.0 23.7969693344
684.0 25.1488225424
686.0 26.5511150704
688.0 27.9992398624
690.0 29.48913
692.0 31.016925088
694.0 32.5770648864
696.0 34.1700101008
698.0 35.7986997152
700.0 37.462117
702.0 39.1538279632
704.0 40.8697021408
706.0 42.5935195184
708.0 44.302880272
710.0 45.981199
712.0 47.6170692672
714.0 49.1898705264
716.0 50.7167600896
718.0 52.2315759888
720.0 53.745677
722.0 55.2492929872
724.0 56.7585168736
726.0 58.166226664
728.0 59.3087924384
730.0 60.090308
732.0 60.5353768217
734.0 60.6400340686
736.0 60.5022648514
738.0 60.2815914297
740.0 60.090308
742.0 59.9493708523
744.0 59.9189166235
746.0 59.9713665992
748.0 60.0331215207
750.0 60.090308
