380.0 55.354175
382.0 56.0145274972
384.0 56.6648991545
386.0 57.2896602628
388.0 57.8637312132
390.0 58.372591
392.0 58.8197413202
394.0 59.2026963702
396.0 59.5402288581
398.0 59.862748698
400.0 60.189598
402.0 60.5184782528
404.0 60.852696336
406.0 61.1828633872
408.0 61.4915043664
410.0 61.768309
412.0 62.0172171152
414.0 62.2381175072
416.0 62.4392393312
418.0 62.6340065952
420.0 62.830712
422.0 63.0286883168
424.0 63.2306997792
426.0 63.4287396416
428.0 63.609066168
430.0 63.764038
432.0 63.8970548272
434.0 64.0083549456
436.0 64.10797856
438.0 64.2116532064
440.0 64.329991
442.0 64.4616574832
444.0 64.606334928
446.0 64.7668193408
448.0 64.9458114096
450.0 65.144169
452.0 65.3619874304
454.0 65.6006964768
456.0 65.8502877072
458.0 66.0953513136
460.0 66.32572
462.0 66.5423469504
464.0 66.7445331632
466.0 66.93297764
468.0 67.1103810688
470.0 67.278904
472.0 67.4367830432
474.0 67.581381056
476.0 67.7203393968
478.0 67.8654934336
480.0 68.023579
482.0 68.1931504336
484.0 68.3757328288
486.0 68.560857048
488.0 68.7316835072
490.0 68.877473
492.0 68.9999730304
494.0 69.098452824
496.0 69.1762802976
498.0 69.2401277392
500.0 69.294491
502.0 69.3375272576
504.0 69.3676319856
506.0 69.3886814656
508.0 69.4063153696
510.0 69.423568
512.0 69.440169288
514.0 69.4577873056
516.0 69.4684947392
518.0 69.4596619008
520.0 69.423568
522.0 69.3617857904
524.0 69.2736480432
526.0 69.164540248
528.0 69.0436765168
530.0 68.917189
532.0 68.784219832
534.0 68.645213832
536.0 68.500488728
538.0 68.349567928
540.0 68.192372
542.0 68.0299971056
544.0 67.863285224
546.0 67.6924428784
548.0 67.5174700688
550.0 67.338478
552.0 67.1551171712
554.0 66.9661961024
556.0 66.7742566176
558.0 66.5833497488
560.0 66.395223
562.0 66.2098445984
564.0 66.0299787776
566.0 65.8443144208
568.0 65.635138192
570.0 65.392394
572.0 65.1191002608
574.0 64.8144785408
576.0 64.4920640528
578.0 64.1734623008
580.0 63.873257
582.0 63.590320216
584.0 63.3259228608
586.0 63.0815423696
588.0 62.8569404464
590.0 62.65199
592.0 62.4682796704
594.0 62.3069215056
596.0 62.1655007728
598.0 62.03996644
600.0 61.927173
602.0 61.8272952032
604.0 61.7407778688
606.0 61.6629980544
608.0 61.587442336
610.0 61.510155
612.0 61.4332330512
614.0 61.3594883824
616.0 61.2874912176
618.0 61.2149380288
620.0 61.142782
622.0 61.0745181392
624.0 61.0112267216
626.0 60.970732288
628.0 60.9788502384
630.0 61.053421
632.0 61.1955566208
634.0 61.408799768
636.0 61.6941671712
638.0 62.0494347344
640.0 62.473268
642.0 62.9669855392
644.0 63.5296023952
646.0 64.1621194112
648.0 64.8662046592
650.0 65.640619
652.0 66.4810413328
654.0 67.3843579232
656.0 68.3368429216
658.0 69.319353216
660.0 70.317178
662.0 71.326440992
664.0 72.3422809536
666.0 73.3558968192
668.0 74.3579950448
670.0 75.341252
672.0 76.3011400608
674.0 77.2329727392
676.0 78.1358127376
678.0 79.0110104
680.0 79.858947
682.0 80.6765882352
684.0 81.4613922816
686.0 82.214264664
688.0 82.9374294784
690.0 83.631967
692.0 84.2967651808
694.0 84.93147452
696.0 85.5339344672
698.0 86.1009677424
700.0 86.630525
702.0 87.123479992
704.0 87.5810559712
706.0 88.0017755024
708.0 88.3834144896
710.0 88.725544
712.0 89.0285453072
714.0 89.2905597024
716.0 89.5225488016
718.0 89.7412727568
720.0 89.95674
722.0 90.1687281216
724.0 90.3818441776
726.0 90.5812184976
728.0 90.7421477296
730.0 90.85035
732.0 90.9113124258
734.0 90.9259849224
736.0 90.907613707
738.0 90.8773755788
740.0 90.85035
742.0 90.8301762483
744.0 90.8258869203
746.0 90.8334645051
748.0 90.8422575134
750.0 90.85035
