380.0 9.720491
382.0 9.85789741435
384.0 10.0012606966
386.0 10.1564319827
388.0 10.3207132451
390.0 10.494953
392.0 10.6892994644
394.0 10.9086857077
396.0 11.1618552547
398.0 11.4592684257
400.0 11.805581
402.0 12.2008664048
404.0 12.6496413184
406.0 13.126455728
408.0 13.5915936336
410.0 14.019748
412.0 14.4127616496
414.0 14.76521732
416.0 15.0912221344
418.0 15.4167503568
420.0 15.757323
422.0 16.1059977072
424.0 16.4601532224
426.0 16.8131966896
428.0 17.1542459248
430.0 17.47504
432.0 17.7748799136
434.0 18.0523358896
436.0 18.3004814576
438.0 18.5106585296
440.0 18.676449
442.0 18.79639132
444.0 18.8692145776
446.0 18.8918368112
448.0 18.8611601728
450.0 18.775739
452.0 18.6359545664
454.0 18.4420133952
456.0 18.198903816
458.0 17.9142513008
460.0 17.594188
462.0 17.241033328
464.0 16.85825052
466.0 16.449493448
468.0 16.01825712
470.0 15.568672
472.0 15.1042489824
474.0 14.626926208
476.0 14.1474587696
478.0 13.6803827232
480.0 13.235357
482.0 12.8133030112
484.0 12.4167943536
486.0 12.042050064
488.0 11.6812063744
490.0 11.328989
492.0 10.9877967872
494.0 10.659694968
496.0 10.3399335088
498.0 10.0215223936
500.0 9.700633
502.0 9.3782343984
504.0 9.0536117008
506.0 8.7339932192
508.0 8.4308171616
510.0 8.151709
512.0 7.8953660496
514.0 7.6611846272
516.0 7.4510711008
518.0 7.2669318384
520.0 7.109164
522.0 6.9772751072
524.0 6.8716940928
526.0 6.7846207344
528.0 6.704299096
530.0 6.622643
532.0 6.5400813792
534.0 6.4564077104
536.0 6.3691596016
538.0 6.2759540928
540.0 6.175838
542.0 6.068843096
544.0 5.9543656976
546.0 5.8386968192
548.0 5.7315271648
550.0 5.639672
552.0 5.5627659376
554.0 5.5007930912
556.0 5.4573279008
558.0 5.4366596944
560.0 5.441092
562.0 5.4702276576
564.0 5.5242096448
566.0 5.598287928
568.0 5.6849958992
570.0 5.778678
572.0 5.878921184
574.0 5.985121768
576.0 6.092196104
578.0 6.193630768
580.0 6.285057
582.0 6.3658234576
584.0 6.434706888
586.0 6.4933435904
588.0 6.5452285728
590.0 6.592856
592.0 6.6354156656
594.0 6.6722244544
596.0 6.7062531232
598.0 6.741791
600.0 6.781507
602.0 6.8251787136
604.0 6.8732191872
606.0 6.9237220528
608.0 6.9733511664
610.0 7.019803
612.0 7.0637924416
614.0 7.1060979248
616.0 7.14451124
618.0 7.1758551072
620.0 7.198525
622.0 7.2137123984
624.0 7.2223546
626.0 7.2269457696
628.0 7.2311397792
630.0 7.238241
632.0 7.250076368
634.0 7.2688064336
636.0 7.2982598192
638.0 7.3429641488
640.0 7.407034
642.0 7.4933924704
644.0 7.6051056352
646.0 7.746049776
648.0 7.9203553568
650.0 8.131851
652.0 8.3840634864
654.0 8.680884984
656.0 9.0245713616
658.0 9.4166318272
660.0 9.859497
662.0 10.3568048656
664.0 10.9113990896
666.0 11.5296183456
668.0 12.2194852656
670.0 12.987132
672.0 13.8347349856
674.0 14.7648042736
676.0 15.7797069376
678.0 16.8811904816
680.0 18.07078
682.0 19.3503659744
684.0 20.7217276816
686.0 22.1844361888
688.0 23.736982288
690.0 25.378524
692.0 27.1077427536
694.0 28.9207463808
696.0 30.824223056
698.0 32.8292138272
700.0 34.940151
702.0 37.1500445584
704.0 39.453636104
706.0 41.8368185136
708.0 44.2797337872
710.0 46.76559
712.0 49.2712565536
714.0 51.7566838336
716.0 54.2530727296
718.0 56.8205532656
720.0 59.47471
722.0 62.1945569984
724.0 65.0107073536
726.0 67.6930147888
728.0 69.892057936
730.0 71.399439
732.0 72.2610252101
734.0 72.4645904232
736.0 72.1974416043
738.0 71.7696653191
740.0 71.399439
742.0 71.1263723071
744.0 71.0691336079
746.0 71.1725223751
748.0 71.2909952411
750.0 71.399439
