380.0 25.408311
382.0 25.7837154493
384.0 26.1574491663
386.0 26.5263595745
388.0 26.8807692721
390.0 27.215389
392.0 27.5341902821
394.0 27.8373098632
396.0 28.1311005549
398.0 28.4252884067
400.0 28.724597
402.0 29.0278048304
404.0 29.3377961536
406.0 29.6370641568
408.0 29.898284232
410.0 30.104728
412.0 30.258746648
414.0 30.3572741008
416.0 30.4144174816
418.0 30.4542446864
420.0 30.491959
422.0 30.5244308016
424.0 30.5527880256
426.0 30.5714545456
428.0 30.5698659056
430.0 30.541604
432.0 30.489099448
434.0 30.4126699776
436.0 30.3151910272
438.0 30.2015873808
440.0 30.074941
442.0 29.9340921776
444.0 29.7783101392
446.0 29.6076743168
448.0 29.4221052784
450.0 29.221047
452.0 29.0052461424
454.0 28.7771333248
456.0 28.5290036432
458.0 28.2488628656
460.0 27.930277
462.0 27.5757243248
464.0 27.1847759072
466.0 26.7694418656
468.0 26.348468152
470.0 25.934548
472.0 25.5267917712
474.0 25.1260732176
476.0 24.734171616
478.0 24.3516429904
480.0 23.978535
482.0 23.6170717408
484.0 23.27079588
486.0 22.9310334432
488.0 22.5838043984
490.0 22.221102
492.0 21.8461511872
494.0 21.4598733712
496.0 21.0699416832
498.0 20.6885092192
500.0 20.324663
502.0 19.9777516832
504.0 19.6464408112
506.0 19.3415807952
508.0 19.0782637152
510.0 18.8651
512.0 18.700596328
514.0 18.5860236112
516.0 18.5085456384
518.0 18.4475100896
520.0 18.388508
522.0 18.3334298512
524.0 18.2835942144
526.0 18.2300252736
528.0 18.1611259568
530.0 18.07078
532.0 17.9608778848
534.0 17.8315943616
536.0 17.6954002544
538.0 17.5716769712
540.0 17.47504
542.0 17.4055687728
544.0 17.3628184704
546.0 17.362405424
548.0 17.4253791136
550.0 17.564401
552.0 17.7766750768
554.0 18.060533272
556.0 18.4080959312
558.0 18.8061773424
560.0 19.242402
562.0 19.7135290784
564.0 20.2181129152
566.0 20.72857472
568.0 21.2063899728
570.0 21.625362
572.0 21.98399748
574.0 22.277578152
576.0 22.507692656
578.0 22.682125328
580.0 22.806913
582.0 22.8791643472
584.0 22.896591728
586.0 22.8719995808
588.0 22.8244515856
590.0 22.767197
592.0 22.7009030528
594.0 22.6281433408
596.0 22.5505382768
598.0 22.4677701328
600.0 22.379966
602.0 22.2905573408
604.0 22.2034204368
606.0 22.1142977328
608.0 22.0155637568
610.0 21.903374
612.0 21.7813346752
614.0 21.6519240608
616.0 21.5202099184
618.0 21.39342056
620.0 21.277847
622.0 21.1761422672
624.0 21.0910388224
626.0 21.0304004336
628.0 21.0040766688
630.0 21.019693
632.0 21.0803949344
634.0 21.1898998896
636.0 21.3508767808
638.0 21.564914248
640.0 21.833871
642.0 22.1602094288
644.0 22.5453751968
646.0 22.9926567888
648.0 23.5060258048
650.0 24.087754
652.0 24.738063784
654.0 25.4579877728
656.0 26.2428871376
658.0 27.0852158384
660.0 27.979922
662.0 28.9269579632
664.0 29.9247986336
666.0 30.974826128
668.0 32.0802177264
670.0 33.242292
672.0 34.4584276928
674.0 35.726448368
676.0 37.0439551792
678.0 38.4079297104
680.0 39.81529
682.0 41.2631129504
684.0 42.7479670992
686.0 44.266579848
688.0 45.8156150528
690.0 47.391117
692.0 48.9880497008
694.0 50.60096412
696.0 52.2247607232
698.0 53.8541969984
700.0 55.483252
702.0 57.1069373984
704.0 58.7220600272
706.0 60.314067944
708.0 61.8635003088
710.0 63.356949
712.0 64.785612952
714.0 66.132144216
716.0 67.418783752
718.0 68.685485856
720.0 69.949805
722.0 71.20403628
724.0 72.463351208
726.0 73.638547648
728.0 74.591652216
730.0 75.241962
732.0 75.6117454001
734.0 75.6989920647
736.0 75.5849580413
738.0 75.4016015452
740.0 75.241962
742.0 75.1241137964
744.0 75.0987114428
746.0 75.1426315619
748.0 75.1942277007
750.0 75.241962
