380.0 6.493566
382.0 6.79356979436
384.0 7.09577343705
386.0 7.40275554164
388.0 7.71201609044
390.0 8.022632
392.0 8.33879477154
394.0 8.66182381238
396.0 8.99290056901
398.0 9.33303257364
400.0 9.680775
402.0 10.0351846976
404.0 10.3985543248
406.0 10.750485744
408.0 11.0603976352
410.0 11.309131
412.0 11.4983856832
414.0 11.624793768
416.0 11.7010802608
418.0 11.7498038496
420.0 11.785723
422.0 11.8051997264
424.0 11.8073602768
426.0 11.7941904512
428.0 11.7669611616
430.0 11.726149
432.0 11.6728024688
434.0 11.6086372992
436.0 11.5275531136
438.0 11.419859208
440.0 11.279344
442.0 11.107691448
444.0 10.9059977136
446.0 10.6737226592
448.0 10.4106279888
450.0 10.117651
452.0 9.7961738096
454.0 9.4469748512
456.0 9.0777590288
458.0 8.6995673904
460.0 8.320502
462.0 7.9422627024
464.0 7.5676772768
466.0 7.1988903872
468.0 6.8370140816
470.0 6.483637
472.0 6.1411103296
474.0 5.8107367552
476.0 5.4964878768
478.0 5.2034473424
480.0 4.934713
482.0 4.6904437136
484.0 4.4715767808
486.0 4.274394784
488.0 4.0926225952
490.0 3.921955
492.0 3.762852704
494.0 3.615109184
496.0 3.477374096
498.0 3.348297096
500.0 3.226925
502.0 3.1125746928
504.0 3.004356536
506.0 2.9033666912
508.0 2.8116703904
510.0 2.730475
512.0 2.6590497456
514.0 2.5969180352
516.0 2.5437621408
518.0 2.4991054704
520.0 2.462392
522.0 2.4332086832
524.0 2.4111901328
526.0 2.3949701184
528.0 2.382721704
530.0 2.373031
532.0 2.365643824
534.0 2.3604171984
536.0 2.3559848928
538.0 2.3505994032
540.0 2.343244
542.0 2.3340775472
544.0 2.3231000448
546.0 2.3114870864
548.0 2.30114504
550.0 2.293599
552.0 2.2892461264
554.0 2.2886901024
556.0 2.2932177264
558.0 2.3043382064
560.0 2.323386
562.0 2.351504928
564.0 2.3901247664
566.0 2.4396267888
568.0 2.4999315632
570.0 2.571611
572.0 2.6560631024
574.0 2.7541775088
576.0 2.8692903632
578.0 3.0059292896
580.0 3.167351
582.0 3.3537302448
584.0 3.5651146832
586.0 3.8034265696
588.0 4.070969432
590.0 4.36876
592.0 4.6955273616
594.0 5.0497146496
596.0 5.4294790416
598.0 5.8323581456
600.0 6.25527
602.0 6.6958634176
604.0 7.1525179856
606.0 7.6162420016
608.0 8.0747235056
610.0 8.519082
612.0 8.9486820288
614.0 9.3630311136
616.0 9.7572044704
618.0 10.1254829952
620.0 10.465166
622.0 10.777254328
624.0 11.0618750704
626.0 11.3279087248
628.0 11.5889381632
630.0 11.855226
632.0 12.1286150576
634.0 12.4121555248
636.0 12.711820688
638.0 13.0340445392
640.0 13.384292
642.0 13.7659786464
644.0 14.18218644
646.0 14.6369981856
648.0 15.1345443472
650.0 15.677891
652.0 16.2689127392
654.0 16.9096271376
656.0 17.59895392
658.0 18.3341129664
660.0 19.113325
662.0 19.9370666128
664.0 20.80482944
666.0 21.7173124832
668.0 22.6758660864
670.0 23.680665
672.0 24.7299140608
674.0 25.8220405152
676.0 26.9538829696
678.0 28.121231528
680.0 29.320337
682.0 30.548673448
684.0 31.8031271376
686.0 33.0808544032
688.0 34.3791545568
690.0 35.694755
692.0 37.0235252688
694.0 38.3613348992
696.0 39.7031955616
698.0 41.043547016
700.0 42.376972
702.0 43.7001661424
704.0 45.0110800976
706.0 46.2996736608
708.0 47.552681688
710.0 48.761319
712.0 49.9181984208
714.0 51.0080848928
716.0 52.0541249008
718.0 53.0962727408
720.0 54.152766
722.0 55.2166623216
724.0 56.3020688288
726.0 57.326233264
728.0 58.1607935152
730.0 58.730035
732.0 59.0540521901
734.0 59.1308397506
736.0 59.0310499751
738.0 58.870265545
740.0 58.730035
742.0 58.6263440871
744.0 58.6043731959
746.0 58.6433969594
748.0 58.6885415475
750.0 58.730035
