380.0 5.321944
382.0 5.37924882919
384.0 5.43658930777
386.0 5.49417454332
388.0 5.55198515292
390.0 5.609885
392.0 5.66781791208
394.0 5.72567359649
396.0 5.78250958685
398.0 5.83696261721
400.0 5.887897
402.0 5.935238472
404.0 5.9791961408
406.0 6.0175935696
408.0 6.0473329104
410.0 6.066619
412.0 6.075594816
414.0 6.0736725616
416.0 6.0637276752
418.0 6.0504466448
420.0 6.036832
422.0 6.0225660128
424.0 6.0082047072
426.0 5.9924136256
428.0 5.972650944
430.0 5.947471
432.0 5.9174615904
434.0 5.8824797376
436.0 5.8443206048
438.0 5.805843744
440.0 5.768749
442.0 5.7325756672
444.0 5.6973714048
446.0 5.6616905504
448.0 5.623150144
450.0 5.580098
452.0 5.5328677328
454.0 5.4817770704
456.0 5.42560276
458.0 5.3626767296
460.0 5.292157
462.0 5.2143295264
464.0 5.129083104
466.0 5.0386736016
468.0 4.9465960272
470.0 4.855281
472.0 4.764649088
474.0 4.6748750416
476.0 4.5867690672
478.0 4.5011254848
480.0 4.418405
482.0 4.3390842048
484.0 4.2640368512
486.0 4.1912930256
488.0 4.117596016
490.0 4.041103
492.0 3.9625765248
494.0 3.8821436816
496.0 3.8018697024
498.0 3.7250112992
500.0 3.653872
502.0 3.588181736
504.0 3.5276704384
506.0 3.4740697248
508.0 3.4296831232
510.0 3.395718
512.0 3.3719201728
514.0 3.3585755968
516.0 3.3526976288
518.0 3.3495997808
520.0 3.346073
522.0 3.3425144464
524.0 3.3391147568
526.0 3.3345235872
528.0 3.3271522976
530.0 3.316286
532.0 3.3024966048
534.0 3.2863083632
536.0 3.2697229616
538.0 3.255679384
540.0 3.246783
542.0 3.2437486976
544.0 3.2469259776
546.0 3.2610648736
548.0 3.2926788096
550.0 3.346073
552.0 3.4206437616
554.0 3.5156444336
556.0 3.6320917456
558.0 3.7710183136
560.0 3.931884
562.0 4.1131160512
564.0 4.3140154656
566.0 4.525797064
568.0 4.7357517264
570.0 4.934713
572.0 5.1219818832
574.0 5.296366896
576.0 5.4535151648
578.0 5.5887402016
580.0 5.699246
582.0 5.7841746944
584.0 5.8419376448
586.0 5.8779362272
588.0 5.9011462576
590.0 5.917684
592.0 5.9270093168
594.0 5.9296464592
596.0 5.9268027936
598.0 5.91927264
600.0 5.907755
602.0 5.893616104
604.0 5.8785081376
606.0 5.8609377792
608.0 5.8380454768
610.0 5.808465
612.0 5.773832648
614.0 5.7353557872
616.0 5.6950519904
618.0 5.6557013776
620.0 5.619814
622.0 5.58883552
624.0 5.5643863504
626.0 5.5493101568
628.0 5.5469430832
630.0 5.56024
632.0 5.5913455712
634.0 5.6426427568
636.0 5.7161809024
638.0 5.813786944
640.0 5.937542
642.0 6.0898449168
644.0 6.2728403584
646.0 6.489753264
648.0 6.7443169376
650.0 7.039661
652.0 7.3777077056
654.0 7.7605064
656.0 8.1898522464
658.0 8.6672544528
660.0 9.194254
662.0 9.772042368
664.0 10.4010802624
666.0 11.0845290768
668.0 11.8265987072
670.0 12.629688
672.0 13.4930979536
674.0 14.4164631808
676.0 15.397178312
678.0 16.4311128832
680.0 17.514756
682.0 18.6466778864
684.0 19.824956288
686.0 21.0461279696
688.0 22.3061418992
690.0 23.601233
692.0 24.9278427184
694.0 26.2815705216
696.0 27.6607959968
698.0 29.065042552
700.0 30.491959
702.0 31.9370494896
704.0 33.3972956048
706.0 34.86191048
708.0 36.3163580592
710.0 37.750058
712.0 39.1523346416
714.0 40.50317112
716.0 41.8252532144
718.0 43.1594884048
720.0 44.521636
722.0 45.9019417504
724.0 47.3171816944
726.0 48.6567229424
728.0 49.7508193104
730.0 50.498894
732.0 50.9255044972
734.0 51.0264033562
736.0 50.8945664553
738.0 50.6828354045
740.0 50.498894
742.0 50.3630739453
744.0 50.3343831069
746.0 50.3855864183
748.0 50.4446607188
750.0 50.498894
