380.0 1.817007
382.0 1.81208130386
384.0 1.80734487632
386.0 1.80308276043
388.0 1.79961952523
390.0 1.797149
392.0 1.7957106347
394.0 1.79539381884
396.0 1.79586676229
398.0 1.79657800174
400.0 1.797149
402.0 1.7976732512
404.0 1.7982451616
406.0 1.798578776
408.0 1.7982769344
410.0 1.797149
412.0 1.7951949728
414.0 1.792224216
416.0 1.7890945952
418.0 1.7871564544
420.0 1.78722
422.0 1.789126368
424.0 1.7929867632
426.0 1.7980386384
428.0 1.8030110816
430.0 1.807078
432.0 1.810414144
434.0 1.8130512864
436.0 1.8149735408
438.0 1.8162603392
440.0 1.817007
442.0 1.8171182048
444.0 1.8164033168
446.0 1.8155295648
448.0 1.8155295648
450.0 1.817007
452.0 1.8199142112
454.0 1.8245053808
456.0 1.8298114384
458.0 1.834243744
460.0 1.836865
462.0 1.8379452752
464.0 1.8374369104
466.0 1.8362136576
468.0 1.8357052928
470.0 1.836865
472.0 1.8396292336
474.0 1.8441568576
476.0 1.8503525536
478.0 1.8578985936
480.0 1.866652
482.0 1.8768510688
484.0 1.8886387776
486.0 1.9022534224
488.0 1.9180127312
490.0 1.936155
492.0 1.9565849104
494.0 1.9790641664
496.0 2.0041646784
498.0 2.0327601984
500.0 2.065232
502.0 2.1013417872
504.0 2.1411848784
506.0 2.1830932016
508.0 2.2245249328
510.0 2.263812
512.0 2.3009226304
514.0 2.3353643456
516.0 2.3678996928
518.0 2.40003788
520.0 2.432605
522.0 2.465092688
524.0 2.4973738528
526.0 2.5284635376
528.0 2.5568525344
530.0 2.58154
532.0 2.602907208
534.0 2.6214784096
536.0 2.6363957392
538.0 2.6463882848
540.0 2.651043
542.0 2.6512971824
544.0 2.6479133792
546.0 2.6430998
548.0 2.6399542928
550.0 2.641114
552.0 2.6474526736
554.0 2.659701088
556.0 2.6814019104
558.0 2.7171621968
560.0 2.770191
562.0 2.8404247744
564.0 2.9274822464
566.0 3.0330473744
568.0 3.1591853904
570.0 3.306357
572.0 3.4731483136
574.0 3.6586538064
576.0 3.8569478512
578.0 4.059451792
580.0 4.259541
582.0 4.4563417232
584.0 4.6492026192
586.0 4.8314990592
588.0 4.9946523872
590.0 5.133293
592.0 5.2470555104
594.0 5.3343830512
596.0 5.400343384
598.0 5.4537534608
600.0 5.500666
602.0 5.5402707952
604.0 5.572710824
606.0 5.6002260688
608.0 5.6252789216
610.0 5.649601
612.0 5.6741137152
614.0 5.7000720928
616.0 5.7261099024
618.0 5.749526456
620.0 5.768749
622.0 5.7848895824
624.0 5.7987901824
626.0 5.8105461184
628.0 5.8202368224
630.0 5.828323
632.0 5.8357737216
634.0 5.8435898304
636.0 5.8534711712
638.0 5.867562408
640.0 5.887897
642.0 5.915936496
644.0 5.9532377632
646.0 6.0022155344
648.0 6.0656499296
650.0 6.146051
652.0 6.2455634096
654.0 6.3667289824
656.0 6.5107709712
658.0 6.678324832
660.0 6.870868
662.0 7.091132936
664.0 7.3413913952
666.0 7.6261233424
668.0 7.9509684496
670.0 8.320502
672.0 8.7369163168
674.0 9.2026896784
676.0 9.720491
678.0 10.2927826736
680.0 10.9219
682.0 11.6107025312
684.0 12.362478752
686.0 13.1773239808
688.0 14.0539673056
690.0 14.99279
692.0 15.9952853856
694.0 17.0604367328
696.0 18.198824384
698.0 19.4261758752
700.0 20.75161
702.0 22.172171888
704.0 23.686940128
706.0 25.287494928
708.0 26.960332848
710.0 28.69481
712.0 30.472657024
714.0 32.258447248
716.0 34.091102352
718.0 36.039728176
720.0 38.12736
722.0 40.333822096
724.0 42.687233392
726.0 44.972333168
728.0 46.861067264
730.0 48.15565
732.0 48.8970690481
734.0 49.0734111286
736.0 48.843855689
738.0 48.4752904489
740.0 48.15565
742.0 47.919333339
744.0 47.871197547
746.0 47.9620715556
748.0 48.0636669839
750.0 48.15565
