380.0 20.65232
382.0 21.2154715968
384.0 21.7865344687
386.0 22.3710475727
388.0 22.9540784527
390.0 23.53173
392.0 24.1252573057
394.0 24.7432595489
396.0 25.4104032161
398.0 26.1593618432
400.0 27.00688
402.0 27.951803072
404.0 29.00380048
406.0 30.109017328
408.0 31.182461376
410.0 32.16996
412.0 33.076437984
414.0 33.891569168
416.0 34.643154752
418.0 35.382825536
420.0 36.14156
422.0 36.907443344
424.0 37.679045792
426.0 38.43873344
428.0 39.157116448
430.0 39.81529
432.0 40.415637056
434.0 40.9551392
436.0 41.440627584
438.0 41.885605648
440.0 42.29754
442.0 42.671982448
444.0 43.007820944
446.0 43.29679456
448.0 43.526194176
450.0 43.6876
452.0 43.78212408
454.0 43.80992528
456.0 43.77020928
458.0 43.66297608
460.0 43.48902
462.0 43.249453088
464.0 42.94570512
466.0 42.582383152
468.0 42.165841744
470.0 41.7018
472.0 41.192799744
474.0 40.641065072
476.0 40.05517464
478.0 39.446248928
480.0 38.82239
482.0 38.18613968
484.0 37.54115184
486.0 36.88742648
488.0 36.22258064
490.0 35.54582
492.0 34.86111616
494.0 34.17244072
496.0 33.47899936
498.0 32.77840912
500.0 32.07067
502.0 31.35895928
504.0 30.6448656
506.0 29.9379208
508.0 29.25162832
510.0 28.59552
512.0 27.969913568
514.0 27.37544448
516.0 26.815925472
518.0 26.295328144
520.0 25.8154
522.0 25.375823312
524.0 24.977074672
526.0 24.610893152
528.0 24.264569632
530.0 23.92889
532.0 23.604648576
534.0 23.293116272
536.0 22.985555568
538.0 22.670051664
540.0 22.34025
542.0 21.998056944
544.0 21.643154768
546.0 21.288252592
548.0 20.953208416
550.0 20.65232
552.0 20.384951888
554.0 20.150786352
556.0 19.960308416
558.0 19.82702152
560.0 19.75871
562.0 19.754261808
564.0 19.814153536
566.0 19.928059024
568.0 20.079297552
570.0 20.25516
572.0 20.455487504
574.0 20.680280064
576.0 20.915398784
578.0 21.141779984
580.0 21.34735
582.0 21.534332928
584.0 21.704952864
586.0 21.86048072
588.0 22.004093776
590.0 22.14167
592.0 22.278610768
594.0 22.41888768
596.0 22.586965792
598.0 22.817000864
600.0 23.13457
602.0 23.545551168
604.0 24.058046432
606.0 24.683335136
608.0 25.43174344
610.0 26.31185
612.0 27.329532784
614.0 28.488922256
616.0 29.795260928
618.0 31.25331472
620.0 32.86499
622.0 34.6244088
624.0 36.520768368
626.0 38.559311216
628.0 40.750363504
630.0 43.09186
632.0 45.566484528
634.0 48.162640016
636.0 50.828695664
638.0 53.492368352
640.0 56.09885
642.0 58.637020128
644.0 61.093693024
646.0 63.43360088
648.0 65.617027696
650.0 67.61649
652.0 69.423568
654.0 71.02888872
656.0 72.44118968
658.0 73.6811232
660.0 74.76537
662.0 75.692818032
664.0 76.46362616
666.0 77.104960128
668.0 77.654947296
670.0 78.14123
672.0 78.569050752
674.0 78.946988208
676.0 79.281238064
678.0 79.57418328
680.0 79.82916
682.0 80.054111424
684.0 80.255868704
686.0 80.435385024
688.0 80.591071744
690.0 80.72277
692.0 80.834292528
694.0 80.928657744
696.0 81.00713656
698.0 81.070523296
700.0 81.11993
702.0 81.157104176
704.0 81.1834756
706.0 81.201109504
708.0 81.212388848
710.0 81.21922
712.0 81.222556144
714.0 81.223350464
716.0 81.222556144
718.0 81.220967504
720.0 81.21922
722.0 81.217949088
724.0 81.217790224
726.0 81.21842568
728.0 81.219061136
730.0 81.21922
732.0 81.2192382428
734.0 81.2193112138
736.0 81.2193841848
738.0 81.219365942
740.0 81.21922
742.0 81.2190649366
744.0 81.2190649366
746.0 81.2191561504
748.0 81.2192017572
750.0 81.21922
