380.0 3.216996
382.0 3.24568858666
384.0 3.27401046532
386.0 3.30118495064
388.0 3.32549114264
390.0 3.346073
392.0 3.36370880429
394.0 3.37864027202
396.0 3.39246843308
398.0 3.40756750614
400.0 3.425505
402.0 3.4465227072
404.0 3.4714325824
406.0 3.4990431456
408.0 3.5271303008
410.0 3.554582
412.0 3.5823355408
414.0 3.6108039696
416.0 3.6419730864
418.0 3.6787818752
420.0 3.723375
422.0 3.7763084848
424.0 3.8386467184
426.0 3.91043736
428.0 3.9911243856
430.0 4.080819
432.0 4.1810939568
434.0 4.293458464
436.0 4.4191675472
438.0 4.5595715504
440.0 4.716275
442.0 4.8911366048
444.0 5.0860786192
446.0 5.3036587536
448.0 5.546815992
450.0 5.818394
452.0 6.1206645328
454.0 6.4558993456
456.0 6.8275140144
458.0 7.2394007072
460.0 7.694975
462.0 8.1962544656
464.0 8.7450024944
466.0 9.3448252992
468.0 9.999932776
470.0 10.713391
472.0 11.4836748768
474.0 12.3067651472
476.0 13.1905414656
478.0 14.14723636
480.0 15.181441
482.0 16.2837029776
484.0 17.4449193856
486.0 18.6515708976
488.0 19.8857058816
490.0 21.128912
492.0 22.370275296
494.0 23.6016142736
496.0 24.7840231392
498.0 25.8653945008
500.0 26.8083
502.0 27.607624216
504.0 28.2571079072
506.0 28.7439148624
508.0 29.0569246016
510.0 29.19126
512.0 29.1465238976
514.0 28.9213659504
516.0 28.5403624192
518.0 28.0414818
520.0 27.453685
522.0 26.7810707104
524.0 26.0297551952
526.0 25.222360688
528.0 24.3862912288
530.0 23.541659
532.0 22.6964866336
534.0 21.861195608
536.0 21.0339272144
538.0 20.2054673408
540.0 19.371479
542.0 18.5400324832
544.0 17.7169263264
546.0 16.9045434896
548.0 16.1048697728
550.0 15.320447
552.0 14.5535628128
554.0 13.8051068496
556.0 13.0828634464
558.0 12.3975559232
560.0 11.755936
562.0 11.1580831088
564.0 10.6056970944
566.0 10.09342424
568.0 9.6118121376
570.0 9.154538
572.0 8.7222849424
574.0 8.314068008
576.0 7.9299984016
578.0 7.5713470352
580.0 7.238241
582.0 6.9293458384
584.0 6.6446297776
586.0 6.3789773968
588.0 6.124922088
590.0 5.877968
592.0 5.6384646336
594.0 5.4052205088
596.0 5.183414592
598.0 4.9817049712
600.0 4.805636
602.0 4.653682584
604.0 4.525161608
606.0 4.420231936
608.0 4.33857584
610.0 4.279399
612.0 4.2422724832
614.0 4.227132744
616.0 4.2292297488
618.0 4.2416529136
620.0 4.259541
622.0 4.2820838016
624.0 4.3074702688
626.0 4.336034016
628.0 4.3695225472
630.0 4.408476
632.0 4.4503048912
634.0 4.492435624
636.0 4.5344074928
638.0 4.5762999296
640.0 4.616985
642.0 4.655191792
644.0 4.6916034208
646.0 4.7161796816
648.0 4.7141462224
650.0 4.676559
652.0 4.6058168608
654.0 4.5029841936
656.0 4.3727474864
658.0 4.2230499392
660.0 4.060961
662.0 3.888752424
664.0 3.7088548304
666.0 3.5325316768
668.0 3.3747161792
670.0 3.246783
672.0 3.1525925344
674.0 3.0971648848
676.0 3.0843922192
678.0 3.1167369296
680.0 3.197138
682.0 3.3277877536
684.0 3.5078442112
686.0 3.7476335328
688.0 4.0619300704
690.0 4.458121
692.0 4.9328701776
694.0 5.4863205808
696.0 6.099503848
698.0 6.7432684352
700.0 7.397105
702.0 8.0603463136
704.0 8.7295768
706.0 9.3992044464
708.0 10.0649399248
710.0 10.72332
712.0 11.3658931072
714.0 11.9797912624
716.0 12.5809008656
718.0 13.1971819808
720.0 13.841026
722.0 14.506348432
724.0 15.2017597056
726.0 15.8684960272
728.0 16.4159254848
730.0 16.789939
732.0 17.0034233316
734.0 17.0541919334
736.0 16.9883543591
738.0 16.8823097507
740.0 16.789939
742.0 16.7215870419
744.0 16.7074322595
746.0 16.7334845113
748.0 16.76302455
750.0 16.789939
