380.0 22.34025
382.0 23.1040194647
384.0 23.8836023583
386.0 24.6916591535
388.0 25.5031364655
390.0 26.31185
392.0 27.1566013388
394.0 28.0532784021
396.0 29.0418533487
398.0 30.1742002153
400.0 31.47493
402.0 32.942197904
404.0 34.594701232
406.0 36.32584224
408.0 37.968813728
410.0 39.41813
412.0 40.684911536
414.0 41.75104784
416.0 42.675000864
418.0 43.563209488
420.0 44.48192
422.0 45.411750992
424.0 46.353496784
426.0 47.283327776
428.0 48.157556368
430.0 48.94997
432.0 49.669782784
434.0 50.316835856
436.0 50.908286528
438.0 51.47273032
440.0 52.02796
442.0 52.569368512
444.0 53.096638128
446.0 53.603255424
448.0 54.0773056
450.0 54.51021
452.0 54.9033984
454.0 55.257823984
456.0 55.565384688
458.0 55.814960032
460.0 55.99956
462.0 56.119820048
464.0 56.175422448
466.0 56.169862208
468.0 56.109493888
470.0 55.99956
472.0 55.839583952
474.0 55.628135968
476.0 55.376177664
478.0 55.09959544
480.0 54.80808
482.0 54.50067816
484.0 54.179137424
486.0 53.834561408
488.0 53.451858032
490.0 53.02086
492.0 52.545697776
494.0 52.031455008
496.0 51.4679644
498.0 50.840133872
500.0 50.14145
502.0 49.376360976
504.0 48.54407248
506.0 47.672862304
508.0 46.805623728
510.0 45.97127
512.0 45.167735888
514.0 44.396292304
516.0 43.66059312
518.0 42.961432656
520.0 42.29754
522.0 41.670503792
524.0 41.08381904
526.0 40.516197968
528.0 39.935073456
530.0 39.31884
532.0 38.6714692
534.0 37.995820608
536.0 37.286016256
538.0 36.535701584
540.0 35.7444
542.0 34.914971056
544.0 34.045984976
546.0 33.169850016
548.0 32.335019696
550.0 31.57422
552.0 30.88554456
554.0 30.270582016
556.0 29.733462832
558.0 29.274981328
560.0 28.89339
562.0 28.589006576
564.0 28.363260832
566.0 28.193911808
568.0 28.047598064
570.0 27.90049
572.0 27.75274648
574.0 27.603732048
576.0 27.439625536
578.0 27.243746224
580.0 27.00688
582.0 26.729980048
584.0 26.411775456
586.0 26.069741264
588.0 25.731678672
590.0 25.41824
592.0 25.130378432
594.0 24.870318064
596.0 24.653945296
598.0 24.501118128
600.0 24.42534
602.0 24.429152736
604.0 24.516527936
606.0 24.683335136
608.0 24.920042496
610.0 25.21966
612.0 25.58345856
614.0 26.011438176
616.0 26.496608832
618.0 27.029438688
620.0 27.60262
622.0 28.2142464
624.0 28.862093792
626.0 29.541713984
628.0 30.248341056
630.0 30.97848
632.0 31.729747856
634.0 32.498967344
636.0 33.288839152
638.0 34.10492352
640.0 34.95008
642.0 35.822084496
644.0 36.720301552
646.0 37.639965248
648.0 38.573926704
650.0 39.51742
652.0 40.470921728
654.0 41.434431888
656.0 42.407473888
658.0 43.390047728
660.0 44.38263
662.0 45.38426752
664.0 46.392577328
666.0 47.415184896
668.0 48.464005024
670.0 49.54571
672.0 50.657916864
674.0 51.800625616
676.0 52.964781008
678.0 54.13608528
680.0 55.30453
682.0 56.469320848
684.0 57.627439408
686.0 58.778409088
688.0 59.923818528
690.0 61.06335
692.0 62.193190768
694.0 63.310799008
696.0 64.410137888
698.0 65.483264208
700.0 66.5243
702.0 67.531815488
704.0 68.504063168
706.0 69.438977808
708.0 70.334970768
710.0 71.19093
712.0 72.002566176
714.0 72.762412688
716.0 73.48174888
718.0 74.179638432
720.0 74.86466
722.0 75.534589488
724.0 76.19832328
726.0 76.812014912
728.0 77.307352864
730.0 77.64478
732.0 77.8362498859
734.0 77.8813634613
736.0 77.8224211167
738.0 77.7275405429
740.0 77.64478
742.0 77.5836850102
744.0 77.5703404342
746.0 77.5929340875
748.0 77.6197995861
750.0 77.64478
