380.0 50.469107
382.0 50.8986991996
384.0 51.3164204579
386.0 51.7055663391
388.0 52.0462978463
390.0 52.32583
392.0 52.5413757631
394.0 52.6879197458
396.0 52.7772335427
398.0 52.8304057796
400.0 52.861996
402.0 52.8696055856
404.0 52.8528930928
406.0 52.81910272
408.0 52.7771308512
410.0 52.732919
412.0 52.688357648
414.0 52.646814712
416.0 52.603127112
418.0 52.547683576
420.0 52.474765
422.0 52.386913208
424.0 52.28492252
426.0 52.171652488
428.0 52.0517896
430.0 51.92867
432.0 51.8025796432
434.0 51.674567032
436.0 51.5452040768
438.0 51.4145702096
440.0 51.283285
442.0 51.1523175184
444.0 51.0217471968
446.0 50.8956250672
448.0 50.7797496656
450.0 50.677616
452.0 50.5893988208
454.0 50.5168138592
456.0 50.4546344896
458.0 50.394123192
460.0 50.330101
462.0 50.2638864848
464.0 50.1948124176
466.0 50.1280418784
468.0 50.0720740912
470.0 50.032231
472.0 50.0069080784
474.0 49.9953904384
476.0 49.9968996464
478.0 50.0097676304
480.0 50.032231
482.0 50.0644962784
484.0 50.1077867184
486.0 50.1548104624
488.0 50.1946853264
490.0 50.220882
492.0 50.2348143728
494.0 50.2363076944
496.0 50.230652136
498.0 50.2266646496
500.0 50.230811
502.0 50.24113716
504.0 50.254322872
506.0 50.280932592
508.0 50.336614424
510.0 50.429391
512.0 50.5564345408
514.0 50.7193178
516.0 50.8976108672
518.0 51.0595409424
520.0 51.183995
522.0 51.2742615248
524.0 51.3316273152
526.0 51.3521366576
528.0 51.332612272
530.0 51.273356
532.0 51.1759564816
534.0 51.0400483296
536.0 50.8861885456
538.0 50.7449584496
540.0 50.6379
542.0 50.5636469664
544.0 50.5208013456
546.0 50.5225170768
548.0 50.585395448
550.0 50.717332
552.0 50.9153242032
554.0 51.1800551728
556.0 51.4852964624
558.0 51.790776048
560.0 52.067676
562.0 52.3181886416
564.0 52.5449193424
566.0 52.7253411872
568.0 52.829667176
570.0 52.842138
572.0 52.7678531936
574.0 52.6072258032
576.0 52.3916314688
578.0 52.1698414384
580.0 51.978315
582.0 51.818100656
584.0 51.6904852048
586.0 51.6286394496
588.0 51.6758538304
590.0 51.859167
592.0 52.1774827968
594.0 52.6332159536
596.0 53.2086531344
598.0 53.8724981312
600.0 54.599571
602.0 55.3881083504
604.0 56.2361243824
606.0 57.1085260384
608.0 57.9574952544
610.0 58.749893
612.0 59.4819224256
614.0 60.1462440144
616.0 60.7426512432
618.0 61.27821356
620.0 61.75838
622.0 62.1790677584
624.0 62.5373378512
626.0 62.846836696
628.0 63.1282960448
630.0 63.396665
632.0 63.6521024256
634.0 63.895418528
636.0 64.1357956464
638.0 64.3843542608
640.0 64.647719
642.0 64.9268271616
644.0 65.2246495024
646.0 65.5301767472
648.0 65.825139536
650.0 66.097353
652.0 66.3506139888
654.0 66.5886875792
656.0 66.8039641856
658.0 66.98579992
660.0 67.129969
662.0 67.238711408
664.0 67.3093900016
666.0 67.3682332272
668.0 67.4553542448
670.0 67.596632
672.0 67.7910656496
674.0 68.0445172752
676.0 68.3443571888
678.0 68.6665174944
680.0 68.996621
682.0 69.3412605616
684.0 69.7026443888
686.0 70.086984064
688.0 70.5045263152
690.0 70.962563
692.0 71.457900952
694.0 71.98525
696.0 72.557239832
698.0 73.19301356
700.0 73.901547
702.0 74.6779789136
704.0 75.523627872
706.0 76.4079602144
708.0 77.2842699248
710.0 78.121372
712.0 78.9163592288
714.0 79.6565701504
716.0 80.357144504
718.0 81.0485841776
720.0 81.745457
722.0 82.43929552
724.0 83.136152456
726.0 83.786541672
728.0 84.314208448
730.0 84.674512
732.0 84.8794921669
734.0 84.9278103864
736.0 84.864526646
738.0 84.7628875111
740.0 84.674512
742.0 84.6093078294
744.0 84.5952483654
746.0 84.6195442959
748.0 84.6480949691
750.0 84.674512
