380.0 25.567175
382.0 25.4421286609
384.0 25.3004504772
386.0 25.1228975338
388.0 24.9034269178
390.0 24.633849
392.0 24.2954727846
394.0 23.8775219717
396.0 23.3720146714
398.0 22.7732542031
400.0 22.082096
402.0 21.2978320912
404.0 20.413070816
406.0 19.4777907888
408.0 18.5681672976
410.0 17.733194
412.0 16.9703767312
414.0 16.2897874688
416.0 15.6677395904
418.0 15.059274584
420.0 14.436766
422.0 13.8104287936
424.0 13.1819945824
426.0 12.5606298192
428.0 11.962697496
430.0 11.398492
432.0 10.86510612
434.0 10.3623492192
436.0 9.8877906784
438.0 9.4365851456
440.0 9.005603
442.0 8.595892744
444.0 8.2077244464
446.0 7.8406850608
448.0 7.4944568592
450.0 7.168738
452.0 6.8628771408
454.0 6.5759687568
456.0 6.3087595088
458.0 6.0626791728
460.0 5.838252
462.0 5.6344136016
464.0 5.4504173168
466.0 5.2842138
468.0 5.1329434992
470.0 4.994287
472.0 4.867672392
474.0 4.752654856
476.0 4.646533704
478.0 4.545813928
480.0 4.448192
482.0 4.3532548736
484.0 4.260097024
486.0 4.1702753184
488.0 4.0867287408
490.0 4.011316
492.0 3.9434175264
494.0 3.8828903424
496.0 3.8295914704
498.0 3.7831237504
500.0 3.743233
502.0 3.7100621968
504.0 3.6836748864
506.0 3.663959864
508.0 3.6507582656
510.0 3.643943
512.0 3.6437682496
514.0 3.650774152
516.0 3.6639757504
518.0 3.6817844048
520.0 3.703517
522.0 3.730365016
524.0 3.7635834784
526.0 3.8041096848
528.0 3.8530556832
530.0 3.912026
532.0 3.9834989136
534.0 4.0704451808
536.0 4.175184216
538.0 4.3000195472
540.0 4.448192
542.0 4.624451608
544.0 4.833913792
546.0 5.08205936
548.0 5.374925144
550.0 5.719104
552.0 6.1207280784
554.0 6.585468824
556.0 7.1246373536
558.0 7.7521342672
560.0 8.479366
562.0 9.3116068368
564.0 10.2540992896
566.0 11.3155808784
568.0 12.5055040112
570.0 13.831097
572.0 15.2920421168
574.0 16.8840023744
576.0 18.619972848
578.0 20.5190172176
580.0 22.588475
582.0 24.8171145104
584.0 27.196484184
586.0 29.6979408416
588.0 32.2805770032
590.0 34.910364
592.0 37.5751805088
594.0 40.2618408176
596.0 42.9348388224
598.0 45.5508046512
600.0 48.076218
602.0 50.4989893184
604.0 52.8072038064
606.0 54.9834023104
608.0 57.0109835424
610.0 58.87897
612.0 60.5827864
614.0 62.1185405744
616.0 63.4955101808
618.0 64.7308525312
620.0 65.839199
622.0 66.8234091392
624.0 67.6870573888
626.0 68.4524482544
628.0 69.1495276
630.0 69.80087
632.0 70.4126870368
634.0 70.9928424784
636.0 71.55075696
638.0 72.0944531136
640.0 72.630635
642.0 73.1647675408
644.0 73.7009812
646.0 74.2418813472
648.0 74.7886594624
650.0 75.341252
652.0 75.900691576
654.0 76.4689163312
656.0 77.0352347184
658.0 77.5831248816
660.0 78.101514
662.0 78.5917047584
664.0 79.0538401344
666.0 79.4859502144
668.0 79.8866846544
670.0 80.256107
672.0 80.5942807968
674.0 80.9003164064
676.0 81.183713896
678.0 81.4588504576
680.0 81.735528
682.0 82.0138100688
684.0 82.295364736
686.0 82.5804144112
688.0 82.8673704544
690.0 83.155375
692.0 83.4457942784
694.0 83.7391684272
696.0 84.035402128
698.0 84.3341776528
700.0 84.634796
702.0 84.9376066704
704.0 85.244198304
706.0 85.5482481136
708.0 85.8400653952
710.0 86.114217
712.0 86.3693843568
714.0 86.5992129056
716.0 86.8206216624
718.0 87.0611735312
720.0 87.335484
722.0 87.639629128
724.0 87.9794551104
726.0 88.3192016608
728.0 88.6024720592
730.0 88.795047
732.0 88.9050955133
734.0 88.9317983474
736.0 88.8982122935
738.0 88.8434007929
740.0 88.795047
742.0 88.7589637408
744.0 88.7519578384
746.0 88.7661773826
748.0 88.7814607075
750.0 88.795047
