380.0 32.259321
382.0 32.2798643195
384.0 32.2822289608
386.0 32.2464320368
388.0 32.1686839952
390.0 32.040883
392.0 31.8402519061
394.0 31.553945001
396.0 31.1674059335
398.0 30.6660876261
400.0 30.045154
402.0 29.3035291888
404.0 28.4322554672
406.0 27.4851241856
408.0 26.545300648
410.0 25.666465
412.0 24.8453128704
414.0 24.0921863056
416.0 23.3841771168
418.0 22.676803384
420.0 21.94309
422.0 21.1946340368
424.0 20.4347080928
426.0 19.6725580528
428.0 18.9240703168
430.0 18.199857
432.0 17.4982023712
434.0 16.8193606128
436.0 16.1649839104
438.0 15.536025448
440.0 14.933216
442.0 14.3579059104
444.0 13.8114931824
446.0 13.2920873344
448.0 12.7962727904
450.0 12.321889
452.0 11.8693331232
454.0 11.4382238864
456.0 11.0295939056
458.0 10.6453495488
460.0 10.286444
462.0 9.9517810976
464.0 9.6404076576
466.0 9.3515134736
468.0 9.0840659296
470.0 8.83681
472.0 8.6088878192
474.0 8.3998386816
476.0 8.205881624
478.0 8.0217741344
480.0 7.84391
482.0 7.6719556064
484.0 7.50513252
486.0 7.3435519456
488.0 7.1881670672
490.0 7.039661
492.0 6.8975412656
494.0 6.7614742496
496.0 6.6327149776
498.0 6.5131698176
500.0 6.404205
502.0 6.305868184
504.0 6.2183182336
506.0 6.1422064912
508.0 6.0782478448
510.0 6.026903
512.0 5.9885214576
514.0 5.9637227872
516.0 5.9513949408
518.0 5.9496315504
520.0 5.9574
522.0 5.9756058144
524.0 6.0050909728
526.0 6.0462526352
528.0 6.0995673936
530.0 6.165909
532.0 6.247009072
534.0 6.3450758192
536.0 6.4611736304
538.0 6.5960968256
540.0 6.75172
542.0 6.931871776
544.0 7.1407143904
546.0 7.3823624208
548.0 7.6613434912
550.0 7.982916
552.0 8.3524018912
554.0 8.7748053808
556.0 9.2599601504
558.0 9.820019296
560.0 10.465166
562.0 11.2001661824
564.0 12.0295156944
566.0 12.9626828304
568.0 14.0106292064
570.0 15.181441
572.0 16.4745304144
574.0 17.8858781904
576.0 19.4270972864
578.0 21.1150272864
580.0 22.955848
582.0 24.9394080176
584.0 27.0582883904
586.0 29.2846402592
588.0 31.57858876
590.0 33.907535
592.0 36.2604061584
594.0 38.6244931152
596.0 40.96943696
598.0 43.2590961328
600.0 45.464891
602.0 47.5754468992
604.0 49.580580648
606.0 51.4614827488
608.0 53.1982952016
610.0 54.778293
612.0 56.1985053872
614.0 57.4558980608
616.0 58.5610990224
618.0 59.533171952
620.0 60.388178
622.0 61.1297233792
624.0 61.7626852144
626.0 62.3087484416
628.0 62.7963497168
630.0 63.24773
632.0 63.6699587392
634.0 64.0704707696
636.0 64.464310512
638.0 64.8679203904
640.0 65.293104
642.0 65.7443413056
644.0 66.22603284
646.0 66.7368759184
648.0 67.2714691648
650.0 67.824999
652.0 68.3988316544
654.0 68.9948893824
656.0 69.5989697424
658.0 70.1900232544
660.0 70.754054
662.0 71.2916338896
664.0 71.8012219424
666.0 72.2841208432
668.0 72.744778784
670.0 73.186659
672.0 73.60844292
674.0 74.0089867232
676.0 74.3952327664
678.0 74.7774277776
680.0 75.16253
682.0 75.5507777296
684.0 75.9436007424
686.0 76.3404747872
688.0 76.739175768
690.0 77.138401
692.0 77.5393896224
694.0 77.9427770912
696.0 78.348309224
698.0 78.7555094288
700.0 79.163917
702.0 79.5733730736
704.0 79.983734672
706.0 80.3940168384
708.0 80.8028692288
710.0 81.209291
712.0 81.6102001904
714.0 81.9995758544
716.0 82.3856153744
718.0 82.7822987824
720.0 83.195091
722.0 83.6210371568
724.0 84.0659199024
726.0 84.49221556
728.0 84.8422564976
730.0 85.081601
732.0 85.2182775521
734.0 85.2507409924
736.0 85.2085383528
738.0 85.1406499127
740.0 85.081601
742.0 85.0379351393
744.0 85.0288798913
746.0 85.0455104437
748.0 85.0643901759
750.0 85.081601
