380.0 18.636733
382.0 18.245867739
384.0 17.8504407248
386.0 17.445848626
388.0 17.0359159604
390.0 16.621146
392.0 16.1928982915
394.0 15.7474875701
396.0 15.2788218956
398.0 14.779733765
400.0 14.248115
402.0 13.684386096
404.0 13.0841343584
406.0 12.4753833968
408.0 11.9011853552
410.0 11.388563
412.0 10.9348633024
414.0 10.5450269328
416.0 10.2016582832
418.0 9.8737788736
420.0 9.541769
422.0 9.2106805376
424.0 8.8803069632
426.0 8.5550964688
428.0 8.2441837344
430.0 7.953129
432.0 7.679326896
434.0 7.4219195568
436.0 7.1796042976
438.0 6.9500775904
440.0 6.731862
442.0 6.525179936
444.0 6.3297613296
446.0 6.1461780912
448.0 5.9755422688
450.0 5.818394
452.0 5.6742725792
454.0 5.5430509152
456.0 5.4235057552
458.0 5.3138101632
460.0 5.212725
462.0 5.120107288
464.0 5.0354804352
466.0 4.9592733744
468.0 4.8924392896
470.0 4.835423
472.0 4.7877161408
474.0 4.7490963024
476.0 4.718578528
478.0 4.6947330416
480.0 4.676559
482.0 4.6639928576
484.0 4.656859864
486.0 4.6549693824
488.0 4.6582419808
490.0 4.66663
492.0 4.6801175536
494.0 4.6988158464
496.0 4.7226772192
498.0 4.75162224
500.0 4.785778
502.0 4.8255257728
504.0 4.8712150592
506.0 4.9237354976
508.0 4.984278568
510.0 5.053861
512.0 5.1331182496
514.0 5.2228764096
516.0 5.3236756176
518.0 5.4359130336
520.0 5.56024
522.0 5.6977685648
524.0 5.8495948896
526.0 6.0169898864
528.0 6.2013833312
530.0 6.404205
532.0 6.6265192816
534.0 6.8692158144
536.0 7.1346298992
538.0 7.42570052
540.0 7.74462
542.0 8.0917854992
544.0 8.4674194272
546.0 8.8729992192
548.0 9.3102723792
550.0 9.780065
552.0 10.2815827616
554.0 10.8138407072
556.0 11.3755679248
558.0 11.9650169104
560.0 12.580043
562.0 13.2183903248
564.0 13.8775964928
566.0 14.5535628128
568.0 15.2412850688
570.0 15.936045
572.0 16.6343952576
574.0 17.3327296288
576.0 18.025662624
578.0 18.7070779792
580.0 19.371479
582.0 20.0153865648
584.0 20.635718712
586.0 21.2262638592
588.0 21.7797142624
590.0 22.290605
592.0 22.7577287056
594.0 23.1806087872
596.0 23.5555913728
598.0 23.8783871344
600.0 24.147328
602.0 24.3637484272
604.0 24.5280773488
606.0 24.6492746944
608.0 24.740764472
610.0 24.812571
612.0 24.8663782368
614.0 24.9049663024
616.0 24.933545936
618.0 24.9575185136
620.0 24.981364
622.0 25.008212016
624.0 25.041176296
626.0 25.081924912
628.0 25.131172752
630.0 25.189873
632.0 25.2590106128
634.0 25.338172544
636.0 25.4310762112
638.0 25.5430435584
640.0 25.676394
642.0 25.83009492
644.0 26.0052901392
646.0 26.1908115184
648.0 26.3695017456
650.0 26.530288
652.0 26.6756644464
654.0 26.8072038384
656.0 26.9241277424
658.0 27.0264361584
660.0 27.116099
662.0 27.1940694512
664.0 27.2588541904
666.0 27.3287225776
668.0 27.4308403568
670.0 27.582762
672.0 27.7856631008
674.0 28.0465495616
676.0 28.3522356704
678.0 28.6786535312
680.0 29.012538
682.0 29.36164164
684.0 29.7287127984
686.0 30.1282716448
688.0 30.5825591392
690.0 31.107557
692.0 31.7033605456
694.0 32.3709547328
696.0 33.119648992
698.0 33.9605638032
700.0 34.900435
702.0 35.9408829952
704.0 37.085847616
706.0 38.3236682448
708.0 39.6348046096
710.0 41.00677
712.0 42.4234238336
714.0 43.8470517968
716.0 45.336370024
718.0 46.9905096512
720.0 48.85068
722.0 50.89367104
724.0 53.149857568
726.0 55.388171896
728.0 57.253950144
730.0 58.531455
732.0 59.2642041783
734.0 59.4399431077
736.0 59.213756117
738.0 58.8490153947
740.0 58.531455
742.0 58.2959136562
744.0 58.2494459362
746.0 58.3415319478
748.0 58.4417872937
750.0 58.531455
