380.0 21.893445
382.0 21.4449742844
384.0 20.9885718464
386.0 20.5152959994
388.0 20.0264396986
390.0 19.520414
392.0 18.9858336756
394.0 18.4172570632
396.0 17.8094528246
398.0 17.157643258
400.0 16.462282
402.0 15.7236914912
404.0 14.9363297344
406.0 14.1381652256
408.0 13.3869450288
410.0 12.719049
412.0 12.1313792912
414.0 11.6307352816
416.0 11.19435176
418.0 10.7814006784
420.0 10.365876
422.0 9.9545453312
424.0 9.547488104
426.0 9.1487712368
428.0 8.7676882736
430.0 8.409863
432.0 8.07187984
434.0 7.7519595168
436.0 7.4501496896
438.0 7.1664503584
440.0 6.900655
442.0 6.6525253184
444.0 6.4219818816
446.0 6.2074837088
448.0 6.006806704
450.0 5.818394
452.0 5.6419596416
454.0 5.4768681728
456.0 5.323373776
458.0 5.1822707712
460.0 5.053861
462.0 4.9374454608
464.0 4.832563448
466.0 4.7383253232
468.0 4.6535396064
470.0 4.577269
472.0 4.5091481168
474.0 4.4487162512
476.0 4.3955126976
478.0 4.349140296
480.0 4.309186
482.0 4.2752844224
484.0 4.2472131536
486.0 4.2242255328
488.0 4.205368376
490.0 4.190038
492.0 4.1782502912
494.0 4.1699734768
496.0 4.1655093984
498.0 4.16541408
500.0 4.17018
502.0 4.1799024768
504.0 4.1946609424
506.0 4.215376808
508.0 4.2433209856
510.0 4.279399
512.0 4.3240715568
514.0 4.378212408
516.0 4.4410113472
518.0 4.5108797344
520.0 4.587198
522.0 4.6713006016
524.0 4.7643790192
526.0 4.8678630288
528.0 4.9835795664
530.0 5.113435
532.0 5.2592562656
534.0 5.4231721408
536.0 5.607422608
538.0 5.8143906272
540.0 6.046761
542.0 6.3075521424
544.0 6.599925448
546.0 6.9275665616
548.0 7.2945265152
550.0 7.704904
552.0 8.1621781376
554.0 8.6695897536
556.0 9.2330009296
558.0 9.8594016816
560.0 10.554527
562.0 11.321363528
564.0 12.1630091136
566.0 13.0830540832
568.0 14.0849140128
570.0 15.171512
572.0 16.3438965472
574.0 17.6016228352
576.0 18.9499016032
578.0 20.3959611632
580.0 21.94309
582.0 23.5884285616
584.0 25.3301181392
586.0 27.1591034848
588.0 29.0620400224
590.0 31.028125
592.0 33.0525448384
594.0 35.1282777488
596.0 37.2500017872
598.0 39.4135070576
600.0 41.612439
602.0 43.8369639328
604.0 46.0776771072
606.0 48.3218852896
608.0 50.554814128
610.0 52.762706
612.0 54.9376971376
614.0 57.0741002096
616.0 59.1502938256
618.0 61.1383973536
620.0 63.019363
622.0 64.7900929168
624.0 66.4453287056
626.0 67.9892802624
628.0 69.4328297712
630.0 70.783841
632.0 72.0404870128
634.0 73.2028790144
636.0 74.278213544
638.0 75.2762607376
640.0 76.205075
642.0 77.067547656
644.0 77.866554144
646.0 78.610196528
648.0 79.308324376
650.0 79.968166
652.0 80.592580952
654.0 81.185302536
656.0 81.745695296
658.0 82.27050252
660.0 82.758215
662.0 83.2120735616
664.0 83.634826552
666.0 84.0264421984
668.0 84.3861261808
670.0 84.714228
672.0 85.0123204096
674.0 85.2809117744
676.0 85.5258324032
678.0 85.755422656
680.0 85.975211
682.0 86.1857375728
684.0 86.3889405152
686.0 86.5820555936
688.0 86.759602
690.0 86.918466
692.0 87.0601885744
694.0 87.1848650416
696.0 87.2957203408
698.0 87.39783812
700.0 87.494348
702.0 87.584979912
704.0 87.6706393808
706.0 87.7483556496
708.0 87.8130450704
710.0 87.861721
712.0 87.8958291008
714.0 87.9161954656
716.0 87.9241704384
718.0 87.9218986832
720.0 87.911366
722.0 87.8929536624
724.0 87.8665822384
726.0 87.8369541024
728.0 87.8107415424
730.0 87.792218
732.0 87.7812753869
734.0 87.7786665968
736.0 87.7821740706
738.0 87.7876517622
740.0 87.792218
742.0 87.79556737
744.0 87.7961392804
746.0 87.7947409732
748.0 87.7933745907
750.0 87.792218
