380.0 17.147383
382.0 16.8647408365
384.0 16.580920191
386.0 16.2954531367
388.0 16.0135966279
390.0 15.737465
392.0 15.4619413879
394.0 15.1853187258
396.0 14.9019082383
398.0 14.6039616947
400.0 14.287831
402.0 13.9539465312
404.0 13.5994256288
406.0 13.2403771024
408.0 12.901980896
410.0 12.599901
412.0 12.3319927504
414.0 12.1006073344
416.0 11.8954344784
418.0 11.6983636864
420.0 11.497782
422.0 11.296342448
424.0 11.0938067344
426.0 10.8919064768
428.0 10.6947721392
430.0 10.504882
432.0 10.3208062832
434.0 10.1420683968
436.0 9.9680964304
438.0 9.7979372
440.0 9.63113
442.0 9.4679290128
444.0 9.3082548064
446.0 9.153505384
448.0 9.0058254096
450.0 8.866597
452.0 8.735613632
454.0 8.612891192
456.0 8.498191384
458.0 8.390958184
460.0 8.290715
462.0 8.197461832
464.0 8.11119868
466.0 8.03097236
468.0 7.955432528
470.0 7.883626
472.0 7.815632208
474.0 7.751610016
476.0 7.690844536
478.0 7.632382584
480.0 7.575827
482.0 7.521257216
484.0 7.468276072
486.0 7.41934596
488.0 7.378279616
490.0 7.34746
492.0 7.3263469744
494.0 7.314813448
496.0 7.3120968736
498.0 7.3167674752
500.0 7.327602
502.0 7.3447751984
504.0 7.3688113216
506.0 7.3965807488
508.0 7.423476424
510.0 7.44675
512.0 7.4671957968
514.0 7.4851474288
516.0 7.5023841728
518.0 7.5218450128
520.0 7.54604
522.0 7.5747626112
524.0 7.6069961168
526.0 7.6489203264
528.0 7.709590488
530.0 7.794265
532.0 7.9015299728
534.0 8.0313059744
536.0 8.178080424
538.0 8.3329569376
540.0 8.489295
542.0 8.6475870896
544.0 8.808691072
546.0 8.9648702704
548.0 9.1054013648
550.0 9.224041
552.0 9.3224254752
554.0 9.4011108144
556.0 9.4660544176
558.0 9.5268675568
560.0 9.591414
562.0 9.6604721808
564.0 9.7342168496
566.0 9.8248011024
568.0 9.9489850912
570.0 10.117651
572.0 10.3298297584
574.0 10.5852830704
576.0 10.8825970464
578.0 11.2180383824
580.0 11.587143
582.0 11.9880204176
584.0 12.4194473824
586.0 12.8667607472
588.0 13.30922876
590.0 13.731807
592.0 14.1321760528
594.0 14.5066343872
596.0 14.8501936736
598.0 15.158882312
600.0 15.429666
602.0 15.6605430512
604.0 15.8506397136
606.0 15.999352304
608.0 16.1067602544
610.0 16.174341
612.0 16.2037626128
614.0 16.196025936
616.0 16.1612823792
618.0 16.1140679984
620.0 16.065122
622.0 16.0171927312
624.0 15.9748554752
626.0 15.9402231232
628.0 15.9134545392
630.0 15.896329
632.0 15.8932152656
634.0 15.9067822512
636.0 15.9450525888
638.0 16.0185907344
640.0 16.134625
642.0 16.2931394992
644.0 16.4939277088
646.0 16.7388801104
648.0 17.029664776
650.0 17.365821
652.0 17.7462367344
654.0 18.1714362304
656.0 18.6278525024
658.0 19.0953098224
660.0 19.56013
662.0 20.0225989904
664.0 20.4812393584
666.0 20.9351932384
668.0 21.3856521104
670.0 21.833871
672.0 22.2787219728
674.0 22.7190770944
676.0 23.161338584
678.0 23.6152765776
680.0 24.087754
682.0 24.5801688544
684.0 25.095984376
686.0 25.6334848336
688.0 26.1881426032
690.0 26.758655
692.0 27.3505663776
694.0 27.9690239296
696.0 28.6187776896
698.0 29.3053878976
700.0 30.035225
702.0 30.8143576016
704.0 31.6485524656
706.0 32.5499468016
708.0 33.5337121216
710.0 34.612494
712.0 35.769182784
714.0 36.9635858816
716.0 38.2757866352
718.0 39.8333528368
720.0 41.691871
722.0 43.8269872736
724.0 46.2777663152
726.0 48.7643691888
728.0 50.8553212704
730.0 52.286114
732.0 53.1082599797
734.0 53.3069708715
736.0 53.0537931153
738.0 52.6440104203
740.0 52.286114
742.0 52.0198856042
744.0 51.9690332378
746.0 52.0747858101
748.0 52.1869898571
750.0 52.286114
