380.0 41.90038
382.0 41.8415793408
384.0 41.7781401569
386.0 41.7038457731
388.0 41.6134521571
390.0 41.50322
392.0 41.370561643
394.0 41.2134025805
396.0 41.0342153902
398.0 40.838109184
400.0 40.629468
402.0 40.4081863344
404.0 40.1737030704
406.0 39.9354865024
408.0 39.7071195024
410.0 39.497562
412.0 39.3064168352
414.0 39.1344147824
416.0 38.9803643616
418.0 38.8409294288
420.0 38.713171
422.0 38.5980899184
424.0 38.4975766656
426.0 38.4023059248
428.0 38.298297664
430.0 38.177005
432.0 38.0396035264
434.0 37.8848858768
436.0 37.7198420672
438.0 37.5563868976
440.0 37.402543
442.0 37.2571188944
444.0 37.1202893312
446.0 36.993785928
448.0 36.8790384608
450.0 36.777016
452.0 36.6887193888
454.0 36.61537188
456.0 36.5548923552
458.0 36.5036269424
460.0 36.459288
462.0 36.4227016208
464.0 36.3942808512
466.0 36.3741210096
468.0 36.362539824
470.0 36.359998
472.0 36.3667020608
474.0 36.3826996656
476.0 36.4099766144
478.0 36.4513924592
480.0 36.508933
482.0 36.5822646224
484.0 36.6708313024
486.0 36.7762375664
488.0 36.9007075104
490.0 37.045099
492.0 37.2088560112
494.0 37.3923915904
496.0 37.5902249296
498.0 37.7940156688
500.0 37.998283
502.0 38.203773584
504.0 38.4105986256
506.0 38.6186151472
508.0 38.8283791728
510.0 39.040828
512.0 39.2555485824
514.0 39.4711588032
516.0 39.69455336
518.0 39.9362172768
520.0 40.202521
522.0 40.4909227056
524.0 40.799214184
526.0 41.1265693424
528.0 41.4714789728
530.0 41.830877
532.0 42.2027140784
534.0 42.5870060944
536.0 42.9672470784
538.0 43.3195279984
540.0 43.628026
542.0 43.8943138368
544.0 44.1187727824
546.0 44.300497312
548.0 44.4404406096
550.0 44.541494
552.0 44.603530392
554.0 44.62330896
556.0 44.62450044
558.0 44.642690368
560.0 44.700358
562.0 44.7952633536
564.0 44.930472504
566.0 45.0939594464
568.0 45.2638009488
570.0 45.425175
572.0 45.581338312
574.0 45.7332281824
576.0 45.8747918928
578.0 45.9987216992
580.0 46.100347
582.0 46.1786510656
584.0 46.2316004368
586.0 46.264056352
588.0 46.2845974672
590.0 46.298927
592.0 46.3055675152
594.0 46.303772352
596.0 46.2956226288
598.0 46.2836601696
600.0 46.26914
602.0 46.252935872
604.0 46.2376372688
606.0 46.2158252416
608.0 46.1755849904
610.0 46.110276
612.0 46.0233932784
614.0 45.9168431936
616.0 45.7969485328
618.0 45.6734
620.0 45.554252
622.0 45.4422211072
624.0 45.3406911248
626.0 45.2579070944
628.0 45.203877448
630.0 45.186879
632.0 45.2103432128
634.0 45.2770502064
636.0 45.395229136
638.0 45.5748090016
640.0 45.822335
642.0 46.137124016
644.0 46.517365
646.0 46.964884888
648.0 47.481748912
650.0 48.066289
652.0 48.7151213488
654.0 49.427912344
656.0 50.1809753632
658.0 50.9396780544
660.0 51.680445
662.0 52.4032126544
664.0 53.1050261472
666.0 53.784519248
668.0 54.4440749168
670.0 55.086092
672.0 55.7083305152
674.0 56.308391616
676.0 56.8982059888
678.0 57.4960429936
680.0 58.114437
682.0 58.7538169408
684.0 59.4169947088
686.0 60.1039226448
688.0 60.8119000608
690.0 61.539942
692.0 62.2911621968
694.0 63.0675305648
696.0 63.8713029728
698.0 64.7051801088
700.0 65.571116
702.0 66.4689835552
704.0 67.3980043408
706.0 68.3604659984
708.0 69.35962524
710.0 70.39661
712.0 71.4603951168
714.0 72.5315197504
716.0 73.63108104
718.0 74.7956177056
720.0 76.036282
722.0 77.342779536
724.0 78.732362944
726.0 80.079211936
728.0 81.191577664
730.0 81.953966
732.0 82.3904932593
734.0 82.4942662646
736.0 82.3591078138
738.0 82.1421306025
740.0 81.953966
742.0 81.814874107
744.0 81.7864692238
746.0 81.8398831012
748.0 81.8997290703
750.0 81.953966
