380.0 50.210953
382.0 50.3819553498
384.0 50.542641193
386.0 50.6793811387
388.0 50.7802121195
390.0 50.83648
392.0 50.8423965058
394.0 50.7930680936
396.0 50.6930677663
398.0 50.552477687
400.0 50.379746
402.0 50.174175984
404.0 49.9344978672
406.0 49.6782184624
408.0 49.4305177136
410.0 49.208124
412.0 49.0120381648
414.0 48.8468831504
416.0 48.70651092
418.0 48.5779740576
420.0 48.45352
422.0 48.3378034624
424.0 48.23349336
426.0 48.1411774896
428.0 48.0618090352
430.0 47.996786
432.0 47.948173616
434.0 47.9186090256
436.0 47.9102527792
438.0 47.9253289728
440.0 47.966999
442.0 48.0373916384
444.0 48.1365545472
446.0 48.277419256
448.0 48.4784934208
450.0 48.75139
452.0 49.0932017824
454.0 49.501466376
456.0 49.9750240736
458.0 50.5110947552
460.0 51.104563
462.0 51.7511235936
464.0 52.4481393936
466.0 53.1731946896
468.0 53.8946755456
470.0 54.589642
472.0 55.2546308176
474.0 55.8842088496
476.0 56.4704964416
478.0 57.0069801696
480.0 57.48891
482.0 57.9130133344
484.0 58.2770184176
486.0 58.5827998448
488.0 58.83488524
490.0 59.037834
492.0 59.1929011504
494.0 59.3011828528
496.0 59.3741967472
498.0 59.4280675296
500.0 59.47471
502.0 59.5164435728
504.0 59.5565726192
506.0 59.5999583776
508.0 59.650969608
510.0 59.713006
512.0 59.7895307888
514.0 59.8846426656
516.0 59.9951643504
518.0 60.1145029872
520.0 60.239243
522.0 60.3723869184
524.0 60.5154439504
526.0 60.6727193104
528.0 60.8504881264
530.0 61.053421
532.0 61.2813590672
534.0 61.5336033264
536.0 61.8153962896
538.0 62.1339662688
540.0 62.493126
542.0 62.891556912
544.0 63.3292907776
546.0 63.7985591472
548.0 64.2872883568
550.0 64.786725
552.0 65.2943907984
554.0 65.8049320352
556.0 66.319842032
558.0 66.8441250048
560.0 67.378194
562.0 67.917298984
564.0 68.46124932
566.0 68.9886778
568.0 69.468288216
570.0 69.880302
572.0 70.2267367248
574.0 70.505670136
576.0 70.7267770512
578.0 70.9078502384
580.0 71.061853
582.0 71.187911584
584.0 71.2868520832
586.0 71.3686352704
588.0 71.4460496976
590.0 71.528516
592.0 71.6174639536
594.0 71.7137673104
596.0 71.8231769472
598.0 71.952365152
600.0 72.104398
602.0 72.2790371952
604.0 72.4781732192
606.0 72.6877148352
608.0 72.8857388112
610.0 73.057582
612.0 73.2057385664
614.0 73.3317494912
616.0 73.431150696
618.0 73.4990173968
620.0 73.534174
622.0 73.5385745328
624.0 73.512250768
626.0 73.4721852672
628.0 73.4437168384
630.0 73.444813
632.0 73.477697848
634.0 73.5477250992
636.0 73.6569917584
638.0 73.8043857776
640.0 73.990908
642.0 74.219195568
644.0 74.4871355904
646.0 74.8098836928
648.0 75.2099191312
650.0 75.698696
652.0 76.2703522176
654.0 76.9237280768
656.0 77.63405668
658.0 78.3634489632
660.0 79.084485
662.0 79.7956238096
664.0 80.492893792
666.0 81.1623625744
668.0 81.7886203488
670.0 82.361055
672.0 82.8755837232
674.0 83.3271228704
676.0 83.7217887056
678.0 84.0720520528
680.0 84.386571
682.0 84.663629816
684.0 84.9033397056
686.0 85.1104030432
688.0 85.2906977968
690.0 85.448974
692.0 85.587265112
694.0 85.7076522512
696.0 85.8135033344
698.0 85.9083928016
700.0 85.995069
702.0 86.0759625488
704.0 86.1544254784
706.0 86.227963624
708.0 86.2914139056
710.0 86.342584
712.0 86.3826018416
714.0 86.409148016
716.0 86.4346615744
718.0 86.4783650608
720.0 86.551093
722.0 86.650939024
724.0 86.7814616864
726.0 86.9231842608
728.0 87.0448105392
730.0 87.126975
732.0 87.1741021196
734.0 87.1859061709
736.0 87.1717359582
738.0 87.1481524833
740.0 87.126975
742.0 87.1109724545
744.0 87.1082082209
746.0 87.1148572493
748.0 87.1214067028
750.0 87.126975
