380.0 8.310573
382.0 7.86584425367
384.0 7.42596944863
386.0 6.99831500975
388.0 6.59562654255
390.0 6.225483
392.0 5.88604543628
394.0 5.57871200661
396.0 5.29566044527
398.0 5.02396765993
400.0 4.755991
402.0 4.4930869664
404.0 4.2331536896
406.0 3.9856912368
408.0 3.766347712
410.0 3.584369
412.0 3.4370702992
414.0 3.3248964288
416.0 3.2394117104
418.0 3.166794976
420.0 3.097848
422.0 3.033428648
424.0 2.9724407584
426.0 2.9152656048
428.0 2.8640478512
430.0 2.819836
432.0 2.78091432
434.0 2.7462343088
436.0 2.7151287376
438.0 2.6868827184
440.0 2.660972
442.0 2.6371106272
444.0 2.6149649856
446.0 2.594725712
448.0 2.5768693984
450.0 2.561682
452.0 2.5489411072
454.0 2.538487856
456.0 2.5304175648
458.0 2.5248890976
460.0 2.521966
462.0 2.5216164992
464.0 2.5239041408
466.0 2.5284158784
468.0 2.534516256
470.0 2.541824
472.0 2.5505138608
474.0 2.5607447024
476.0 2.572564184
478.0 2.5860517376
480.0 2.601398
482.0 2.6189365856
484.0 2.639048768
486.0 2.6622587984
488.0 2.6892021328
490.0 2.720546
492.0 2.7571323792
494.0 2.8000733184
496.0 2.8496071136
498.0 2.9056543328
500.0 2.968771
502.0 3.040577528
504.0 3.1226148976
506.0 3.2172025232
508.0 3.3271999568
510.0 3.455292
512.0 3.6034962256
514.0 3.7740208432
516.0 3.9696459728
518.0 4.1933900304
520.0 4.448192
522.0 4.73653016
524.0 5.0608033568
526.0 5.4244748256
528.0 5.8314367344
530.0 6.285057
532.0 6.7868607168
534.0 7.3376739776
536.0 7.9421038384
538.0 8.6061076992
540.0 9.33326
542.0 10.12281408
544.0 10.9741821424
546.0 11.8851242048
548.0 12.8519069632
550.0 13.870813
552.0 14.9389509904
554.0 16.0524446528
556.0 17.2070046592
558.0 18.3979445216
560.0 19.619704
562.0 20.8668022864
564.0 22.1344099152
566.0 23.410913928
568.0 24.6815399728
570.0 25.934548
572.0 27.1649655664
574.0 28.367153
576.0 29.5347080816
578.0 30.6617528432
580.0 31.743013
582.0 32.7743422016
584.0 33.7526267136
586.0 34.6729258656
588.0 35.5299177136
590.0 36.320282
592.0 37.0427795856
594.0 37.6953928976
596.0 38.2834279936
598.0 38.8159401216
600.0 39.298982
602.0 39.7332049712
604.0 40.1219610656
606.0 40.461389888
608.0 40.7440248304
610.0 40.967054
612.0 41.1358628864
614.0 41.254121248
616.0 41.3322664496
618.0 41.3849139792
620.0 41.423788
622.0 41.4532096128
624.0 41.4785801936
626.0 41.5080018064
628.0 41.5500531072
630.0 41.612439
632.0 41.7003384512
634.0 41.8180249024
636.0 41.9739181456
638.0 42.1777883168
640.0 42.436546
642.0 42.7506042416
644.0 43.1189304256
646.0 43.5457185616
648.0 44.0362111616
650.0 44.591139
652.0 45.2076742976
654.0 45.8861030096
656.0 46.6040888576
658.0 47.3284292656
660.0 48.036502
662.0 48.7286406752
664.0 49.4023987856
666.0 50.055504576
668.0 50.6886729344
670.0 51.303143
672.0 51.8969607456
674.0 52.467933848
676.0 53.0270715824
678.0 53.5913723968
680.0 54.172624
682.0 54.7716048256
684.0 55.3915239264
686.0 56.0324925072
688.0 56.692048176
690.0 57.369762
692.0 58.0693513968
694.0 58.7931516672
696.0 59.5460240496
698.0 60.334323104
700.0 61.16264
702.0 62.0322297632
704.0 62.9449193296
706.0 63.900819904
708.0 64.8988194384
710.0 65.938489
712.0 67.0082315168
714.0 68.082994136
716.0 69.2022386752
718.0 70.4313376704
720.0 71.796599
722.0 73.2835342672
724.0 74.9148292512
726.0 76.5268222592
728.0 77.8682698752
730.0 78.786615
732.0 79.3130978971
734.0 79.4392345449
736.0 79.2767153047
738.0 79.0147091948
740.0 78.786615
742.0 78.6174873214
744.0 78.5839352446
746.0 78.6498700376
748.0 78.7219815237
750.0 78.786615
