380.0 9.809852
382.0 9.40214297433
384.0 8.99654615576
386.0 8.59658786901
388.0 8.21077075861
390.0 7.84391
392.0 7.49336434615
394.0 7.15943267422
396.0 6.83677806594
398.0 6.51698300967
400.0 6.195696
402.0 5.8739805136
404.0 5.5497390896
406.0 5.2353472336
408.0 4.9502657856
410.0 4.706346
412.0 4.5013478944
414.0 4.3365741536
416.0 4.2028583248
418.0 4.084631736
420.0 3.9716
422.0 3.8653040976
424.0 3.7651085728
426.0 3.670870448
428.0 3.5839400672
430.0 3.504937
432.0 3.4321931744
434.0 3.364421792
436.0 3.3020517856
438.0 3.2461157712
440.0 3.197138
442.0 3.1545942208
444.0 3.1182461376
446.0 3.0873788624
448.0 3.0609597792
450.0 3.038274
452.0 3.0192262064
454.0 3.0035781024
456.0 2.9914250064
458.0 2.9830846464
460.0 2.9787
462.0 2.9781280896
464.0 2.9814165744
466.0 2.9880412032
468.0 2.997207656
470.0 3.008487
472.0 3.022069872
474.0 3.0380039312
476.0 3.0569564064
478.0 3.0799599136
480.0 3.107777
482.0 3.1406777344
484.0 3.1792022544
486.0 3.2232075824
488.0 3.2722171264
490.0 3.326215
492.0 3.3860590688
494.0 3.4525277664
496.0 3.526701368
498.0 3.6099302176
500.0 3.703517
502.0 3.8083513536
504.0 3.925291144
506.0 4.0562109664
508.0 4.2034143488
510.0 4.36876
512.0 4.5529310352
514.0 4.7564834784
516.0 4.9810854016
518.0 5.2287226048
520.0 5.500666
522.0 5.7968838144
524.0 6.1172807296
526.0 6.4615072448
528.0 6.828848472
530.0 7.218383
532.0 7.6286969392
534.0 8.0576932848
536.0 8.5048795584
538.0 8.97025576
540.0 9.452408
542.0 9.948222544
544.0 10.4551734544
546.0 10.9661753968
548.0 11.4717759632
550.0 11.964445
552.0 12.4418630928
554.0 12.9017743728
556.0 13.3376971888
558.0 13.7419266368
560.0 14.109109
562.0 14.437798616
564.0 14.7261685488
566.0 14.9755373696
568.0 15.1893206544
570.0 15.370092
572.0 15.5174224736
574.0 15.6314073936
576.0 15.7150492896
578.0 15.7724786256
580.0 15.806968
582.0 15.819518256
584.0 15.8112414416
586.0 15.7846952672
588.0 15.7428187168
590.0 15.68782
592.0 15.6214625072
594.0 15.5463992672
596.0 15.4604538432
598.0 15.3592574752
600.0 15.241015
602.0 15.1082523552
604.0 14.9620974752
606.0 14.8089525792
608.0 14.6581112112
610.0 14.516198
612.0 14.3839754928
614.0 14.2630164432
616.0 14.1548459456
618.0 14.06025832
620.0 13.980032
622.0 13.9155649888
624.0 13.8680169936
626.0 13.8370702864
628.0 13.8216922512
630.0 13.821168
632.0 13.8350368272
634.0 13.8618530704
636.0 13.9032848016
638.0 13.9622710048
640.0 14.039606
642.0 14.1338600112
644.0 14.2454778576
646.0 14.364959472
648.0 14.4780865264
650.0 14.575772
652.0 14.6596998512
654.0 14.730505536
656.0 14.7893964208
658.0 14.8393114896
660.0 14.883571
662.0 14.9225562256
664.0 14.9553298688
666.0 14.994696368
668.0 15.0594016752
670.0 15.161583
672.0 15.3027813232
674.0 15.489001704
676.0 15.7094572768
678.0 15.9446872016
680.0 16.18427
682.0 16.4345443456
684.0 16.6973530608
686.0 16.987486384
688.0 17.3275030032
690.0 17.733194
692.0 18.204940648
694.0 18.74515768
696.0 19.357816696
698.0 20.045777248
700.0 20.811184
702.0 21.6579132336
704.0 22.591096256
706.0 23.6038701424
708.0 24.6840817968
710.0 25.825329
712.0 27.0122654896
714.0 28.2073517024
716.0 29.4787720672
718.0 30.938684568
720.0 32.636623
722.0 34.5492820144
724.0 36.7084344112
726.0 38.878468992
728.0 40.6963020848
730.0 41.940096
732.0 42.6541019627
734.0 42.8261979657
736.0 42.6062176167
738.0 42.250529406
740.0 41.940096
742.0 41.709392635
744.0 41.6647359646
746.0 41.755787156
748.0 41.8534122005
750.0 41.940096
