380.0 8.965887
382.0 8.58638446756
384.0 8.20891896686
386.0 7.83691375106
388.0 7.47869131746
390.0 7.138951
392.0 6.81504531872
394.0 6.50720686876
396.0 6.2102095566
398.0 5.91583350044
400.0 5.619814
402.0 5.3231037072
404.0 5.0235338624
406.0 4.7332575616
408.0 4.4714179168
410.0 4.249612
412.0 4.065647488
414.0 3.9209859296
416.0 3.8058730752
418.0 3.7038665008
420.0 3.604227
422.0 3.5085273264
424.0 3.4157825232
426.0 3.32740648
428.0 3.2472119328
430.0 3.17728
432.0 3.1156884272
434.0 3.061468144
436.0 3.0133641248
438.0 2.9696288656
440.0 2.929055
442.0 2.8914360048
444.0 2.8563270608
446.0 2.8239982368
448.0 2.7951644208
450.0 2.770191
452.0 2.748664928
454.0 2.7303479088
456.0 2.7148904416
458.0 2.7018159344
460.0 2.690759
462.0 2.6816560928
464.0 2.6744595536
466.0 2.6688516544
468.0 2.6644352352
470.0 2.660972
472.0 2.658430176
474.0 2.6566985584
476.0 2.6561584208
478.0 2.6574452192
480.0 2.660972
482.0 2.6667546496
484.0 2.6749838048
486.0 2.685357624
488.0 2.6973200832
490.0 2.710617
492.0 2.725629648
494.0 2.742707528
496.0 2.762168368
498.0 2.784409328
500.0 2.809907
502.0 2.8392015216
504.0 2.872896576
506.0 2.9117547104
508.0 2.9566496768
510.0 3.008487
512.0 3.0682675232
514.0 3.1371827264
516.0 3.2159474976
518.0 3.3051178608
520.0 3.405647
522.0 3.5188217136
524.0 3.6455951856
526.0 3.7889699456
528.0 3.9529175936
530.0 4.140393
532.0 4.3517297792
534.0 4.5870232496
536.0 4.848608712
538.0 5.1394251504
540.0 5.46095
542.0 5.8120235536
544.0 6.19132724
546.0 6.5970023504
548.0 7.0264276288
550.0 7.476537
552.0 7.9446615488
554.0 8.4281482464
556.0 8.920451896
558.0 9.4131527056
560.0 9.899213
562.0 10.3759956368
564.0 10.841355952
566.0 11.2872554272
568.0 11.7036061984
570.0 12.083593
572.0 12.4261196704
574.0 12.7294228192
576.0 12.995551792
578.0 13.2291930768
580.0 13.433937
582.0 13.609163992
584.0 13.754524552
586.0 13.87518176
588.0 13.97844336
590.0 14.069393
592.0 14.1485231584
594.0 14.216977656
596.0 14.2750265616
598.0 14.3219549872
600.0 14.357334
602.0 14.3828157856
604.0 14.4006085536
606.0 14.4072808416
608.0 14.3971135456
610.0 14.367263
612.0 14.3199374144
614.0 14.2562011776
616.0 14.1815033248
618.0 14.10394592
620.0 14.029677
622.0 13.960491728
624.0 13.8993608608
626.0 13.8482384256
628.0 13.8082364704
630.0 13.781452
632.0 13.7709034304
634.0 13.7783382656
636.0 13.8111913408
638.0 13.879471088
640.0 13.989961
642.0 14.1423592352
644.0 14.3362368608
646.0 14.5733254944
648.0 14.855213776
650.0 15.181441
652.0 15.5508156864
654.0 15.9637032224
656.0 16.4072515104
658.0 16.8623968704
660.0 17.316176
662.0 17.7687159904
664.0 18.2184599744
666.0 18.6645500864
668.0 19.1080983744
670.0 19.550201
672.0 19.9897300288
674.0 20.4257163904
676.0 20.863450256
678.0 21.3110336896
680.0 21.774297
682.0 22.2546540768
684.0 22.755202768
686.0 23.2752917312
688.0 23.8122202784
690.0 24.365766
692.0 24.9409648848
694.0 25.5426781712
696.0 26.1752110736
698.0 26.843408944
700.0 27.552975
702.0 28.3092152992
704.0 29.1166574656
706.0 29.987724664
708.0 30.9384621584
710.0 31.981309
712.0 33.0999975152
714.0 34.25822728
716.0 35.5242462688
718.0 37.0071146176
720.0 38.752887
722.0 40.7398625936
724.0 43.0031662288
726.0 45.289505144
728.0 47.2090270832
730.0 48.523023
732.0 49.2779216205
734.0 49.4600461985
736.0 49.2273768726
738.0 48.8512100281
740.0 48.523023
742.0 48.2790772185
744.0 48.2321805657
746.0 48.3287814314
748.0 48.4317946259
750.0 48.523023
