380.0 30.809687
382.0 30.039395218
384.0 29.2646116134
386.0 28.4816267498
388.0 27.7012232362
390.0 26.927448
392.0 26.1473936832
394.0 25.3566719147
396.0 24.5443051164
398.0 23.696035054
400.0 22.806913
402.0 21.878511784
404.0 20.9038175984
406.0 19.9292822768
408.0 19.0263151872
410.0 18.239573
412.0 17.5642103632
414.0 17.0079321808
416.0 16.5413327264
418.0 16.11238404
420.0 15.68782
422.0 15.2759015344
424.0 14.8767557344
426.0 14.4947672464
428.0 14.1406593904
430.0 13.821168
432.0 13.5328139536
434.0 13.2742945664
436.0 13.0466742272
438.0 12.851223848
440.0 12.689262
442.0 12.5616306624
444.0 12.4688858592
446.0 12.413871256
448.0 12.4003995888
450.0 12.431108
452.0 12.5064413088
454.0 12.627225608
456.0 12.7930478512
458.0 13.0026371264
460.0 13.255215
462.0 13.550384312
464.0 13.8865087632
466.0 14.2662413824
468.0 14.6940303616
470.0 15.171512
472.0 15.6951595168
474.0 16.2618115184
476.0 16.86619372
478.0 17.5012366736
480.0 18.160141
482.0 18.8406190576
484.0 19.542416664
486.0 20.2492979184
488.0 20.9384658368
490.0 21.595575
492.0 22.2214673872
494.0 22.8141571984
496.0 23.3824613856
498.0 23.9421869168
500.0 24.504772
502.0 25.0687074272
504.0 25.6331671056
506.0 26.2085884
508.0 26.8091102064
510.0 27.443756
512.0 28.1121127344
514.0 28.814911184
516.0 29.5482115216
518.0 30.3045471392
520.0 31.07777
522.0 31.867006352
524.0 32.6708423056
526.0 33.4810328192
528.0 34.2866162768
530.0 35.079157
532.0 35.8551440944
534.0 36.6097004352
536.0 37.341062632
538.0 38.0493895488
540.0 38.733029
542.0 39.3871356336
544.0 40.008150896
546.0 40.5886558384
548.0 41.1191980528
550.0 41.592581
552.0 42.0068029936
554.0 42.3599100064
556.0 42.6478033472
558.0 42.866193688
560.0 43.012428
562.0 43.08828556
564.0 43.0977856272
566.0 43.0369883744
568.0 42.8994598096
570.0 42.684771
572.0 42.399133528
574.0 42.0452004224
576.0 41.6488506288
578.0 41.2474966192
580.0 40.867764
582.0 40.5122422544
584.0 40.1862692128
586.0 39.8970731872
588.0 39.6497378256
590.0 39.447917
592.0 39.2934376464
594.0 39.1854418992
596.0 39.125343648
598.0 39.1144932368
600.0 39.150047
602.0 39.2286211344
604.0 39.351248256
606.0 39.4865844976
608.0 39.5884798672
610.0 39.626639
612.0 39.6041756304
614.0 39.5208196896
616.0 39.3779691808
618.0 39.182296392
620.0 38.941538
622.0 38.6577433504
624.0 38.3323263328
626.0 37.9914200752
628.0 37.6723576176
630.0 37.402543
632.0 37.188712056
634.0 37.0422871072
636.0 36.9677481184
638.0 36.9642213376
640.0 37.03517
642.0 37.190221264
644.0 37.4335373664
646.0 37.7877405408
648.0 38.2838886992
650.0 38.941538
652.0 39.7561449328
654.0 40.7229912368
656.0 41.8409966368
658.0 43.1068249888
660.0 44.511707
662.0 46.0459996256
664.0 47.7029988048
666.0 49.440144872
668.0 51.1977843952
670.0 52.931499
672.0 54.634203352
674.0 56.297350568
676.0 57.894728088
678.0 59.397025504
680.0 60.785338
682.0 62.0546772464
684.0 63.197767272
686.0 64.2325914816
688.0 65.1913198352
690.0 66.097353
692.0 66.9490705632
694.0 67.7473780496
696.0 68.510576592
698.0 69.2623369264
700.0 70.019308
702.0 70.7844605696
704.0 71.561956872
706.0 72.3524800224
708.0 73.1530910368
710.0 73.961121
712.0 74.77410752
714.0 75.5851241264
716.0 76.3971733488
718.0 77.2167686112
720.0 78.04194
722.0 78.8691607344
724.0 79.7077402448
726.0 80.4950861152
728.0 81.1366742656
730.0 81.576664
732.0 81.8278333048
734.0 81.8868407912
736.0 81.8088280776
738.0 81.684241608
740.0 81.576664
742.0 81.4974886148
744.0 81.4805219396
746.0 81.5101290204
748.0 81.5447270152
750.0 81.576664
