380.0 6.880797
382.0 6.63178778953
384.0 6.38550237455
386.0 6.14587480538
388.0 5.91914410458
390.0 5.709175
392.0 5.51559777178
394.0 5.33942337265
396.0 5.17735898516
398.0 5.02371438967
400.0 4.875139
402.0 4.7324155824
404.0 4.5947758128
406.0 4.4661912912
408.0 4.3531754416
410.0 4.259541
412.0 4.1841282592
414.0 4.1270960832
416.0 4.0846793952
418.0 4.0507619312
420.0 4.021245
422.0 3.9965575344
424.0 3.9764135792
426.0 3.96047952
428.0 3.9489142208
430.0 3.941813
432.0 3.9386992656
434.0 3.939191744
436.0 3.9440529824
438.0 3.9545538928
440.0 3.9716
442.0 3.99503244
444.0 4.0246764624
446.0 4.0613899328
448.0 4.1063643312
450.0 4.160251
452.0 4.2231293712
454.0 4.2955554688
456.0 4.3756070384
458.0 4.460186232
460.0 4.547482
462.0 4.638113912
464.0 4.7321772864
466.0 4.8312448768
468.0 4.9378585072
470.0 5.053861
472.0 5.1791093776
474.0 5.3134765488
476.0 5.45856704
478.0 5.6165255152
480.0 5.788607
482.0 5.9747638352
484.0 6.175361408
486.0 6.3885092368
488.0 6.6111094736
490.0 6.841081
492.0 7.078741544
494.0 7.3241387648
496.0 7.5767642976
498.0 7.8361415504
500.0 8.102064
502.0 8.3742456912
504.0 8.6520352816
506.0 8.937370912
508.0 9.2333504304
510.0 9.541769
512.0 9.8619752784
514.0 10.193826288
516.0 10.5356857296
518.0 10.8849323472
520.0 11.239628
522.0 11.599534392
524.0 11.9641113856
526.0 12.3324216832
528.0 12.7035121008
530.0 13.076493
532.0 13.4502364464
534.0 13.8232808912
536.0 14.195928176
538.0 14.5692109168
540.0 14.943145
542.0 15.3161735584
544.0 15.687263976
546.0 16.0529530176
548.0 16.4084747632
550.0 16.750223
552.0 17.0771174528
554.0 17.3876489136
556.0 17.6805464704
558.0 17.9549363712
560.0 18.209786
562.0 18.4441739456
564.0 18.6579572304
566.0 18.8481492112
568.0 19.010619424
570.0 19.143112
572.0 19.2465006912
574.0 19.3211667712
576.0 19.3703351792
578.0 19.3990101312
580.0 19.411195
582.0 19.4074299232
584.0 19.3881279472
586.0 19.3583409472
588.0 19.3248206432
590.0 19.292047
592.0 19.260512496
594.0 19.2314880432
596.0 19.2030196144
598.0 19.1711356096
600.0 19.133183
602.0 19.090528016
604.0 19.0445527744
606.0 18.9924612688
608.0 18.9300436032
610.0 18.855171
612.0 18.7693208944
614.0 18.6733829248
616.0 18.5710903952
618.0 18.4680035456
620.0 18.36865
622.0 18.2747137168
624.0 18.1884664512
626.0 18.1133396656
628.0 18.053066664
630.0 18.011206
632.0 17.9899817696
634.0 17.9908555216
636.0 18.0197687696
638.0 18.0844264176
640.0 18.189928
642.0 18.3357969248
644.0 18.5212229856
646.0 18.7471593664
648.0 19.0144003872
650.0 19.321834
652.0 19.6679827696
654.0 20.0531008784
656.0 20.4636372272
658.0 20.879654384
660.0 21.287776
662.0 21.6883992352
664.0 22.0801578592
666.0 22.4632583952
668.0 22.8404015312
670.0 23.214002
672.0 23.5833766864
674.0 23.9480807712
676.0 24.314770656
678.0 24.6932164768
680.0 25.090583
682.0 25.5090943216
684.0 25.952896792
686.0 26.4214820464
688.0 26.9118316688
690.0 27.423898
692.0 27.9634636896
694.0 28.5355647264
696.0 29.1470640352
698.0 29.80646084
700.0 30.521746
702.0 31.2985433008
704.0 32.1426830512
706.0 33.0636335456
708.0 34.0723564
710.0 35.178447
712.0 36.3646527152
714.0 37.5903043616
716.0 38.933912528
718.0 40.5212975024
720.0 42.406759
722.0 44.5654348048
724.0 47.035897096
726.0 49.5382116192
728.0 51.6411420464
730.0 53.080434
732.0 53.9074374176
734.0 54.107165723
736.0 53.8523841245
738.0 53.4402222702
740.0 53.080434
742.0 52.8128875651
744.0 52.7616539251
746.0 52.8678005409
748.0 52.9806464288
750.0 53.080434
