380.0 56.635016
382.0 57.3389166921
384.0 58.0259392624
386.0 58.672387283
388.0 59.247872123
390.0 59.732864
392.0 60.1246534087
394.0 60.4162898589
396.0 60.6239970898
398.0 60.7769756727
400.0 60.894557
402.0 60.9733217712
404.0 61.0145152064
406.0 61.0190904896
408.0 60.9856178448
410.0 60.914415
412.0 60.8102161024
414.0 60.6772151616
416.0 60.5179222288
418.0 60.3345614
420.0 60.130024
422.0 59.9084404928
424.0 59.6740366608
426.0 59.4311336048
428.0 59.1843383808
430.0 58.938544
432.0 58.7012488432
434.0 58.4825566608
436.0 58.2812600864
438.0 58.09179888
440.0 57.915857
442.0 57.7622672848
444.0 57.6330949664
446.0 57.56595904
448.0 57.6151909936
450.0 57.816567
452.0 58.1653052528
454.0 58.658387336
456.0 59.2996100992
458.0 60.0900061584
460.0 61.023634
462.0 62.0936148128
464.0 63.2971843632
466.0 64.5843163776
468.0 65.882568872
470.0 67.139898
472.0 68.3507435216
474.0 69.5046521856
476.0 70.5838947696
478.0 71.5732203296
480.0 72.461842
482.0 73.241784808
484.0 73.9055027136
486.0 74.4629406032
488.0 74.9334004528
490.0 75.331323
492.0 75.6557074016
494.0 75.9071732272
496.0 76.1002565328
498.0 76.2544181584
500.0 76.383797
502.0 76.4912526096
504.0 76.5806612688
506.0 76.655772168
508.0 76.7187299712
510.0 76.771028
512.0 76.8164789904
514.0 76.860071272
516.0 76.8935756896
518.0 76.9029327792
520.0 76.880247
522.0 76.827901312
524.0 76.7441640976
526.0 76.6416809312
528.0 76.5406275408
530.0 76.4533
532.0 76.3773153488
534.0 76.3141033632
536.0 76.2542275216
538.0 76.18164256
540.0 76.085927
542.0 75.969876848
544.0 75.8348265616
546.0 75.6791239552
548.0 75.5013392528
550.0 75.301536
552.0 75.0792217184
554.0 74.8318228112
556.0 74.57155592
558.0 74.3172464288
560.0 74.080269
562.0 73.859289176
564.0 73.657134736
566.0 73.461732016
568.0 73.252825856
570.0 73.017866
572.0 72.759632568
574.0 72.477172376
576.0 72.177237144
578.0 71.871741672
580.0 71.568232
582.0 71.2650559424
584.0 70.962801296
586.0 70.6589580096
588.0 70.3486807312
590.0 70.029237
592.0 69.7020883648
594.0 69.3675525536
596.0 69.0283302544
598.0 68.6886313632
600.0 68.351236
602.0 68.016191824
604.0 67.6843408144
606.0 67.3545550368
608.0 67.0245309632
610.0 66.693093
612.0 66.361623264
614.0 66.0312973488
616.0 65.7027983696
618.0 65.3769206464
620.0 65.054808
622.0 64.7370482272
624.0 64.4233871456
626.0 64.119019608
628.0 63.8314916544
630.0 63.565458
632.0 63.3202037568
634.0 63.095935448
636.0 62.8897776352
638.0 62.6967261024
640.0 62.512984
642.0 62.3383606912
644.0 62.1722683792
646.0 62.0113391472
648.0 61.8512836672
650.0 61.688877
652.0 61.5239920544
654.0 61.3572166272
656.0 61.184801528
658.0 61.0015836768
660.0 60.805196
662.0 60.5977513888
664.0 60.380790824
666.0 60.1603352512
668.0 59.9452016224
670.0 59.742793
672.0 59.556048368
674.0 59.3884945072
676.0 59.2473915024
678.0 59.1413180096
680.0 59.07755
682.0 59.0605674384
684.0 59.0951997904
686.0 59.1861494304
688.0 59.3377056864
690.0 59.554142
692.0 59.8378413312
694.0 60.1888195664
696.0 60.6174028656
698.0 61.1379684208
700.0 61.75838
702.0 62.475809824
704.0 63.2894159136
706.0 64.1873787872
708.0 65.1512702208
710.0 66.166856
712.0 67.2226025984
714.0 68.2967138752
716.0 69.404980912
718.0 70.5790176448
720.0 71.826386
722.0 73.1339320384
724.0 74.515635792
726.0 75.8490448896
728.0 76.9490827712
730.0 77.704354
732.0 78.1370891984
734.0 78.2395786738
736.0 78.1052019251
738.0 77.8901739523
740.0 77.704354
742.0 77.5672469189
744.0 77.5390326725
746.0 77.5914696503
748.0 77.65060476
750.0 77.704354
