380.0 56.744235
382.0 57.6695261302
384.0 58.5846395507
386.0 59.4698956607
388.0 60.2807057439
390.0 60.993847
392.0 61.6260806452
394.0 62.178621875
396.0 62.6920213716
398.0 63.2279795562
400.0 63.823612
402.0 64.475272128
404.0 65.1934327264
406.0 65.9351051968
408.0 66.6284830112
410.0 67.229259
412.0 67.7467267072
414.0 68.1761996448
416.0 68.5451453984
418.0 68.901382032
420.0 69.274633
422.0 69.6579877184
424.0 70.0540356704
426.0 70.4477006624
428.0 70.8121346784
430.0 71.131356
432.0 71.4117986192
434.0 71.6551464944
436.0 71.8705343056
438.0 72.0729747008
440.0 72.273191
442.0 72.4701664736
444.0 72.6633450976
446.0 72.8607336176
448.0 73.0728170576
450.0 73.305807
452.0 73.5597193312
454.0 73.8364763056
456.0 74.12713388
458.0 74.4169177024
460.0 74.695867
462.0 74.9651573664
464.0 75.224328096
466.0 75.4716634576
468.0 75.7061308352
470.0 75.927063
472.0 76.1325853568
474.0 76.3199972176
476.0 76.4940645024
478.0 76.6628098432
480.0 76.830602
482.0 76.9962018336
484.0 77.1610550064
486.0 77.3161380432
488.0 77.447153184
490.0 77.54549
492.0 77.612848336
494.0 77.6480843712
496.0 77.6589347824
498.0 77.6583469856
500.0 77.654709
502.0 77.6457808432
504.0 77.6304186944
506.0 77.6098140336
508.0 77.5849200448
510.0 77.555419
512.0 77.5212155808
514.0 77.4836760176
516.0 77.4329507424
518.0 77.3541065392
520.0 77.237691
522.0 77.0843554672
524.0 76.8921776864
526.0 76.6669561936
528.0 76.4191760128
530.0 76.15543
532.0 75.8735893776
534.0 75.5730981216
536.0 75.2530665936
538.0 74.9115089936
540.0 74.546932
542.0 74.1611148896
544.0 73.7572031696
546.0 73.3287469616
548.0 72.8654995376
550.0 72.362552
552.0 71.8220648992
554.0 71.2423066176
556.0 70.640148512
558.0 70.0416442784
560.0 69.463284
562.0 68.90408272
564.0 68.368075584
566.0 67.844300976
568.0 67.31305976
570.0 66.762596
572.0 66.196960728
574.0 65.61599508
576.0 65.02819828
578.0 64.447629792
580.0 63.883186
582.0 63.3339454928
584.0 62.802037048
586.0 62.2819639712
588.0 61.7637972624
590.0 61.242072
592.0 60.7206485792
594.0 60.2020370512
596.0 59.6902566752
598.0 59.1911854192
600.0 58.710177
602.0 58.2503610384
604.0 57.8155026112
606.0 57.411622664
608.0 57.0457112128
610.0 56.724377
612.0 56.4529896288
614.0 56.237299976
616.0 56.0837261472
618.0 55.9989404304
620.0 55.989631
622.0 56.0599918656
624.0 56.2120088272
626.0 56.4596619168
628.0 56.8217765184
630.0 57.310188
632.0 57.9236731088
634.0 58.6621524128
636.0 59.5204946048
638.0 60.4892472768
640.0 61.5598
642.0 62.7269261488
644.0 63.9825872048
646.0 65.3192689008
648.0 66.7293457648
650.0 68.202301
652.0 69.7269346944
654.0 71.2946999648
656.0 72.8764452672
658.0 74.4334872176
660.0 75.936992
662.0 77.3800013712
664.0 78.7541749712
666.0 80.0474073632
668.0 81.2488957952
670.0 82.351126
672.0 83.3496338992
674.0 84.2406226432
676.0 85.0295412672
678.0 85.7271925232
680.0 86.342584
682.0 86.8765894496
684.0 87.3305274432
686.0 87.7184574448
688.0 88.0596019984
690.0 88.3681
692.0 88.6470016384
694.0 88.9005644688
696.0 89.1333955472
698.0 89.3488310176
700.0 89.549651
702.0 89.7396364576
704.0 89.9227113312
706.0 90.0961749328
708.0 90.2542287264
710.0 90.393616
712.0 90.5163225536
714.0 90.6228090928
716.0 90.71610992
718.0 90.8009115232
720.0 90.880137
722.0 90.9538975552
724.0 91.023591192
726.0 91.0858976528
728.0 91.1350978336
730.0 91.168078
732.0 91.1865205142
734.0 91.1908987756
736.0 91.185348037
738.0 91.1762308397
740.0 91.168078
742.0 91.16201502
744.0 91.1606329032
746.0 91.1628172452
748.0 91.1655218858
750.0 91.168078
