380.0 10.911971
382.0 10.9755405436
384.0 11.0396305379
386.0 11.1039789711
388.0 11.1645538143
390.0 11.21977
392.0 11.2732109375
394.0 11.3261681378
396.0 11.3836932483
398.0 11.4528154308
400.0 11.537498
402.0 11.6377252976
404.0 11.7555547264
406.0 11.8824394032
408.0 12.00455816
410.0 12.11338
412.0 12.2095880384
414.0 12.2904021552
416.0 12.364067392
418.0 12.4447226448
420.0 12.540327
422.0 12.6476078592
424.0 12.766549336
426.0 12.8872383168
428.0 12.9940266976
430.0 13.076493
432.0 13.135510976
434.0 13.1700956688
436.0 13.1804536016
438.0 13.1686500064
440.0 13.136067
442.0 13.0816084208
444.0 13.0047500176
446.0 12.9071598624
448.0 12.7913797792
450.0 12.659475
452.0 12.5121445264
454.0 12.3503415424
456.0 12.1757500064
458.0 11.9902762864
460.0 11.795652
462.0 11.5929733088
464.0 11.3831775104
466.0 11.168377496
468.0 10.9511150896
470.0 10.733249
472.0 10.515525888
474.0 10.298914824
476.0 10.083177512
478.0 9.867360768
480.0 9.650988
482.0 9.4348058688
484.0 9.219354512
486.0 9.0047769072
488.0 8.7911524864
490.0 8.578656
492.0 8.3675575168
494.0 8.1580317872
496.0 7.9507301536
498.0 7.746526368
500.0 7.54604
502.0 7.3494934592
504.0 7.1572839056
506.0 6.969125384
508.0 6.7843824384
510.0 6.602785
512.0 6.4246507968
514.0 6.250027488
516.0 6.0799318032
518.0 5.9158729504
520.0 5.75882
522.0 5.6086617472
524.0 5.4654458512
526.0 5.3289022432
528.0 5.1984748992
530.0 5.073719
532.0 4.9546663184
534.0 4.8413486272
536.0 4.733035152
538.0 4.6286932768
540.0 4.527624
542.0 4.4298590944
544.0 4.33539856
546.0 4.2441153056
548.0 4.1559298992
550.0 4.07089
552.0 3.9889002896
554.0 3.9096271536
556.0 3.8344050496
558.0 3.7652992096
560.0 3.703517
562.0 3.6488201248
564.0 3.6014309936
566.0 3.5598403984
568.0 3.5215859472
570.0 3.485079
572.0 3.4504943072
574.0 3.4175776864
576.0 3.3868851616
578.0 3.3595287808
580.0 3.336144
582.0 3.3164130912
584.0 3.3003042816
586.0 3.287213888
588.0 3.2761887264
590.0 3.266641
592.0 3.2586660272
594.0 3.252184376
596.0 3.2476090928
598.0 3.2456550656
600.0 3.246783
602.0 3.2510564416
604.0 3.2588090048
606.0 3.269500552
608.0 3.2821778992
610.0 3.296428
612.0 3.312949856
614.0 3.332410696
616.0 3.355445976
618.0 3.382850016
620.0 3.415576
622.0 3.4548471808
624.0 3.50215688
626.0 3.5586012592
628.0 3.6252129344
630.0 3.703517
632.0 3.7953562784
634.0 3.9022240912
636.0 4.028314448
638.0 4.1791081568
640.0 4.358831
642.0 4.5681184336
644.0 4.807065776
646.0 5.0800894464
648.0 5.3929879808
650.0 5.748891
652.0 6.1469406384
654.0 6.5871527824
656.0 7.0637447824
658.0 7.5676613904
660.0 8.092135
662.0 8.636482496
664.0 9.1994329664
666.0 9.7763634688
668.0 10.3617931952
670.0 10.951687
672.0 11.5447104256
674.0 12.1394654688
676.0 12.735253128
678.0 13.3321528352
680.0 13.930387
682.0 14.5302256912
684.0 15.132749184
686.0 15.7381322288
688.0 16.3463748256
690.0 16.958732
692.0 17.5789688288
694.0 18.2116447088
696.0 18.8597303968
698.0 19.5260854448
700.0 20.215444
702.0 20.9340970768
704.0 21.6875095968
706.0 22.4893756368
708.0 23.3574879648
710.0 24.306192
712.0 25.3207292768
714.0 26.3662926928
716.0 27.5147999808
718.0 28.8799977648
720.0 30.511817
722.0 32.3894147296
724.0 34.5479475568
726.0 36.740000688
728.0 38.5837444992
730.0 39.845077
732.0 40.5698045345
734.0 40.7450708244
736.0 40.5219856344
738.0 40.1607389319
740.0 39.845077
742.0 39.6102024289
744.0 39.5654027809
746.0 39.6587646453
748.0 39.7577118335
750.0 39.845077
