380.0 10.117651
382.0 10.0542487577
384.0 9.9892346158
386.0 9.92116329209
388.0 9.85142199609
390.0 9.780065
392.0 9.70390255794
394.0 9.62149942108
396.0 9.52964577651
398.0 9.42428869194
400.0 9.303473
402.0 9.1673106656
404.0 9.0144517248
406.0 8.852855264
408.0 8.6949921072
410.0 8.548869
412.0 8.4135645312
414.0 8.290000112
416.0 8.1754115088
418.0 8.0643179136
420.0 7.953129
422.0 7.8431633392
424.0 7.7351199328
426.0 7.6275531184
428.0 7.518556528
430.0 7.407034
432.0 7.2930331936
434.0 7.1762204944
436.0 7.0584546112
438.0 6.94275396
440.0 6.831152
442.0 6.723442208
444.0 6.6197516752
446.0 6.5203504704
448.0 6.4253180256
450.0 6.334702
452.0 6.2487089168
454.0 6.1675135264
456.0 6.090686896
458.0 6.0175141376
460.0 5.947471
462.0 5.8805415968
464.0 5.816646496
466.0 5.7554520832
468.0 5.6965611984
470.0 5.639672
472.0 5.5845779648
474.0 5.5309772512
476.0 5.4790446096
478.0 5.4291772
480.0 5.381518
482.0 5.335765168
484.0 5.2917439536
486.0 5.2488347872
488.0 5.2061639168
490.0 5.16308
492.0 5.1195353776
494.0 5.0755141632
496.0 5.0304603328
498.0 4.9836589984
500.0 4.934713
502.0 4.883638224
504.0 4.8302916928
506.0 4.7755153856
508.0 4.7206596464
510.0 4.66663
512.0 4.6133152416
514.0 4.5607312576
516.0 4.5090210256
518.0 4.4582639776
520.0 4.408476
522.0 4.3596729792
524.0 4.3118708016
526.0 4.26470408
528.0 4.2176167904
530.0 4.17018
532.0 4.1224890272
534.0 4.074782168
536.0 4.0262015568
538.0 3.9754762816
540.0 3.921955
542.0 3.8660030992
544.0 3.8077635568
546.0 3.7484913984
548.0 3.690092992
550.0 3.634014
552.0 3.5802861952
554.0 3.5288619184
556.0 3.4813298096
558.0 3.4398345328
560.0 3.405647
562.0 3.3786560064
564.0 3.3590839616
566.0 3.3453898848
568.0 3.335031952
570.0 3.326215
572.0 3.31906612
574.0 3.3135376528
576.0 3.3086446416
578.0 3.3031956064
580.0 3.296428
582.0 3.2883418224
584.0 3.2789370736
586.0 3.2684997088
588.0 3.257585752
590.0 3.246783
592.0 3.2363456352
594.0 3.2264801808
596.0 3.2186799584
598.0 3.2150102
600.0 3.216996
602.0 3.2250662912
604.0 3.2398883024
606.0 3.2617003296
608.0 3.2904229408
610.0 3.326215
612.0 3.3698390544
614.0 3.4219941056
616.0 3.4831249728
618.0 3.553628816
620.0 3.634014
622.0 3.7252495952
624.0 3.8285747408
626.0 3.9439735504
628.0 4.070969432
630.0 4.209896
632.0 4.362087712
634.0 4.5283547744
636.0 4.7124146048
638.0 4.9194302832
640.0 5.153151
642.0 5.4134655504
644.0 5.6998337968
646.0 6.0156713152
648.0 6.3655851616
650.0 6.75172
652.0 7.172868464
654.0 7.6288558032
656.0 8.1127237744
658.0 8.6139079216
660.0 9.124751
662.0 9.644792304
664.0 10.1729515584
666.0 10.7052412768
668.0 11.2372132672
670.0 11.765865
672.0 12.2903703824
674.0 12.8097921168
676.0 13.3255599792
678.0 13.8406129536
680.0 14.357334
682.0 14.876501552
684.0 15.3997677952
686.0 15.9285148464
688.0 16.4640136176
690.0 17.008377
692.0 17.5654018432
694.0 18.1394251344
696.0 18.7337035856
698.0 19.3514144768
700.0 19.997006
702.0 20.6758159856
704.0 21.3924514896
706.0 22.1579376736
708.0 22.9864134336
710.0 23.889174
712.0 24.8525570688
714.0 25.8450916816
716.0 26.9287347984
718.0 28.2020615312
720.0 29.707568
722.0 31.4264447072
724.0 33.3898131104
726.0 35.3763756576
728.0 37.0450513408
730.0 38.186934
732.0 38.8429124924
734.0 39.0013207275
736.0 38.7992665467
738.0 38.4723589439
740.0 38.186934
742.0 37.9746831827
744.0 37.9339822259
746.0 38.018134691
748.0 38.1076953732
750.0 38.186934
