380.0 56.456294
382.0 57.1289460673
384.0 57.7904310596
386.0 58.4243284441
388.0 59.0043409081
390.0 59.514426
392.0 59.9567983143
394.0 60.3277715222
396.0 60.6422191707
398.0 60.9253706111
400.0 61.192427
402.0 61.4406837728
404.0 61.6739914432
406.0 61.8766383616
408.0 62.022332536
410.0 62.095966
412.0 62.1037344496
414.0 62.0470200016
416.0 61.9400250976
418.0 61.8053084256
420.0 61.65909
422.0 61.4993204752
424.0 61.3233150496
426.0 61.146435872
428.0 60.9898118544
430.0 60.86477
432.0 60.7754248864
434.0 60.737361072
436.0 60.7060489776
438.0 60.6095232112
440.0 60.408036
442.0 60.1140740544
444.0 59.7207744496
446.0 59.2965757968
448.0 58.949823344
450.0 58.749893
452.0 58.6822487088
454.0 58.7430936208
456.0 58.9250723328
458.0 59.2086445728
460.0 59.574
462.0 60.0214086832
464.0 60.5569233408
466.0 61.1131697504
468.0 61.591334504
470.0 61.927173
472.0 62.1212889216
474.0 62.1599246464
476.0 62.0709131472
478.0 61.90890364
480.0 61.708735
482.0 61.4597792256
484.0 61.1618933392
486.0 60.8115029008
488.0 60.3992349344
490.0 59.921515
492.0 59.3867470032
494.0 58.8013967088
496.0 58.1746623424
498.0 57.518458704
500.0 56.843525
502.0 56.15326092
504.0 55.4483972384
506.0 54.7499675488
508.0 54.0870439632
510.0 53.477594
512.0 52.9208868848
514.0 52.4204652848
516.0 51.9607923008
518.0 51.5150993488
520.0 51.064847
522.0 50.613911536
524.0 50.1652319408
526.0 49.7057495936
528.0 49.2178305904
530.0 48.691816
532.0 48.131184944
534.0 47.5374942896
536.0 46.9245810912
538.0 46.3139714208
540.0 45.723045
542.0 45.1524690576
544.0 44.6004007712
546.0 44.0952767968
548.0 43.6770514304
550.0 43.369872
552.0 43.1691632224
554.0 43.0744167328
556.0 43.0683163552
558.0 43.1217105456
560.0 43.211008
562.0 43.3361610592
564.0 43.4997909792
566.0 43.6619116912
568.0 43.7660470432
570.0 43.776961
572.0 43.6993241632
574.0 43.5324375312
576.0 43.2940620992
578.0 43.0160500992
580.0 42.724487
582.0 42.4221529216
584.0 42.1123522352
586.0 41.8326562768
588.0 41.6340603904
590.0 41.552865
592.0 41.5900074032
594.0 41.7448044848
596.0 42.0377338144
598.0 42.493419312
600.0 43.121647
602.0 43.9154427488
604.0 44.8738533744
606.0 45.945136872
608.0 47.0513704496
610.0 48.135792
612.0 49.1965745872
614.0 50.23001668
616.0 51.1983245328
618.0 52.0551892896
620.0 52.772635
622.0 53.349867344
624.0 53.7810560128
626.0 54.0988952176
628.0 54.3581930384
630.0 54.599571
632.0 54.826825952
634.0 55.0504905776
636.0 55.2929805872
638.0 55.5787610368
640.0 55.930057
642.0 56.3571469776
644.0 56.8635100912
646.0 57.4886240448
648.0 58.2857082784
650.0 59.286059
652.0 60.4827338528
654.0 61.8733498768
656.0 63.4295816208
658.0 65.1052790928
660.0 66.861886
662.0 68.6921422576
664.0 70.5895821008
666.0 72.497824696
668.0 74.3410124832
670.0 76.066069
672.0 77.6654799792
674.0 79.12658396
676.0 80.4470138688
678.0 81.6354277936
680.0 82.698641
682.0 83.6296316992
684.0 84.4229826288
686.0 85.1005217024
688.0 85.695928088
690.0 86.233365
692.0 86.7142304416
694.0 87.1427978544
696.0 87.5287897152
698.0 87.881817296
700.0 88.209236
702.0 88.5168602496
704.0 88.8115370832
706.0 89.0891360368
708.0 89.3401252704
710.0 89.55958
712.0 89.7510428928
714.0 89.9145139488
716.0 90.0593184848
718.0 90.1996748288
720.0 90.343971
722.0 90.4917621792
724.0 90.6466386928
726.0 90.7956372384
728.0 90.917390608
730.0 90.999285
732.0 91.0455820742
734.0 91.0568301775
736.0 91.0428983368
738.0 91.019890725
740.0 90.999285
742.0 90.9838561891
744.0 90.9807106819
746.0 90.9866409458
748.0 90.9932758362
750.0 90.999285
