380.0 27.344466
382.0 27.6432371921
384.0 27.9405800525
386.0 28.2345362212
388.0 28.5200942612
390.0 28.7941
392.0 29.057562946
394.0 29.3097638787
396.0 29.5520935801
398.0 29.7871155375
400.0 30.015367
402.0 30.2356954816
404.0 30.4490974928
406.0 30.645183328
408.0 30.8083048832
410.0 30.928835
412.0 31.0079810448
414.0 31.044249696
416.0 31.0451711072
418.0 31.0236926944
420.0 30.988409
422.0 30.9381762032
424.0 30.8738362832
426.0 30.7953574672
428.0 30.7013099792
430.0 30.591249
432.0 30.4669855792
434.0 30.3297270832
436.0 30.1810303792
438.0 30.0228018352
440.0 29.856503
442.0 29.6822768512
444.0 29.4999009792
446.0 29.3111705472
448.0 29.1185479472
450.0 28.923177
452.0 28.724755864
454.0 28.5239199952
456.0 28.3158558144
458.0 28.0930967136
460.0 27.850845
462.0 27.5894978336
464.0 27.3082608944
466.0 27.0091517552
468.0 26.696062584
470.0 26.371424
472.0 26.034473456
474.0 25.6852586112
476.0 25.3230169184
478.0 24.9463186016
480.0 24.554417
482.0 24.1482176384
484.0 23.7286578144
486.0 23.2957534144
488.0 22.8493455744
490.0 22.389895
492.0 21.9183707616
494.0 21.4352971104
496.0 20.9442802592
498.0 20.450403856
500.0 19.95729
502.0 19.4654947152
504.0 18.9760347312
506.0 18.4894342992
508.0 18.0056139872
510.0 17.524685
512.0 17.047775272
514.0 16.5760762832
516.0 16.1087460544
518.0 15.6441165136
520.0 15.181441
522.0 14.7214979472
524.0 14.2644938784
526.0 13.8127323216
528.0 13.3696288528
530.0 12.937487
532.0 12.5163861952
534.0 12.1068506896
536.0 11.708515096
538.0 11.3203467984
540.0 10.941758
542.0 10.5732094064
544.0 10.214875768
546.0 9.8670271536
548.0 9.5300607232
550.0 9.204183
552.0 8.8893780976
554.0 8.5857889936
556.0 8.2927643456
558.0 8.0092715376
560.0 7.734691
562.0 7.4693722336
564.0 7.2136806256
566.0 6.9675208576
568.0 6.7307340656
570.0 6.503495
572.0 6.2859942976
574.0 6.0779618896
576.0 5.8820031456
578.0 5.7020102336
580.0 5.540382
582.0 5.3965624208
584.0 5.2703767456
586.0 5.1607923584
588.0 5.0659823232
590.0 4.984358
592.0 4.9155222288
594.0 4.8590301904
596.0 4.81238772
598.0 4.7722586736
600.0 4.736133
602.0 4.70356588
604.0 4.67417604
606.0 4.646215976
608.0 4.617620456
610.0 4.587198
612.0 4.555107472
614.0 4.521428304
616.0 4.487590272
618.0 4.455896904
620.0 4.428334
622.0 4.4058070848
624.0 4.389571184
626.0 4.3815167792
628.0 4.3837885344
630.0 4.398547
632.0 4.427698544
634.0 4.4731813072
636.0 4.5377277504
638.0 4.6244357216
640.0 4.736133
642.0 4.8749165904
644.0 5.0429152704
646.0 5.2427661824
648.0 5.4772494464
650.0 5.748891
652.0 6.0600579168
654.0 6.4134349984
656.0 6.810023088
658.0 7.2500604816
660.0 7.734691
662.0 8.26609108
664.0 8.845468088
666.0 9.478302832
668.0 10.17206192
670.0 10.931829
672.0 11.7578900272
674.0 12.650975776
676.0 13.6110227008
678.0 14.6369187536
680.0 15.727536
682.0 16.8831445088
684.0 18.1041732128
686.0 19.3864439888
688.0 20.7237611408
690.0 22.111883
692.0 23.5506983616
694.0 25.0394605648
696.0 26.578026632
698.0 28.1670320192
700.0 29.806858
702.0 31.4962654352
704.0 33.233633912
706.0 35.0214417088
708.0 36.8638192896
710.0 38.762816
712.0 40.6976524288
714.0 42.6292003728
716.0 44.6110287728
718.0 46.7331340848
720.0 49.029402
722.0 51.4787989248
724.0 54.1164179168
726.0 56.6931919968
728.0 58.8275298368
730.0 60.288888
732.0 61.1257847682
734.0 61.3255134537
736.0 61.0669194993
738.0 60.6507263759
740.0 60.288888
742.0 60.0209694128
744.0 59.96692388
746.0 60.0704775162
748.0 60.1853074558
750.0 60.288888
