380.0 60.86477
382.0 61.6701898049
384.0 62.4652206643
386.0 63.2320809079
388.0 63.9361343831
390.0 64.558358
392.0 65.1083199322
394.0 65.5852185625
396.0 66.0168964412
398.0 66.4468268159
400.0 66.901602
402.0 67.3787659104
404.0 67.8858280256
406.0 68.3962262848
408.0 68.864843312
410.0 69.264704
412.0 69.602766592
414.0 69.8758855808
416.0 70.1081765216
418.0 70.3396731424
420.0 70.59519
422.0 70.8705648576
424.0 71.1700234976
426.0 71.4766310176
428.0 71.7608387136
430.0 72.005108
432.0 72.21520564
434.0 72.3906550416
436.0 72.5456109872
438.0 72.7033470528
440.0 72.87886
442.0 73.0691472992
444.0 73.2740818592
446.0 73.4921226992
448.0 73.7189804912
450.0 73.951192
452.0 74.1903140928
454.0 74.4386344112
456.0 74.6868752976
458.0 74.92105672
460.0 75.132743
462.0 75.32298264
464.0 75.4900122496
466.0 75.6425058032
468.0 75.7949993568
470.0 75.95685
472.0 76.1258971824
474.0 76.3017119712
476.0 76.48388132
478.0 76.6706577248
480.0 76.860389
482.0 77.0536311696
484.0 77.251432736
486.0 77.4478045264
488.0 77.6337707248
490.0 77.803644
492.0 77.957980376
494.0 78.0960490784
496.0 78.2206937728
498.0 78.3371569712
500.0 78.449029
502.0 78.5551183792
504.0 78.6543130608
506.0 78.7497744384
508.0 78.846030136
510.0 78.945479
512.0 79.0481528032
514.0 79.1559102544
516.0 79.2612847456
518.0 79.3523614768
520.0 79.422071
522.0 79.4720019552
524.0 79.5012488176
526.0 79.51699224
528.0 79.5310675904
530.0 79.551148
532.0 79.5755971696
534.0 79.604049712
536.0 79.6365532864
538.0 79.6722341408
540.0 79.710012
542.0 79.751237208
544.0 79.7988328624
546.0 79.8440455568
548.0 79.8732129872
550.0 79.878805
552.0 79.8620766208
554.0 79.8198187968
556.0 79.7681879968
558.0 79.7329996208
560.0 79.72987
562.0 79.756241424
564.0 79.8152117408
566.0 79.8918953936
568.0 79.9612713024
570.0 80.007882
572.0 80.035444904
574.0 80.0432133536
576.0 80.0392258672
578.0 80.0376213408
580.0 80.047598
582.0 80.0674242272
584.0 80.0976878192
586.0 80.1374832512
588.0 80.1841098352
590.0 80.236249
592.0 80.2955529312
594.0 80.3628318352
596.0 80.4399603072
598.0 80.5295596032
600.0 80.633409
602.0 80.751206656
604.0 80.8824759792
606.0 81.0282813584
608.0 81.1900525696
610.0 81.368155
612.0 81.5619055344
614.0 81.7712882864
616.0 81.9917120864
618.0 82.2163457824
620.0 82.440487
622.0 82.6637862384
624.0 82.8850043584
626.0 83.1043955424
628.0 83.3233895664
630.0 83.542606
632.0 83.7604403168
634.0 83.9754468544
636.0 84.187673272
638.0 84.3975961616
640.0 84.605009
642.0 84.8089268304
644.0 85.00892072
646.0 85.2016862976
648.0 85.3825370752
650.0 85.548264
652.0 85.6990577088
654.0 85.8350770656
656.0 85.9552100224
658.0 86.0582650992
660.0 86.144004
662.0 86.2128556576
664.0 86.2646770944
666.0 86.3041865712
668.0 86.338453536
670.0 86.372371
672.0 86.4061296
674.0 86.4406507472
676.0 86.4764428064
678.0 86.5132674816
680.0 86.551093
682.0 86.5906024768
684.0 86.6320500944
686.0 86.675642376
688.0 86.7215381856
690.0 86.769531
692.0 86.819255432
694.0 86.870568504
696.0 86.921166688
698.0 86.96771384
700.0 87.007827
702.0 87.0426023296
704.0 87.074232152
706.0 87.0979982064
708.0 87.1066721808
710.0 87.097188
712.0 87.0699110512
714.0 87.0206314384
716.0 86.9689688656
718.0 86.9455046528
720.0 86.968111
722.0 87.0336741728
724.0 87.1464993856
726.0 87.2827570384
728.0 87.4035254512
730.0 87.484419
732.0 87.5309653919
734.0 87.5430519018
736.0 87.5293230118
738.0 87.5059072183
740.0 87.484419
742.0 87.4679512642
744.0 87.4654729858
746.0 87.4726816108
748.0 87.4791772481
750.0 87.484419
