380.0 32.894777
382.0 32.7449677919
384.0 32.5844186934
386.0 32.4003565826
388.0 32.1879395282
390.0 31.941593
392.0 31.6499700038
394.0 31.3063476278
396.0 30.9076765955
398.0 30.4533237313
400.0 29.945864
402.0 29.3846451472
404.0 28.7648372512
406.0 28.1188962272
408.0 27.4959904832
410.0 26.927448
412.0 26.411378296
414.0 25.9541359312
416.0 25.5381982064
418.0 25.1313157296
420.0 24.713281
422.0 24.2907504192
424.0 23.8651219904
426.0 23.4399701536
428.0 23.0226820848
430.0 22.618262
432.0 22.2252165776
434.0 21.8429897936
436.0 21.4743458816
438.0 21.1229387136
440.0 20.791326
442.0 20.4798572416
444.0 20.1890566896
446.0 19.9191467536
448.0 19.6698891376
450.0 19.440982
452.0 19.232473
454.0 19.0442827056
456.0 18.8751560912
458.0 18.7232662208
460.0 18.587088
462.0 18.4662083824
464.0 18.3602778672
466.0 18.267294768
468.0 18.1846378288
470.0 18.110496
472.0 18.0442973712
474.0 17.98499344
476.0 17.9336327088
478.0 17.8923598416
480.0 17.862271
482.0 17.8426195232
484.0 17.8333895248
486.0 17.8323410224
488.0 17.83605844
490.0 17.842413
492.0 17.8515794528
494.0 17.8630812064
496.0 17.87855456
498.0 17.9008590656
500.0 17.931774
502.0 17.9703461792
504.0 18.015654192
506.0 18.0684288128
508.0 18.1297820896
510.0 18.199857
512.0 18.2779863152
514.0 18.3643130128
516.0 18.4539758544
518.0 18.539746528
520.0 18.616875
522.0 18.6857902032
524.0 18.7462856144
526.0 18.7987583936
528.0 18.8445588848
530.0 18.884958
532.0 18.919669784
534.0 18.9480905536
536.0 18.9744460912
538.0 19.0050115248
540.0 19.043822
542.0 19.0900673104
544.0 19.1432390912
546.0 19.203321456
548.0 19.2698378128
550.0 19.341692
552.0 19.4178355152
554.0 19.497458152
556.0 19.5754127168
558.0 19.6444708976
560.0 19.699136
562.0 19.7398210704
564.0 19.7682736128
566.0 19.7762326992
568.0 19.7518629616
570.0 19.689207
572.0 19.5906477744
574.0 19.4555657152
576.0 19.29959304
578.0 19.1468770768
580.0 19.014035
582.0 18.9006219904
584.0 18.808385552
586.0 18.7406936016
588.0 18.6996113712
590.0 18.686378
592.0 18.7009617152
594.0 18.7414879216
596.0 18.808623848
598.0 18.9034815424
600.0 19.023964
602.0 19.167179896
604.0 19.333828232
606.0 19.500556
608.0 19.633048576
610.0 19.709065
612.0 19.7314965968
614.0 19.70072464
616.0 19.6191956352
618.0 19.4937407344
620.0 19.331763
622.0 19.135407096
624.0 18.9061345712
626.0 18.6659798624
628.0 18.4461597456
630.0 18.26936
632.0 18.1418557536
634.0 18.0747674864
636.0 18.0675709472
638.0 18.112799528
640.0 18.209786
642.0 18.3700321168
644.0 18.6007185312
646.0 18.9219574256
648.0 19.360914544
650.0 19.937432
652.0 20.6532414112
654.0 21.5092165296
656.0 22.518336544
658.0 23.6963289904
660.0 25.050867
662.0 26.5759772864
664.0 28.265003448
666.0 30.1052681376
668.0 32.0785814272
670.0 34.165689
672.0 36.3552797392
674.0 38.6386478976
676.0 40.971661056
678.0 43.2946657824
680.0 45.564181
682.0 47.772231736
684.0 49.90831708
686.0 51.957503816
688.0 53.90771828
690.0 55.751335
692.0 57.481602256
694.0 59.090735712
696.0 60.59708416
698.0 62.031864376
700.0 63.416523
702.0 64.7494872784
704.0 66.033330808
706.0 67.2727718496
708.0 68.4711465472
710.0 69.632077
712.0 70.7530054976
714.0 71.8231928336
716.0 72.8685179536
718.0 73.9294117456
720.0 75.023524
722.0 76.1463270928
724.0 77.3159156336
726.0 78.4349854224
728.0 79.3523773632
730.0 79.978095
732.0 80.3347898308
734.0 80.4197402645
736.0 80.3100028662
738.0 80.1328402418
740.0 79.978095
742.0 79.8634721156
744.0 79.8396901748
746.0 79.8833334601
748.0 79.9329007004
750.0 79.978095
