380.0 31.168077
382.0 31.4942413613
384.0 31.8105206753
386.0 32.1132271969
388.0 32.3917232461
390.0 32.638173
392.0 32.849866824
394.0 33.052168368
396.0 33.2976744
398.0 33.589161768
400.0 33.89388
402.0 34.195004664
404.0 34.492045728
406.0 34.7848235136
408.0 35.0706265104
410.0 35.333349
412.0 35.5648237824
414.0 35.7844561248
416.0 36.0338824128
418.0 36.3150627744
420.0 36.578847
422.0 36.8013378624
424.0 37.0100588256
426.0 37.2616412544
428.0 37.5564445056
430.0 37.834554
432.0 38.0666494896
434.0 38.2821492288
436.0 38.541915192
438.0 38.8441179264
440.0 39.131097
442.0 39.3758026464
444.0 39.5932625136
446.0 39.813384888
448.0 40.038227904
450.0 40.264296
452.0 40.489874064
454.0 40.7261184912
456.0 40.9948847088
458.0 41.2926444864
460.0 41.571048
462.0 41.8064430384
464.0 42.0073234896
466.0 42.1926209232
468.0 42.3628907088
470.0 42.540903
472.0 42.7367851248
474.0 42.9377962512
476.0 43.118650728
478.0 43.27676772
480.0 43.38825
482.0 43.44215352
484.0 43.4632085616
486.0 43.502509128
488.0 43.5635834496
490.0 43.633266
492.0 43.7044676496
494.0 43.7704912944
496.0 43.8172403472
498.0 43.8398471568
500.0 43.827237
502.0 43.7732844768
504.0 43.6846050192
506.0 43.5775493616
508.0 43.4528688864
510.0 43.306578
512.0 43.1372882784
514.0 42.9439379856
516.0 42.723194904
518.0 42.47597376
520.0 42.204006
522.0 41.90917008
524.0 41.5971993744
526.0 41.2779925296
528.0 40.9534770048
530.0 40.621611
532.0 40.2827865408
534.0 39.9345207984
536.0 39.5689079232
538.0 39.188104056
540.0 38.814618
542.0 38.460324864
544.0 38.1187398912
546.0 37.7740513824
548.0 37.4262266688
550.0 37.089297
552.0 36.7699104768
554.0 36.4563553344
556.0 36.124995696
558.0 35.7768769632
560.0 35.435439
562.0 35.1118218672
564.0 34.8059275584
566.0 34.5177234048
568.0 34.2469807248
570.0 33.975552
572.0 33.6950413488
574.0 33.4107737856
576.0 33.1335300144
578.0 32.865792864
580.0 32.617755
582.0 32.395852176
584.0 32.1988103088
586.0 32.0207980176
588.0 31.8641347872
590.0 31.729572
592.0 31.6181387232
594.0 31.5379858224
596.0 31.5043042896
598.0 31.517878176
600.0 31.566228
602.0 31.64259132
604.0 31.7473928304
606.0 31.8824293152
608.0 32.0456099712
610.0 32.229813
612.0 32.4304484352
614.0 32.6504401344
616.0 32.8980859728
618.0 33.1708704528
620.0 33.454893
622.0 33.7445345808
624.0 34.0362669648
626.0 34.3218086112
628.0 34.6051777824
630.0 34.924989
632.0 35.3036367264
634.0 35.732480064
636.0 36.1865437152
638.0 36.6726554592
640.0 37.222014
642.0 37.8495489792
644.0 38.5592133216
646.0 39.3572794368
648.0 40.238487648
650.0 41.172897
652.0 42.140138496
654.0 43.127226288
656.0 44.1180056544
658.0 45.0990170496
660.0 46.073217
662.0 47.0388087216
664.0 47.9678603904
666.0 48.811352472
668.0 49.566083424
670.0 50.289534
672.0 51.010942776
674.0 51.7101531024
676.0 52.3440094944
678.0 52.916268864
680.0 53.474742
682.0 54.0423624
684.0 54.6049518048
686.0 55.133336976
688.0 55.6296087168
690.0 56.088246
692.0 56.5067659968
694.0 56.9080368672
696.0 57.3390690144
698.0 57.8026066176
700.0 58.252554
702.0 58.6675947696
704.0 59.0626749024
706.0 59.466118248
708.0 59.878153488
710.0 60.294354
712.0 60.713658048
714.0 61.1315410032
716.0 61.5364544448
718.0 61.9291170864
720.0 62.325945
722.0 62.7357097584
724.0 63.1558795296
726.0 63.5797898784
728.0 64.0095969456
730.0 64.449417
732.0 64.8988416816
734.0 65.3657605056
736.0 65.870183112
738.0 66.4084505952
740.0 66.909786
742.0 67.3380412992
744.0 67.729527864
746.0 68.1640882416
748.0 68.6434212096
750.0 69.094512
752.0 69.4837444176
754.0 69.850549704
756.0 70.2720752304
758.0 70.7467855632
760.0 71.228193
762.0 71.6950791552
764.0 72.1373983728
766.0 72.531596448
768.0 72.875190552
770.0 73.239366
772.0 73.6562671718
774.0 74.0874256957
776.0 74.4558962312
778.0 74.7469571853
780.0 75.005523
