380.0 16.630461
382.0 16.9857689008
384.0 17.3146672812
386.0 17.5857830733
388.0 17.8042130788
390.0 18.018885
392.0 18.255243768
394.0 18.5067445248
396.0 18.7555501056
398.0 19.0029999312
400.0 19.254174
402.0 19.5114898032
404.0 19.7666494656
406.0 20.0030082336
408.0 20.2236696432
410.0 20.448627
412.0 20.6880566352
414.0 20.9527229184
416.0 21.263386872
418.0 21.6212572416
420.0 21.979977
422.0 22.3162859616
424.0 22.6522682352
426.0 23.034852552
428.0 23.4632548608
430.0 23.899269
432.0 24.3235877088
434.0 24.7485271248
436.0 25.2003202944
438.0 25.6739688912
440.0 26.145249
442.0 26.6015177952
444.0 27.0347060832
446.0 27.4307336112
448.0 27.7882936272
450.0 28.136004
452.0 28.4878959792
454.0 28.836504744
456.0 29.1661166016
458.0 29.4759801696
460.0 29.769444
462.0 30.0479291856
464.0 30.3057350208
466.0 30.5319501264
468.0 30.727783248
470.0 30.912852
472.0 31.097757408
474.0 31.278007512
476.0 31.4421028944
478.0 31.5914483136
480.0 31.739781
482.0 31.8945331056
484.0 32.0479131216
486.0 32.1822962304
488.0 32.2991851968
490.0 32.423784
492.0 32.5684577808
494.0 32.7251210112
496.0 32.876573568
498.0 33.023501496
500.0 33.169041
502.0 33.31482552
504.0 33.465755376
506.0 33.6316802112
508.0 33.8127307008
510.0 34.006179
512.0 34.2113717328
514.0 34.4191616352
516.0 34.6097187456
518.0 34.7854278864
520.0 34.976034
522.0 35.1967280784
524.0 35.4495029184
526.0 35.7366616704
528.0 36.0600011184
530.0 36.395085
532.0 36.7295481744
534.0 37.079578032
536.0 37.4794278096
538.0 37.9293261888
540.0 38.396049
542.0 38.8632455088
544.0 39.344424264
546.0 39.8674844208
548.0 40.430008488
550.0 41.009553
552.0 41.5935078
554.0 42.1820689008
556.0 42.7790748864
558.0 43.3818142464
560.0 43.970163
562.0 44.5328994144
564.0 45.0885303648
566.0 45.6786432336
568.0 46.3027806576
570.0 46.900146
572.0 47.4416966976
574.0 47.957063352
576.0 48.5067649152
578.0 49.0910954064
580.0 49.676994
582.0 50.2492860384
584.0 50.8095886272
586.0 51.3591431808
588.0 51.8967082848
590.0 52.433424
592.0 52.9759220928
594.0 53.5171134336
596.0 54.0402715968
598.0 54.5465073216
600.0 55.067346
602.0 55.6181256336
604.0 56.1819727872
606.0 56.7236051568
608.0 57.242598048
610.0 57.762522
612.0 58.293961704
614.0 58.8318208272
616.0 59.3676871536
618.0 59.9032921296
620.0 60.427071
622.0 60.9312975936
624.0 61.439150424
626.0 62.0020011792
628.0 62.6175303744
630.0 63.19371
632.0 63.6862084944
634.0 64.1327583216
636.0 64.6116665952
638.0 65.1247954368
640.0 65.64387
642.0 66.1567211568
644.0 66.6660114144
646.0 67.173014856
648.0 67.6746932832
650.0 68.175702
652.0 68.6786055072
654.0 69.1698299184
656.0 69.621214728
658.0 70.0320085536
660.0 70.452309
662.0 70.9085941296
664.0 71.3691262032
666.0 71.7641083296
668.0 72.0934751712
670.0 72.463482
672.0 72.9259578672
674.0 73.4142747552
676.0 73.7904559872
678.0 74.0559716592
680.0 74.331729
682.0 74.6750454192
684.0 75.0605862624
686.0 75.4382375904
688.0 75.8070193392
690.0 76.169349
692.0 76.5255695952
694.0 76.8632833152
696.0 77.1595239936
698.0 77.4166764528
700.0 77.69049
702.0 78.0074917008
704.0 78.3500404032
706.0 78.6815470512
708.0 78.9990714528
710.0 79.293303
712.0 79.5591780288
714.0 79.800649464
716.0 80.0282856624
718.0 80.2447981344
720.0 80.467338
722.0 80.7037947744
724.0 80.9485330896
726.0 81.1896288336
728.0 81.4244685024
730.0 81.631164
732.0 81.8002413744
734.0 81.9415666032
736.0 82.074397944
738.0 82.2013815696
740.0 82.356003
742.0 82.5554296896
744.0 82.7688059568
746.0 82.9295364528
748.0 83.0358243936
750.0 83.142096
752.0 83.2748783376
754.0 83.4171836304
756.0 83.5347423072
758.0 83.6315072928
760.0 83.734218
762.0 83.8522667088
764.0 83.9936736096
766.0 84.180800496
768.0 84.4106418384
770.0 84.571356
772.0 84.613185663
774.0 84.5974539945
776.0 84.6479444846
778.0 84.794739002
780.0 84.979716
