380.0 3.8
382.0 3.80172095694
384.0 3.80346334928
386.0 3.80470813397
388.0 3.80374813397
390.0 3.8
392.0 3.7948723445
394.0 3.78899138756
396.0 3.78531521531
398.0 3.78803904306
400.0 3.8
402.0 3.82144
404.0 3.85312
406.0 3.8944
408.0 3.94368
410.0 4.0
412.0 4.06304
414.0 4.1312
416.0 4.20736
418.0 4.29632
420.0 4.4
422.0 4.51776
424.0 4.65216
426.0 4.78976
428.0 4.90976
430.0 5.0
432.0 5.06128
434.0 5.08816
436.0 5.10064
438.0 5.13152
440.0 5.2
442.0 5.30192
444.0 5.44144
446.0 5.59456
448.0 5.72208
450.0 5.8
452.0 5.83328
454.0 5.81936
456.0 5.77504
458.0 5.72912
460.0 5.7
462.0 5.68368
464.0 5.68064
466.0 5.6872
468.0 5.69536
470.0 5.7
472.0 5.70464
474.0 5.7128
476.0 5.71936
478.0 5.71632
480.0 5.7
482.0 5.6728
484.0 5.63456
486.0 5.59792
488.0 5.58208
490.0 5.6
492.0 5.65248
494.0 5.74352
496.0 5.86976
498.0 6.0232
500.0 6.2
502.0 6.404
504.0 6.63616
506.0 6.90512
508.0 7.22368
510.0 7.6
512.0 8.02976
514.0 8.50672
516.0 9.03808
518.0 9.63504
520.0 10.3
522.0 11.02656
524.0 11.81488
526.0 12.6256
528.0 13.40032
530.0 14.1
532.0 14.72432
534.0 15.2656
536.0 15.73088
538.0 16.13856
540.0 16.5
542.0 16.80752
544.0 17.05648
546.0 17.25104
548.0 17.3976
550.0 17.5
552.0 17.55872
554.0 17.57664
556.0 17.54656
558.0 17.45648
560.0 17.3
562.0 17.08208
564.0 16.80656
566.0 16.47904
568.0 16.10752
570.0 15.7
572.0 15.26192
574.0 14.79904
576.0 14.32416
578.0 13.85328
580.0 13.4
582.0 12.96896
584.0 12.56256
586.0 12.20016
588.0 11.90736
590.0 11.7
592.0 11.57328
594.0 11.52096
596.0 11.54304
598.0 11.63872
600.0 11.8
602.0 12.02448
604.0 12.32304
606.0 12.62
608.0 12.80176
610.0 12.8
612.0 12.6232
614.0 12.2568
616.0 11.7736
618.0 11.2952
620.0 10.9
622.0 10.57488
624.0 10.3256
626.0 10.13552
628.0 9.96784
630.0 9.8
632.0 9.64304
634.0 9.50032
636.0 9.3752
638.0 9.27408
640.0 9.2
642.0 9.1504
644.0 9.1248
646.0 9.1152
648.0 9.1096
650.0 9.1
652.0 9.0864
654.0 9.0672
656.0 9.044
658.0 9.0208
660.0 9.0
662.0 8.98
664.0 8.96
666.0 8.94
668.0 8.92
670.0 8.9
672.0 8.88
674.0 8.86
676.0 8.84
678.0 8.82
680.0 8.8
682.0 8.78016
684.0 8.7608
686.0 8.74144
688.0 8.72128
690.0 8.7
692.0 8.67776
694.0 8.65424
696.0 8.63152
698.0 8.6128
700.0 8.6
702.0 8.5928
704.0 8.59152
706.0 8.59424
708.0 8.59776
710.0 8.6
712.0 8.60128
714.0 8.60144
716.0 8.6008
718.0 8.60016
720.0 8.6
722.0 8.6
724.0 8.6
726.0 8.6
728.0 8.6
730.0 8.6
732.0 8.6
734.0 8.6
736.0 8.6
738.0 8.6
740.0 8.6
742.0 8.6
744.0 8.6
746.0 8.6
748.0 8.6
750.0 8.6
