380.0 13.8
382.0 13.7972715789
384.0 13.7942905263
386.0 13.7916884211
388.0 13.7931284211
390.0 13.8
392.0 13.8093473684
394.0 13.8202357895
396.0 13.8270821053
398.0 13.8219284211
400.0 13.8
402.0 13.76176
404.0 13.70624
406.0 13.63872
408.0 13.568
410.0 13.5
412.0 13.43392
414.0 13.36992
416.0 13.30912
418.0 13.25232
420.0 13.2
422.0 13.1528
424.0 13.11152
426.0 13.07424
428.0 13.03776
430.0 13.0
432.0 12.96144
434.0 12.92224
436.0 12.88224
438.0 12.84144
440.0 12.8
442.0 12.75776
444.0 12.71424
446.0 12.67152
448.0 12.6328
450.0 12.6
452.0 12.5728
454.0 12.55152
456.0 12.53424
458.0 12.51776
460.0 12.5
462.0 12.48144
464.0 12.46224
466.0 12.44224
468.0 12.42144
470.0 12.4
472.0 12.37776
474.0 12.35424
476.0 12.33152
478.0 12.3128
480.0 12.3
482.0 12.29296
484.0 12.29232
486.0 12.29568
488.0 12.29904
490.0 12.3
492.0 12.29936
494.0 12.29728
496.0 12.2952
498.0 12.29552
500.0 12.3
502.0 12.30848
504.0 12.3208
506.0 12.33872
508.0 12.36464
510.0 12.4
512.0 12.4448
514.0 12.49952
516.0 12.56224
518.0 12.62976
520.0 12.7
522.0 12.77312
524.0 12.84864
526.0 12.92736
528.0 13.01088
530.0 13.1
532.0 13.19392
534.0 13.29216
536.0 13.3936
538.0 13.49664
540.0 13.6
542.0 13.70336
544.0 13.8064
546.0 13.90784
548.0 14.00608
550.0 14.1
552.0 14.18928
554.0 14.27344
556.0 14.3528
558.0 14.42816
560.0 14.5
562.0 14.568
564.0 14.632
566.0 14.692
568.0 14.748
570.0 14.8
572.0 14.84832
574.0 14.8936
576.0 14.93488
578.0 14.97056
580.0 15.0
582.0 15.02368
584.0 15.04128
586.0 15.05648
588.0 15.07488
590.0 15.1
592.0 15.13152
594.0 15.17008
596.0 15.21344
598.0 15.2576
600.0 15.3
602.0 15.34128
604.0 15.38144
606.0 15.4208
608.0 15.46016
610.0 15.5
612.0 15.53968
614.0 15.5784
616.0 15.61712
618.0 15.65744
620.0 15.7
622.0 15.74448
624.0 15.79152
626.0 15.83696
628.0 15.8744
630.0 15.9
632.0 15.914464
634.0 15.91728
636.0 15.912096
638.0 15.904992
640.0 15.9
642.0 15.896672
644.0 15.895456
646.0 15.89616
648.0 15.897824
650.0 15.9
652.0 15.903424
654.0 15.90848
656.0 15.915776
658.0 15.926112
660.0 15.94
662.0 15.957488
664.0 15.978736
666.0 16.003344
668.0 16.030592
670.0 16.06
672.0 16.091664
674.0 16.125584
676.0 16.161664
678.0 16.199824
680.0 16.24
682.0 16.2816
684.0 16.323504
686.0 16.367328
688.0 16.415792
690.0 16.47
692.0 16.529312
694.0 16.594608
696.0 16.659264
698.0 16.71312
700.0 16.75
702.0 16.7708
704.0 16.774464
706.0 16.766528
708.0 16.756352
710.0 16.75
712.0 16.746416
714.0 16.745968
716.0 16.74776
718.0 16.749552
720.0 16.75
722.0 16.75
724.0 16.75
726.0 16.75
728.0 16.75
730.0 16.75
732.0 16.75
734.0 16.75
736.0 16.75
738.0 16.75
740.0 16.75
742.0 16.75
744.0 16.75
746.0 16.75
748.0 16.75
750.0 16.75
