380.0 1.6
382.0 1.59893741627
384.0 1.59756095694
386.0 1.59592803828
388.0 1.59640803828
390.0 1.6
392.0 1.60466066986
394.0 1.60972325359
396.0 1.61267291866
398.0 1.61002258373
400.0 1.6
402.0 1.58272
404.0 1.55696
406.0 1.5288
408.0 1.50784
410.0 1.5
412.0 1.50432
414.0 1.5216
416.0 1.54768
418.0 1.57536
420.0 1.6
422.0 1.62256
424.0 1.64288
426.0 1.6616
428.0 1.68032
430.0 1.7
432.0 1.72
434.0 1.74
436.0 1.76
438.0 1.78
440.0 1.8
442.0 1.82
444.0 1.84
446.0 1.86
448.0 1.88
450.0 1.9
452.0 1.92
454.0 1.94
456.0 1.96
458.0 1.98
460.0 2.0
462.0 2.02032
464.0 2.0416
466.0 2.06288
468.0 2.08256
470.0 2.1
472.0 2.11536
474.0 2.12768
476.0 2.1416
478.0 2.16432
480.0 2.2
482.0 2.24832
484.0 2.3112
486.0 2.38128
488.0 2.44656
490.0 2.5
492.0 2.54336
494.0 2.57568
496.0 2.6048
498.0 2.64352
500.0 2.7
502.0 2.772
504.0 2.8584
506.0 2.9592
508.0 3.0736
510.0 3.2
512.0 3.33888
514.0 3.4928
516.0 3.64912
518.0 3.78864
520.0 3.9
522.0 3.98416
524.0 4.03712
526.0 4.07488
528.0 4.12384
530.0 4.2
532.0 4.3
534.0 4.42608
536.0 4.56496
538.0 4.69424
540.0 4.8
542.0 4.88512
544.0 4.94816
546.0 4.9968
548.0 5.04464
550.0 5.1
552.0 5.15984
554.0 5.2232
556.0 5.28736
558.0 5.34752
560.0 5.4
562.0 5.44608
564.0 5.48816
566.0 5.51824
568.0 5.52432
570.0 5.5
572.0 5.44688
574.0 5.36304
576.0 5.2632
578.0 5.17056
580.0 5.1
582.0 5.04976
584.0 5.0216
586.0 5.01024
588.0 5.00528
590.0 5.0
592.0 4.99664
594.0 4.99584
596.0 4.99664
598.0 4.99824
600.0 5.0
602.0 5.00112
604.0 5.00064
606.0 4.99936
608.0 4.99888
610.0 5.0
612.0 5.00176
614.0 5.00336
616.0 5.00416
618.0 5.00336
620.0 5.0
622.0 4.99376
624.0 4.98496
626.0 4.96976
628.0 4.94256
630.0 4.9
632.0 4.84256
634.0 4.76976
636.0 4.68496
638.0 4.59376
640.0 4.5
642.0 4.40336
644.0 4.30416
646.0 4.20336
648.0 4.10176
650.0 4.0
652.0 3.89872
654.0 3.79856
656.0 3.6992
658.0 3.59984
660.0 3.5
662.0 3.4
664.0 3.3
666.0 3.2
668.0 3.1
670.0 3.0
672.0 2.9
674.0 2.8
676.0 2.7
678.0 2.6
680.0 2.5
682.0 2.4008
684.0 2.304
686.0 2.2072
688.0 2.1064
690.0 2.0
692.0 1.8888
694.0 1.7712
696.0 1.6576
698.0 1.564
700.0 1.5
702.0 1.464
704.0 1.4576
706.0 1.4712
708.0 1.4888
710.0 1.5
712.0 1.5064
714.0 1.5072
716.0 1.504
718.0 1.5008
720.0 1.5
722.0 1.5
724.0 1.5
726.0 1.5
728.0 1.5
730.0 1.5
732.0 1.5
734.0 1.5
736.0 1.5
738.0 1.5
740.0 1.5
742.0 1.5
744.0 1.5
746.0 1.5
748.0 1.5
750.0 1.5
