380.0 4.4
382.0 4.39818717703
384.0 4.39621511962
386.0 4.39451100478
388.0 4.39547100478
390.0 4.4
392.0 4.40618258373
394.0 4.4134354067
396.0 4.41802411483
398.0 4.41461282297
400.0 4.4
402.0 4.37456
404.0 4.33776
406.0 4.29296
408.0 4.24576
410.0 4.2
412.0 4.15568
414.0 4.11376
416.0 4.07424
418.0 4.03632
420.0 4.0
422.0 3.96624
424.0 3.93504
426.0 3.91024
428.0 3.89744
430.0 3.9
432.0 3.91712
434.0 3.94864
436.0 3.99216
438.0 4.04368
440.0 4.1
442.0 4.16048
444.0 4.22416
446.0 4.28784
448.0 4.34752
450.0 4.4
452.0 4.44416
454.0 4.47904
456.0 4.50192
458.0 4.5096
460.0 4.5
462.0 4.47376
464.0 4.43232
466.0 4.37408
468.0 4.29664
470.0 4.2
472.0 4.0864
474.0 3.95648
476.0 3.82176
478.0 3.69904
480.0 3.6
482.0 3.52624
484.0 3.48176
486.0 3.46528
488.0 3.472
490.0 3.5
492.0 3.55168
494.0 3.62608
496.0 3.73328
498.0 3.88848
500.0 4.1
502.0 4.36544
504.0 4.68608
506.0 5.04672
508.0 5.42336
510.0 5.8
512.0 6.17648
514.0 6.54832
516.0 6.92016
518.0 7.3024
520.0 7.7
522.0 8.10688
524.0 8.51936
526.0 8.92944
528.0 9.32592
530.0 9.7
532.0 10.04928
534.0 10.37104
536.0 10.6584
538.0 10.90336
540.0 11.1
542.0 11.24736
544.0 11.3456
546.0 11.39024
548.0 11.37568
550.0 11.3
552.0 11.1648
554.0 10.96944
556.0 10.72928
558.0 10.46752
560.0 10.2
562.0 9.92784
564.0 9.65568
566.0 9.38112
568.0 9.09696
570.0 8.8
572.0 8.496
574.0 8.18912
576.0 7.88384
578.0 7.58576
580.0 7.3
582.0 7.02736
584.0 6.76624
586.0 6.52992
588.0 6.3376
590.0 6.2
592.0 6.1144
594.0 6.08192
596.0 6.08544
598.0 6.09776
600.0 6.1
602.0 6.09392
604.0 6.07984
606.0 6.04896
608.0 5.99088
610.0 5.9
612.0 5.77504
614.0 5.61136
616.0 5.42688
618.0 5.2504
620.0 5.1
622.0 4.97264
624.0 4.87008
626.0 4.78352
628.0 4.69696
630.0 4.6
632.0 4.49616
634.0 4.38752
636.0 4.27088
638.0 4.14224
640.0 4.0
642.0 3.84528
644.0 3.67808
646.0 3.50688
648.0 3.34448
650.0 3.2
652.0 3.07312
654.0 2.96368
656.0 2.87744
658.0 2.8216
660.0 2.8
662.0 2.81472
664.0 2.87184
666.0 2.95456
668.0 3.03568
670.0 3.1
672.0 3.16336
674.0 3.24576
676.0 3.33776
678.0 3.42176
680.0 3.5
682.0 3.5632
684.0 3.55696
686.0 3.67072
688.0 4.19888
690.0 5.3
692.0 6.93648
694.0 9.16352
696.0 11.62416
698.0 13.7536
700.0 15.2
702.0 16.01648
704.0 16.15616
706.0 15.83504
708.0 15.43472
710.0 15.2
712.0 15.07328
714.0 15.05744
716.0 15.1208
718.0 15.18416
720.0 15.2
722.0 15.2
724.0 15.2
726.0 15.2
728.0 15.2
730.0 15.2
732.0 15.2
734.0 15.2
736.0 15.2
738.0 15.2
740.0 15.2
742.0 15.2
744.0 15.2
746.0 15.2
748.0 15.2
750.0 15.2
