380.0 16.1
382.0 16.1137890909
384.0 16.1290618182
386.0 16.1428072727
388.0 16.1356072727
390.0 16.1
392.0 16.0520872727
394.0 15.9974981818
396.0 15.9638545455
398.0 15.9902109091
400.0 16.1
402.0 16.29248
404.0 16.5752
406.0 16.91792
408.0 17.27024
410.0 17.6
412.0 17.91168
414.0 18.20032
416.0 18.47936
418.0 18.7744
420.0 19.1
422.0 19.44992
424.0 19.82496
426.0 20.208
428.0 20.57184
430.0 20.9
432.0 21.19504
434.0 21.4536
436.0 21.69136
438.0 21.93472
440.0 22.2
442.0 22.48352
444.0 22.78656
446.0 23.1
448.0 23.40784
450.0 23.7
452.0 23.97904
454.0 24.2448
456.0 24.50016
458.0 24.75072
460.0 25.0
462.0 25.24672
464.0 25.49056
466.0 25.7312
468.0 25.96784
470.0 26.2
472.0 26.42784
474.0 26.6512
476.0 26.87056
478.0 27.08672
480.0 27.3
482.0 27.51056
484.0 27.71936
486.0 27.92336
488.0 28.11776
490.0 28.3
492.0 28.47104
494.0 28.63056
496.0 28.78368
498.0 28.9384
500.0 29.1
502.0 29.26928
504.0 29.44928
506.0 29.63568
508.0 29.82048
510.0 30.0
512.0 30.17488
514.0 30.34048
516.0 30.51568
518.0 30.73008
520.0 31.0
522.0 31.32176
524.0 31.70048
526.0 32.104
528.0 32.48112
530.0 32.8
532.0 33.06576
534.0 33.2744
536.0 33.44544
538.0 33.61328
540.0 33.8
542.0 34.00016
544.0 34.21344
546.0 34.43792
548.0 34.668
550.0 34.9
552.0 35.136
554.0 35.37712
556.0 35.62064
558.0 35.86256
560.0 36.1
562.0 36.33296
564.0 36.56144
566.0 36.78352
568.0 36.9968
570.0 37.2
572.0 37.3928
574.0 37.57392
576.0 37.74784
578.0 37.92176
580.0 38.1
582.0 38.28144
584.0 38.46624
586.0 38.65104
588.0 38.83024
590.0 39.0
592.0 39.16112
594.0 39.31424
596.0 39.45696
598.0 39.58608
600.0 39.7
602.0 39.79936
604.0 39.88416
606.0 39.95856
608.0 40.02896
610.0 40.1
612.0 40.17216
614.0 40.24656
616.0 40.32496
618.0 40.40896
620.0 40.5
622.0 40.59904
624.0 40.70656
626.0 40.82448
628.0 40.9552
630.0 41.1
632.0 41.258704
634.0 41.4316
636.0 41.615696
638.0 41.806272
640.0 42.0
642.0 42.1968
644.0 42.396096
646.0 42.596912
648.0 42.798448
650.0 43.0
652.0 43.200736
654.0 43.399792
656.0 43.597328
658.0 43.793984
660.0 43.99
662.0 44.184768
664.0 44.377888
666.0 44.568688
668.0 44.756288
670.0 44.94
672.0 45.11952
674.0 45.294448
676.0 45.464576
678.0 45.629824
680.0 45.79
682.0 45.944224
684.0 46.091216
686.0 46.231888
688.0 46.368
690.0 46.5
692.0 46.627536
694.0 46.752048
696.0 46.86592
698.0 46.957472
700.0 47.02
702.0 47.055008
704.0 47.06136
706.0 47.048432
708.0 47.031344
710.0 47.02
712.0 47.013344
714.0 47.012512
716.0 47.01584
718.0 47.019168
720.0 47.02
722.0 47.02
724.0 47.02
726.0 47.02
728.0 47.02
730.0 47.02
732.0 47.02
734.0 47.02
736.0 47.02
738.0 47.02
740.0 47.02
742.0 47.02
744.0 47.02
746.0 47.02
748.0 47.02
750.0 47.02
