380.0 14.9
382.0 14.9000183732
384.0 14.9000643062
386.0 14.9001561722
388.0 14.9001561722
390.0 14.9
392.0 14.8998530144
394.0 14.8998346411
396.0 14.899908134
398.0 14.8999816268
400.0 14.9
402.0 14.90016
404.0 14.9008
406.0 14.90144
408.0 14.90128
410.0 14.9
412.0 14.89872
414.0 14.89904
416.0 14.90016
418.0 14.90048
420.0 14.9
422.0 14.8992
424.0 14.89616
426.0 14.90192
428.0 14.93328
430.0 15.0
432.0 15.10112
434.0 15.24032
436.0 15.40192
438.0 15.56032
440.0 15.7
442.0 15.82544
444.0 15.93712
446.0 16.044
448.0 16.16128
450.0 16.3
452.0 16.4568
454.0 16.6264
456.0 16.8256
458.0 17.0792
460.0 17.4
462.0 17.78576
464.0 18.2432
466.0 18.73424
468.0 19.19888
470.0 19.6
472.0 19.9416
474.0 20.21504
476.0 20.45088
478.0 20.70192
480.0 21.0
482.0 21.33616
484.0 21.71248
486.0 22.1056
488.0 22.47632
490.0 22.8
492.0 23.0816
494.0 23.3192
496.0 23.5232
498.0 23.7128
500.0 23.9
502.0 24.08224
504.0 24.2616
506.0 24.43136
508.0 24.57952
510.0 24.7
512.0 24.79504
514.0 24.86176
516.0 24.91808
518.0 24.992
520.0 25.1
522.0 25.23968
524.0 25.41568
526.0 25.60608
528.0 25.77488
530.0 25.9
532.0 25.9864
534.0 26.03248
536.0 26.05216
538.0 26.06944
540.0 26.1
542.0 26.14
544.0 26.18816
546.0 26.24672
548.0 26.31728
550.0 26.4
552.0 26.49568
554.0 26.60672
556.0 26.72176
558.0 26.8232
560.0 26.9
562.0 26.9536
564.0 26.98256
566.0 26.99312
568.0 26.99648
570.0 27.0
572.0 27.00208
574.0 27.00272
576.0 27.00256
578.0 27.0016
580.0 27.0
582.0 27.00016
584.0 27.00576
586.0 27.01216
588.0 27.01136
590.0 27.0
592.0 26.9768
594.0 26.93296
596.0 26.89632
598.0 26.91088
600.0 27.0
602.0 27.15888
604.0 27.39872
606.0 27.65936
608.0 27.8456
610.0 27.9
612.0 27.83248
614.0 27.63296
616.0 27.35584
618.0 27.09232
620.0 26.9
622.0 26.768
624.0 26.70144
626.0 26.67728
628.0 26.65232
630.0 26.6
632.0 26.53
634.0 26.44408
636.0 26.35096
638.0 26.26624
640.0 26.2
642.0 26.15024
644.0 26.11776
646.0 26.10088
648.0 26.0956
650.0 26.1
652.0 26.115888
654.0 26.14352
656.0 26.187552
658.0 26.254944
660.0 26.35
662.0 26.472064
664.0 26.621472
666.0 26.79552
668.0 26.989488
670.0 27.2
672.0 27.427056
674.0 27.67
676.0 27.927424
678.0 28.197888
680.0 28.48
682.0 28.76992
684.0 29.061264
686.0 29.360368
688.0 29.678672
690.0 30.02
692.0 30.380864
694.0 30.765728
696.0 31.139392
698.0 31.448256
700.0 31.66
702.0 31.77936
704.0 31.800512
706.0 31.755264
708.0 31.696896
710.0 31.66
712.0 31.639008
714.0 31.636384
716.0 31.64688
718.0 31.657376
720.0 31.66
722.0 31.66
724.0 31.66
726.0 31.66
728.0 31.66
730.0 31.66
732.0 31.66
734.0 31.66
736.0 31.66
738.0 31.66
740.0 31.66
742.0 31.66
744.0 31.66
746.0 31.66
748.0 31.66
750.0 31.66
