380.0 5.0
382.0 5.00657148325
384.0 5.01276019139
386.0 5.01617760766
388.0 5.01233760766
390.0 5.0
392.0 4.98198813397
394.0 4.95877665072
396.0 4.94282258373
398.0 4.95246851675
400.0 5.0
402.0 5.08304
404.0 5.19888
406.0 5.35312
408.0 5.55296
410.0 5.8
412.0 6.09168
414.0 6.42992
416.0 6.78656
418.0 7.1192
420.0 7.4
422.0 7.63056
424.0 7.80736
426.0 7.93616
428.0 8.03056
430.0 8.1
432.0 8.14128
434.0 8.15296
436.0 8.14304
438.0 8.12272
440.0 8.1
442.0 8.076
444.0 8.05264
446.0 8.03168
448.0 8.01392
450.0 8.0
452.0 7.992
454.0 7.99248
456.0 7.99776
458.0 8.00144
460.0 8.0
462.0 7.99472
464.0 7.98496
466.0 7.9768
468.0 7.97984
470.0 8.0
472.0 8.03664
474.0 8.0912
476.0 8.15856
478.0 8.22992
480.0 8.3
482.0 8.3704
484.0 8.44096
486.0 8.51552
488.0 8.60048
490.0 8.7
492.0 8.81392
494.0 8.94352
496.0 9.08672
498.0 9.23952
500.0 9.4
502.0 9.56848
504.0 9.74272
506.0 9.93136
508.0 10.148
510.0 10.4
512.0 10.6848
514.0 11.00336
516.0 11.34192
518.0 11.67888
520.0 12.0
522.0 12.30352
524.0 12.58192
526.0 12.84592
528.0 13.11552
530.0 13.4
532.0 13.696
534.0 14.01152
536.0 14.30544
538.0 14.51376
540.0 14.6
542.0 14.57072
544.0 14.41504
546.0 14.19296
548.0 14.00128
550.0 13.9
552.0 13.87904
554.0 13.94656
556.0 14.06368
558.0 14.1624
560.0 14.2
562.0 14.18816
564.0 14.12768
566.0 14.0296
568.0 13.91552
570.0 13.8
572.0 13.67952
574.0 13.5536
576.0 13.42768
578.0 13.30816
580.0 13.2
582.0 13.10448
584.0 13.02208
586.0 12.95728
588.0 12.91568
590.0 12.9
592.0 12.91056
594.0 12.95008
596.0 13.0064
598.0 13.06032
600.0 13.1
602.0 13.12592
604.0 13.1336
606.0 13.13568
608.0 13.15376
610.0 13.2
612.0 13.27024
614.0 13.36608
616.0 13.46992
618.0 13.55376
620.0 13.6
622.0 13.612
624.0 13.58912
626.0 13.53824
628.0 13.47216
630.0 13.4
632.0 13.321664
634.0 13.23936
636.0 13.156256
638.0 13.075232
640.0 13.0
642.0 12.93536
644.0 12.885856
646.0 12.858272
648.0 12.860608
650.0 12.9
652.0 12.979632
654.0 13.101232
656.0 13.276112
658.0 13.519232
660.0 13.84
662.0 14.238576
664.0 14.716912
666.0 15.267808
668.0 15.878544
670.0 16.54
672.0 17.25224
674.0 18.013568
676.0 18.819856
678.0 19.666704
680.0 20.55
682.0 21.457904
684.0 22.370176
686.0 23.308288
688.0 24.31048
690.0 25.39
692.0 26.535696
694.0 27.762128
696.0 28.95568
698.0 29.943152
700.0 30.62
702.0 31.001552
704.0 31.06912
706.0 30.924368
708.0 30.737776
710.0 30.62
712.0 30.553056
714.0 30.544688
716.0 30.57816
718.0 30.611632
720.0 30.62
722.0 30.62
724.0 30.62
726.0 30.62
728.0 30.62
730.0 30.62
732.0 30.62
734.0 30.62
736.0 30.62
738.0 30.62
740.0 30.62
742.0 30.62
744.0 30.62
746.0 30.62
748.0 30.62
750.0 30.62
