380.0 97.0
382.0 96.9740019139
384.0 96.9474066986
386.0 96.9278162679
388.0 96.9422162679
390.0 97.0
392.0 97.079984689
394.0 97.1747827751
396.0 97.2355904306
398.0 97.1923980861
400.0 97.0
402.0 96.6608
404.0 96.1696
406.0 95.5424
408.0 94.8112
410.0 94.0
412.0 93.104
414.0 92.1184
416.0 91.0768
418.0 90.0272
420.0 89.0
422.0 88.0
424.0 87.0448
426.0 86.0976
428.0 85.0944
430.0 84.0
432.0 82.8352
434.0 81.6096
436.0 80.36
438.0 79.1424
440.0 78.0
442.0 76.936
444.0 75.952
446.0 75.096
448.0 74.432
450.0 74.0
452.0 73.7968
454.0 73.824
456.0 74.0592
458.0 74.4624
460.0 75.0
462.0 75.6704
464.0 76.4752
466.0 77.352
468.0 78.2128
470.0 79.0
472.0 79.7088
474.0 80.32
476.0 80.8672
478.0 81.4144
480.0 82.0
482.0 82.608
484.0 83.2352
486.0 83.8624
488.0 84.4576
490.0 85.0
492.0 85.4912
494.0 85.9264
496.0 86.3136
498.0 86.6688
500.0 87.0
502.0 87.3008
504.0 87.5696
506.0 87.7904
508.0 87.9392
510.0 88.0
512.0 87.9744
514.0 87.8624
516.0 87.6624
518.0 87.3744
520.0 87.0
522.0 86.5408
524.0 85.9984
526.0 85.384
528.0 84.7136
530.0 84.0
532.0 83.248
534.0 82.464
536.0 81.656
538.0 80.832
540.0 80.0
542.0 79.1648
544.0 78.328
546.0 77.5072
548.0 76.7264
550.0 76.0
552.0 75.328
554.0 74.7152
556.0 74.1424
558.0 73.5776
560.0 73.0
562.0 72.4176
564.0 71.8384
566.0 71.2512
568.0 70.64
570.0 70.0
572.0 69.3344
574.0 68.6352
576.0 67.96
578.0 67.3968
580.0 67.0
582.0 66.7632
584.0 66.696
586.0 66.7568
588.0 66.8736
590.0 67.0
592.0 67.144
594.0 67.3008
596.0 67.4816
598.0 67.7104
600.0 68.0
602.0 68.337392
604.0 68.71256
606.0 69.119728
608.0 69.551936
610.0 70.0
612.0 70.454928
614.0 70.909168
616.0 71.338368
618.0 71.710288
620.0 72.0
622.0 72.201728
624.0 72.310608
626.0 72.306368
628.0 72.164528
630.0 71.87
632.0 71.421328
634.0 70.814368
636.0 70.065808
638.0 69.204128
640.0 68.25
642.0 67.204496
644.0 66.072608
646.0 64.86344
648.0 63.586192
650.0 62.25
652.0 60.863808
654.0 59.43656
656.0 57.977392
658.0 56.495504
660.0 55.0
662.0 53.499872
664.0 52.004192
666.0 50.521632
668.0 49.060672
670.0 47.63
672.0 46.238672
674.0 44.895632
676.0 43.610192
678.0 42.391872
680.0 41.25
682.0 40.188112
684.0 39.204432
686.0 38.324032
688.0 37.582672
690.0 37.0
692.0 36.570864
694.0 36.297472
696.0 36.14504
698.0 36.058608
700.0 36.0
702.0 35.9696
704.0 35.962
706.0 35.9684
708.0 35.9828
710.0 36.0
712.0 36.0128
714.0 36.0144
716.0 36.008
718.0 36.0016
720.0 36.0
722.0 36.0
724.0 36.0
726.0 36.0
728.0 36.0
730.0 36.0
732.0 36.0
734.0 36.0
736.0 36.0
738.0 36.0
740.0 36.0
742.0 36.0
744.0 36.0
746.0 36.0
748.0 36.0
750.0 36.0
