2
211
1
230
1
253
1
271
1
304
2
334
2
348
1
358
1
378
1
419
1
450
1
475
1
491
1
499
1
511
1
534
1
538
1
551
1
571
1
596
1
713
1
715
1
720
1
735
1
749
1
758
1
773
1
795
1
814
1
838
1
853
2
854
1
863
1
874
1
888
1
988
1
1007
1
966
1
967
1
1010
1
1028
2
1063
2
1117
1
1133
1
1276
1
1281
1
1200
1
1300
1
1131
1
1077
1
1094
2
1178
1
1180
2
1124
1
1099
1
1105
2
1178
1
1188
1
1099
1
1054
1
1027
1
1011
1
1007
1
1007
1
1020
1
1035
1
1059
1
1083
1
1102
1
1113
2
1129
1
1139
1
1153
1
1164
2
1172
2
1188
2
1180
2
1189
2
1198
1
1198
1
1198
1
1215
1
1218
1
1227
2
1234
2
1234
1
1235
1
1242
1
1250
1
1257
1
1257
1
1253
1
1254
1
1250
2
1265
1
1265
2
1259
2
1253
2
1250
1
1254
1
1250
2
1242
1
1235
1
1232
2
1231
1
1227
2
1222
1
1219
1
1205
2
1205
1
1194
1
1187
1
1179
1
1181
1
1173
2
1171
1
1164
2
1171
1
1163
1
1156
2
1150
1
1141
1
1130
1
1118
2
1106
1
1097
2
1097
1
1083
2
1075
2
1067
1
1058
1
1057
1
1053
1
1056
1
397
2
408
1
455
2
478
2
519
1
563
1
600
1
657
1
673
2
708
1
751
1
756
2
780
1
793
1
798
2
821
1
839
2
843
2
875
2
891
2
873
1
846
1
825
2
806
1
789
1
794
1
767
1
778
2
767
2
747
2
736
1
772
2
766
2
774
1
769
1
747
1
740
1
719
2
700
1
705
1
729
2
752